fixation_duration,pupil_x,pupil_y,dispersion_x,dispersion_y,start_time,end_time,eeg_001,eeg_002,eeg_003,eeg_004,eeg_005,eeg_006,eeg_007,eeg_008,eeg_009,eeg_010,eeg_011,eeg_012,eeg_013,eeg_014,eeg_015,eeg_016,eeg_017,eeg_018,eeg_019,eeg_020,eeg_021,eeg_022,eeg_023,eeg_024,eeg_025,eeg_026,eeg_027,eeg_028,eeg_029,eeg_030,eeg_031,eeg_032,eeg_033,eeg_034,eeg_035,eeg_036,eeg_037,eeg_038,eeg_039,eeg_040,eeg_041,eeg_042,eeg_043,eeg_044,eeg_045,eeg_046,eeg_047,eeg_048,eeg_049,eeg_050,eeg_051,eeg_052,eeg_053,eeg_054,eeg_055,eeg_056,eeg_057,eeg_058,eeg_059,eeg_060,eeg_061,eeg_062,eeg_063,eeg_064,eeg_065,eeg_066,eeg_067,eeg_068,eeg_069,eeg_070,eeg_071,eeg_072,eeg_073,eeg_074,eeg_075,eeg_076,eeg_077,eeg_078,eeg_079,eeg_080,eeg_081,eeg_082,eeg_083,eeg_084,eeg_085,eeg_086,eeg_087,eeg_088,eeg_089,eeg_090,eeg_091,eeg_092,eeg_093,eeg_094,eeg_095,eeg_096,eeg_097,eeg_098,eeg_099,eeg_100,eeg_101,eeg_102,eeg_103,eeg_104,eeg_105,eeg_106,eeg_107,eeg_108,eeg_109,eeg_110,eeg_111,eeg_112,eeg_113,eeg_114,eeg_115,eeg_116,eeg_117,eeg_118,eeg_119,eeg_120,eeg_121,eeg_122,eeg_123,eeg_124,eeg_125,eeg_126,eeg_127,eeg_128,eeg_129,eeg_130,eeg_131,eeg_132,eeg_133,eeg_134,eeg_135,eeg_136,eeg_137,eeg_138,eeg_139,eeg_140,eeg_141,eeg_142,eeg_143,eeg_144,eeg_145,eeg_146,eeg_147,eeg_148,eeg_149,eeg_150,eeg_151,eeg_152,eeg_153,eeg_154,eeg_155,eeg_156,eeg_157,eeg_158,eeg_159,eeg_160,eeg_161,eeg_162,eeg_163,eeg_164,eeg_165,eeg_166,eeg_167,eeg_168,eeg_169,eeg_170,eeg_171,eeg_172,eeg_173,eeg_174,eeg_175,eeg_176,eeg_177,eeg_178,eeg_179,eeg_180,eeg_181,eeg_182,eeg_183,eeg_184,eeg_185,eeg_186,eeg_187,eeg_188,eeg_189,eeg_190,eeg_191,eeg_192,eeg_193,eeg_194,eeg_195,eeg_196,eeg_197,eeg_198,eeg_199,eeg_200,eeg_201,eeg_202,eeg_203,eeg_204,eeg_205,eeg_206,eeg_207,eeg_208,eeg_209,eeg_210,eeg_211,eeg_212,eeg_213,eeg_214,eeg_215,eeg_216,eeg_217,eeg_218,eeg_219,eeg_220,eeg_221,eeg_222,eeg_223,eeg_224,eeg_225,eeg_226,eeg_227,eeg_228,eeg_229,eeg_230,eeg_231,eeg_232,eeg_233,eeg_234,eeg_235,eeg_236,eeg_237,eeg_238,eeg_239,eeg_240,eeg_241,eeg_242,eeg_243,eeg_244,eeg_245,eeg_246,eeg_247,eeg_248,eeg_249,eeg_250,eeg_251,eeg_252,eeg_253,eeg_254,eeg_255,eeg_256
233.0,60.6,50.6,3.0,3.0,0.0,233.0,-1.069939,1.081112,-1.280584,1.757803,-1.367698,-1.569328,0.661922,-1.196115,-0.759135,1.222896,-1.444965,-0.116809,-1.283498,1.513262,-1.376027,-1.681246,1.108548,-1.375554,1.941079,-2.041797,-1.525307,0.798983,-1.324171,2.460617,1.678155,-2.160249,2.049689,-1.392848,-1.505415,-1.567864,-1.714607,1.056396,-1.446396,-1.641619,-1.584377,-0.973191,1.064185,-1.427968,-1.403085,-1.667782,-1.753105,0.90174,-1.380471,-0.062627,-1.577856,-1.718551,0.775886,-1.399726,0.871673,-1.374513,-1.652188,0.812787,-1.362365,1.941156,-1.131756,-1.77531,0.063241,-1.385261,1.563568,-1.211103,-1.484195,-1.397264,-1.300167,0.718913,-1.552214,0.891046,-1.657851,0.529064,-1.893088,-1.611407,-2.111408,-1.008543,-1.257367,-1.558598,-1.577215,0.483105,-1.102215,-1.470791,-1.817486,-1.808768,-1.995913,0.287448,-1.502608,-1.740307,-1.806662,-2.039652,0.545756,-1.482162,-1.9323,-1.843177,-1.992582,-0.074374,-1.470233,1.620998,-1.358089,-1.623653,-1.854395,-1.387833,1.276052,-1.569658,-0.136973,-0.673683,-1.353831,-0.889707,-1.581764,0.288235,-1.875975,-1.422869,-1.702935,-1.655629,0.895917,-1.657362,0.729508,-1.927067,-1.616642,-2.212902,-1.347537,-1.546779,-1.781336,-1.861323,0.646494,-1.148816,-1.357457,-1.855559,-1.93635,-1.682949,-1.577033,-1.41232,-1.727666,-1.933702,1.28121,-0.154572,-1.509458,-1.970538,-1.888891,-0.64419,-1.013903,-0.148896,-1.201223,1.909848,1.834488,-1.661447,-1.531804,-1.072006,-1.624902,-1.18606,-0.978818,-1.768086,-1.543571,-1.676452,0.605484,-1.770661,-1.641747,-1.794546,-1.748459,1.719886,-1.458802,0.240751,-1.899551,-1.756683,-1.359491,-1.099081,-1.524156,-1.717313,-1.801254,1.382728,1.425982,-0.977987,-1.592903,-1.800626,0.740656,-0.353946,-1.198026,-1.227318,-1.872463,-0.170338,-1.250003,-1.395554,-0.464356,-0.817634,1.73989,-1.728145,0.785952,1.470932,-1.913686,1.47673,-1.109458,-1.712483,-0.877833,-1.49392,1.240745,-0.470932,-1.811165,-1.354947,-1.671303,2.276735,-1.876604,-1.606614,-1.202629,-1.68238,1.662229,-1.140483,-1.398809,-1.931389,-1.863217,1.203176,0.253617,-0.414035,-1.579501,-1.676551,1.156992,1.499122,0.852041,-1.599785,-1.778694,-0.975523,0.725706,-1.036794,-0.535612,-1.7661,-1.301889,-1.454271,-0.539738,-0.196457,-1.512151,-1.380295,-1.614971,-1.2531,2.321091,-1.914785,-1.668302,-1.122188,-1.38653,1.661727,-1.33352,0.351528,-1.298291,-1.803381,0.357008,-1.828978,1.760402,-1.003364,0.086327,-1.820375,-1.806533,1.666208,-0.82275,1.583498,-1.97453,-1.876346,1.624131,-1.084294,-0.476197,-1.604478,-1.741335,1.632453
532.0,64.1,48.7,6.0,14.0,233.0,765.0,-1.051571,1.080186,-1.274299,1.823129,-1.363017,-1.560607,0.669553,-1.191017,-0.717204,1.209432,-1.436457,-0.108301,-1.275386,1.490313,-1.378497,-1.663726,1.110862,-1.374492,1.945277,-1.969361,-1.503948,0.812277,-1.32863,2.428586,1.635183,-2.11842,1.969348,-1.392627,-1.508453,-1.562221,-1.663702,1.040817,-1.444447,-1.64182,-1.580416,-0.921384,1.068565,-1.427476,-1.402164,-1.664386,-1.741825,0.917675,-1.380311,-0.093082,-1.573641,-1.709701,0.802267,-1.397852,0.860776,-1.377118,-1.632247,0.829708,-1.362405,1.936401,-1.161001,-1.753483,0.089248,-1.385456,1.570927,-1.220709,-1.452598,-1.371009,-1.306565,0.758981,-1.548645,0.90726,-1.636282,0.474211,-1.873291,-1.604642,-2.097999,-1.019501,-1.259511,-1.558199,-1.57401,0.503286,-1.117396,-1.468298,-1.81102,-1.799437,-1.981133,0.302702,-1.497484,-1.735097,-1.798912,-2.003857,0.585489,-1.475865,-1.919864,-1.832607,-1.972216,-0.020492,-1.46452,1.618671,-1.363389,-1.617255,-1.823724,-1.386029,1.278268,-1.573771,-0.146125,-0.604471,-1.353426,-0.862208,-1.581479,0.310444,-1.842909,-1.430367,-1.695682,-1.650038,0.911819,-1.633332,0.680847,-1.906885,-1.60966,-2.206233,-1.359911,-1.542667,-1.778494,-1.857718,0.652838,-1.118184,-1.35234,-1.84993,-1.927438,-1.674121,-1.584935,-1.404679,-1.719879,-1.924593,1.289354,-0.131017,-1.498325,-1.970759,-1.880861,-0.628325,-1.031609,-0.118274,-1.19765,1.878351,1.804022,-1.652292,-1.52666,-1.08588,-1.620733,-1.19887,-0.957563,-1.756886,-1.537327,-1.669174,0.579609,-1.73348,-1.639813,-1.785165,-1.739626,1.713136,-1.459842,0.197779,-1.890559,-1.749229,-1.42635,-1.107997,-1.51651,-1.717169,-1.794718,1.297927,1.409507,-0.975546,-1.599846,-1.797932,0.725489,-0.380729,-1.187494,-1.233768,-1.866732,-0.162194,-1.262372,-1.38842,-0.435089,-0.807781,1.765821,-1.733787,0.800754,1.484473,-1.904506,1.478888,-1.106318,-1.706142,-0.889042,-1.486204,1.254032,-0.465419,-1.800174,-1.358874,-1.665279,2.252539,-1.852082,-1.60503,-1.215742,-1.674334,1.670367,-1.143105,-1.399687,-1.920444,-1.852997,1.19856,0.211385,-0.408681,-1.584525,-1.67191,1.148021,1.491584,0.935114,-1.608926,-1.776258,-1.000705,0.740501,-1.014669,-0.571997,-1.766879,-1.267479,-1.433607,-0.533165,-0.206584,-1.517026,-1.382157,-1.593301,-1.24116,2.25583,-1.93451,-1.660344,-1.121638,-1.38396,1.596041,-1.327375,0.399316,-1.305456,-1.793653,0.295926,-1.819898,1.767532,-0.995997,0.103046,-1.83291,-1.79636,1.671068,-0.83028,1.570239,-1.967708,-1.866276,1.593138,-1.088731,-0.476669,-1.618139,-1.736204,1.600294
1695.0,68.3,56.9,7.0,20.0,4088.0,5783.0,-0.24853,-1.914973,1.001682,0.114723,0.186072,0.331305,-1.94272,1.051365,-0.510033,-1.229764,0.481622,-1.879346,0.73987,-2.083863,1.29808,0.635837,-1.772743,0.98416,-0.867284,0.950086,-0.256483,-1.877005,0.962214,-1.073586,-1.609101,0.145932,-0.470992,1.212054,1.192047,1.113644,-1.414185,-1.693232,0.968831,0.99535,1.144591,-1.798445,-1.701162,0.947666,0.638313,1.204434,0.696367,-1.667684,1.09357,0.872603,1.295753,1.260262,-1.743137,1.08594,0.903991,1.482189,-0.755053,-1.717178,1.0539,-1.227801,1.265856,0.361356,-1.883152,0.942316,-1.403968,1.560418,-0.662473,-0.923799,0.443007,-1.910405,1.488531,-1.929411,-0.134473,-2.105514,0.852664,1.302405,-1.138526,1.677015,1.309865,1.250379,1.180407,-2.019839,1.602943,0.917688,0.937119,0.758224,0.865387,-1.740229,0.6612,1.061871,0.93209,1.045643,-1.65448,0.521222,0.715093,0.958208,0.653562,-1.527879,0.931884,-1.255854,1.433184,0.736695,0.154263,1.030717,-1.21397,1.124497,-1.723858,-1.365436,1.028716,2.062802,1.287637,-1.88791,-0.099817,0.342744,1.336028,1.267607,-1.922833,-0.286512,-2.458877,0.76667,1.301539,-0.598784,1.295413,0.944323,1.033638,0.822077,-1.843568,-1.591496,0.878226,0.849036,0.542327,1.364632,1.333886,1.07864,1.121835,0.66208,-1.790221,-2.256266,0.550003,-0.503565,0.332633,0.99397,1.680478,-2.017863,1.647682,-0.805966,-1.377857,1.197087,0.935841,2.184248,1.227863,1.221828,-1.240152,0.991131,1.45819,1.281496,2.34527,-0.802355,1.147004,1.191722,1.209561,-1.400259,1.068791,-2.054379,0.966606,1.153986,2.354381,1.570009,1.004701,0.908152,1.003349,-0.157684,-1.405834,0.764092,0.825116,0.640162,-1.560135,2.205923,0.590724,0.866448,0.379687,-2.026935,0.525983,0.749352,1.52017,-2.057066,-0.81365,1.107507,-1.860638,1.127911,0.451149,-0.606003,0.906483,0.82013,1.872619,1.438301,-1.097471,1.784294,0.851153,1.348353,1.231657,0.54357,-0.532639,0.935049,1.419533,1.30114,-0.977663,1.558102,1.388519,0.956486,1.072245,-1.277895,2.057488,-1.563186,0.963595,1.000722,-1.211603,-0.736076,-0.962907,0.674939,0.705133,1.57832,-1.923441,0.81134,0.585057,0.467461,-1.485352,1.183996,0.871703,1.778389,1.336227,1.283485,1.075455,1.195919,0.490121,0.510151,0.804531,1.541189,0.755417,1.026727,1.482487,2.046244,0.803155,0.674812,-2.165838,1.140741,-0.936093,1.458285,-2.804826,0.700886,1.14544,-1.162802,1.729601,-1.3622,0.753863,1.038379,-0.317856,1.60821,-1.696465,0.310269,0.656868,-0.293726
299.0,60.9,50.4,6.0,5.0,25490.0,25789.0,-0.24853,-1.914973,1.001682,0.114723,0.186072,0.331305,-1.94272,1.051365,-0.510033,-1.229764,0.481622,-1.879346,0.73987,-2.083863,1.29808,0.635837,-1.772743,0.98416,-0.867284,0.950086,-0.256483,-1.877005,0.962214,-1.073586,-1.609101,0.145932,-0.470992,1.212054,1.192047,1.113644,-1.414185,-1.693232,0.968831,0.99535,1.144591,-1.798445,-1.701162,0.947666,0.638313,1.204434,0.696367,-1.667684,1.09357,0.872603,1.295753,1.260262,-1.743137,1.08594,0.903991,1.482189,-0.755053,-1.717178,1.0539,-1.227801,1.265856,0.361356,-1.883152,0.942316,-1.403968,1.560418,-0.662473,-0.923799,0.443007,-1.910405,1.488531,-1.929411,-0.134473,-2.105514,0.852664,1.302405,-1.138526,1.677015,1.309865,1.250379,1.180407,-2.019839,1.602943,0.917688,0.937119,0.758224,0.865387,-1.740229,0.6612,1.061871,0.93209,1.045643,-1.65448,0.521222,0.715093,0.958208,0.653562,-1.527879,0.931884,-1.255854,1.433184,0.736695,0.154263,1.030717,-1.21397,1.124497,-1.723858,-1.365436,1.028716,2.062802,1.287637,-1.88791,-0.099817,0.342744,1.336028,1.267607,-1.922833,-0.286512,-2.458877,0.76667,1.301539,-0.598784,1.295413,0.944323,1.033638,0.822077,-1.843568,-1.591496,0.878226,0.849036,0.542327,1.364632,1.333886,1.07864,1.121835,0.66208,-1.790221,-2.256266,0.550003,-0.503565,0.332633,0.99397,1.680478,-2.017863,1.647682,-0.805966,-1.377857,1.197087,0.935841,2.184248,1.227863,1.221828,-1.240152,0.991131,1.45819,1.281496,2.34527,-0.802355,1.147004,1.191722,1.209561,-1.400259,1.068791,-2.054379,0.966606,1.153986,2.354381,1.570009,1.004701,0.908152,1.003349,-0.157684,-1.405834,0.764092,0.825116,0.640162,-1.560135,2.205923,0.590724,0.866448,0.379687,-2.026935,0.525983,0.749352,1.52017,-2.057066,-0.81365,1.107507,-1.860638,1.127911,0.451149,-0.606003,0.906483,0.82013,1.872619,1.438301,-1.097471,1.784294,0.851153,1.348353,1.231657,0.54357,-0.532639,0.935049,1.419533,1.30114,-0.977663,1.558102,1.388519,0.956486,1.072245,-1.277895,2.057488,-1.563186,0.963595,1.000722,-1.211603,-0.736076,-0.962907,0.674939,0.705133,1.57832,-1.923441,0.81134,0.585057,0.467461,-1.485352,1.183996,0.871703,1.778389,1.336227,1.283485,1.075455,1.195919,0.490121,0.510151,0.804531,1.541189,0.755417,1.026727,1.482487,2.046244,0.803155,0.674812,-2.165838,1.140741,-0.936093,1.458285,-2.804826,0.700886,1.14544,-1.162802,1.729601,-1.3622,0.753863,1.038379,-0.317856,1.60821,-1.696465,0.310269,0.656868,-0.293726
99.0,68.0,55.7,0.0,3.0,25789.0,25888.0,-0.774105,0.424797,-1.113708,-0.768302,-0.632084,-0.864076,0.226138,-1.173335,-1.058173,0.48709,-0.9941,-0.095386,-1.14084,0.505716,-0.96447,-0.81562,0.738709,-0.970017,0.498951,-0.373099,-0.652345,0.731506,-1.014887,0.279831,0.730208,-0.474324,0.443352,-0.930224,-0.881855,-0.861744,0.143121,0.767843,-0.956802,-0.791535,-0.829095,0.367897,0.909801,-0.961699,-0.907375,-0.71744,-0.798721,0.953276,-0.963849,-1.451609,-0.703075,-0.771448,0.939863,-0.954013,-1.565793,-0.727136,-0.543606,0.987165,-0.979463,0.567932,-0.542089,-0.715242,0.45071,-0.980587,0.761981,-0.766077,-0.591185,-0.593148,-1.038242,1.261963,-0.714383,0.337245,-0.763011,-1.024693,-0.611498,-0.760405,1.038661,-0.893012,-0.938677,-0.806924,-0.813611,0.917771,-0.97261,-0.938719,-0.660712,-0.68139,-0.521177,0.882207,-0.941826,-0.693095,-0.672656,-0.586263,1.005268,-0.975287,-0.368456,-0.598601,-0.564027,0.773166,-0.940347,0.736322,-0.816244,-0.895129,-0.622136,-0.968782,0.986226,-0.703244,0.649547,0.527595,-0.985711,-0.179228,-0.736604,0.259802,-0.677517,-0.967888,-0.682026,-0.741085,0.341978,-0.705758,-0.669779,-0.575229,-0.758729,0.06819,-0.899658,-0.862171,-0.697701,-0.602721,0.978534,0.484149,-1.001733,-0.612477,-0.524932,-0.915083,-0.811717,-0.938126,-0.717674,-0.569735,0.812121,0.677172,-0.94695,-0.269346,-0.548536,-1.56194,-0.943561,0.698386,-0.974391,0.767066,0.595455,-0.78835,-0.880158,-0.638302,-0.754349,-1.023485,0.11937,-0.740696,-0.742693,-0.724191,-1.212934,-0.229196,-0.785129,-0.639728,-0.695249,0.251218,-0.892449,0.529369,-0.539508,-0.665609,-0.61255,-0.939654,-0.928525,-0.731986,-0.646884,0.732772,0.646919,-1.157278,-0.841641,-0.671142,1.204902,-0.868668,-1.10115,-0.981246,-0.568154,0.742653,-1.09235,-0.969373,-0.923342,0.663643,0.411914,-0.489981,1.042124,0.203812,-0.409253,1.071744,-0.829301,-0.782614,-0.926774,-0.72874,0.962579,-0.029273,-0.707465,-0.862691,-0.729896,-0.314584,-0.366318,-0.777545,-0.910304,-0.704787,0.630089,-0.963706,-0.879053,-0.566302,-0.622558,0.907595,-0.196688,-0.942728,-0.813263,-0.767686,0.968147,0.797954,-1.8353,-0.732122,-0.675386,-0.620091,0.824251,-1.176928,-1.152622,-0.647564,0.340974,-1.014601,-1.243796,-1.162278,-0.775709,-0.933799,-0.804601,-0.99797,-0.115916,-0.226826,-0.766347,-0.889275,-0.960579,-0.929198,-0.848307,0.222306,-0.986001,-0.652894,1.065646,-0.58831,0.664496,-0.899737,0.591804,-0.531135,-0.640268,0.333773,-1.004921,-0.242066,-0.501796,-0.598821,0.840295,-0.922735,-0.336105,-0.794041,-0.726441,0.844475
99.0,66.7,53.3,1.0,1.0,25888.0,25987.0,-0.24853,-1.914973,1.001682,0.114723,0.186072,0.331305,-1.94272,1.051365,-0.510033,-1.229764,0.481622,-1.879346,0.73987,-2.083863,1.29808,0.635837,-1.772743,0.98416,-0.867284,0.950086,-0.256483,-1.877005,0.962214,-1.073586,-1.609101,0.145932,-0.470992,1.212054,1.192047,1.113644,-1.414185,-1.693232,0.968831,0.99535,1.144591,-1.798445,-1.701162,0.947666,0.638313,1.204434,0.696367,-1.667684,1.09357,0.872603,1.295753,1.260262,-1.743137,1.08594,0.903991,1.482189,-0.755053,-1.717178,1.0539,-1.227801,1.265856,0.361356,-1.883152,0.942316,-1.403968,1.560418,-0.662473,-0.923799,0.443007,-1.910405,1.488531,-1.929411,-0.134473,-2.105514,0.852664,1.302405,-1.138526,1.677015,1.309865,1.250379,1.180407,-2.019839,1.602943,0.917688,0.937119,0.758224,0.865387,-1.740229,0.6612,1.061871,0.93209,1.045643,-1.65448,0.521222,0.715093,0.958208,0.653562,-1.527879,0.931884,-1.255854,1.433184,0.736695,0.154263,1.030717,-1.21397,1.124497,-1.723858,-1.365436,1.028716,2.062802,1.287637,-1.88791,-0.099817,0.342744,1.336028,1.267607,-1.922833,-0.286512,-2.458877,0.76667,1.301539,-0.598784,1.295413,0.944323,1.033638,0.822077,-1.843568,-1.591496,0.878226,0.849036,0.542327,1.364632,1.333886,1.07864,1.121835,0.66208,-1.790221,-2.256266,0.550003,-0.503565,0.332633,0.99397,1.680478,-2.017863,1.647682,-0.805966,-1.377857,1.197087,0.935841,2.184248,1.227863,1.221828,-1.240152,0.991131,1.45819,1.281496,2.34527,-0.802355,1.147004,1.191722,1.209561,-1.400259,1.068791,-2.054379,0.966606,1.153986,2.354381,1.570009,1.004701,0.908152,1.003349,-0.157684,-1.405834,0.764092,0.825116,0.640162,-1.560135,2.205923,0.590724,0.866448,0.379687,-2.026935,0.525983,0.749352,1.52017,-2.057066,-0.81365,1.107507,-1.860638,1.127911,0.451149,-0.606003,0.906483,0.82013,1.872619,1.438301,-1.097471,1.784294,0.851153,1.348353,1.231657,0.54357,-0.532639,0.935049,1.419533,1.30114,-0.977663,1.558102,1.388519,0.956486,1.072245,-1.277895,2.057488,-1.563186,0.963595,1.000722,-1.211603,-0.736076,-0.962907,0.674939,0.705133,1.57832,-1.923441,0.81134,0.585057,0.467461,-1.485352,1.183996,0.871703,1.778389,1.336227,1.283485,1.075455,1.195919,0.490121,0.510151,0.804531,1.541189,0.755417,1.026727,1.482487,2.046244,0.803155,0.674812,-2.165838,1.140741,-0.936093,1.458285,-2.804826,0.700886,1.14544,-1.162802,1.729601,-1.3622,0.753863,1.038379,-0.317856,1.60821,-1.696465,0.310269,0.656868,-0.293726
332.0,68.2,55.8,18.0,10.0,25987.0,26319.0,-0.24853,-1.914973,1.001682,0.114723,0.186072,0.331305,-1.94272,1.051365,-0.510033,-1.229764,0.481622,-1.879346,0.73987,-2.083863,1.29808,0.635837,-1.772743,0.98416,-0.867284,0.950086,-0.256483,-1.877005,0.962214,-1.073586,-1.609101,0.145932,-0.470992,1.212054,1.192047,1.113644,-1.414185,-1.693232,0.968831,0.99535,1.144591,-1.798445,-1.701162,0.947666,0.638313,1.204434,0.696367,-1.667684,1.09357,0.872603,1.295753,1.260262,-1.743137,1.08594,0.903991,1.482189,-0.755053,-1.717178,1.0539,-1.227801,1.265856,0.361356,-1.883152,0.942316,-1.403968,1.560418,-0.662473,-0.923799,0.443007,-1.910405,1.488531,-1.929411,-0.134473,-2.105514,0.852664,1.302405,-1.138526,1.677015,1.309865,1.250379,1.180407,-2.019839,1.602943,0.917688,0.937119,0.758224,0.865387,-1.740229,0.6612,1.061871,0.93209,1.045643,-1.65448,0.521222,0.715093,0.958208,0.653562,-1.527879,0.931884,-1.255854,1.433184,0.736695,0.154263,1.030717,-1.21397,1.124497,-1.723858,-1.365436,1.028716,2.062802,1.287637,-1.88791,-0.099817,0.342744,1.336028,1.267607,-1.922833,-0.286512,-2.458877,0.76667,1.301539,-0.598784,1.295413,0.944323,1.033638,0.822077,-1.843568,-1.591496,0.878226,0.849036,0.542327,1.364632,1.333886,1.07864,1.121835,0.66208,-1.790221,-2.256266,0.550003,-0.503565,0.332633,0.99397,1.680478,-2.017863,1.647682,-0.805966,-1.377857,1.197087,0.935841,2.184248,1.227863,1.221828,-1.240152,0.991131,1.45819,1.281496,2.34527,-0.802355,1.147004,1.191722,1.209561,-1.400259,1.068791,-2.054379,0.966606,1.153986,2.354381,1.570009,1.004701,0.908152,1.003349,-0.157684,-1.405834,0.764092,0.825116,0.640162,-1.560135,2.205923,0.590724,0.866448,0.379687,-2.026935,0.525983,0.749352,1.52017,-2.057066,-0.81365,1.107507,-1.860638,1.127911,0.451149,-0.606003,0.906483,0.82013,1.872619,1.438301,-1.097471,1.784294,0.851153,1.348353,1.231657,0.54357,-0.532639,0.935049,1.419533,1.30114,-0.977663,1.558102,1.388519,0.956486,1.072245,-1.277895,2.057488,-1.563186,0.963595,1.000722,-1.211603,-0.736076,-0.962907,0.674939,0.705133,1.57832,-1.923441,0.81134,0.585057,0.467461,-1.485352,1.183996,0.871703,1.778389,1.336227,1.283485,1.075455,1.195919,0.490121,0.510151,0.804531,1.541189,0.755417,1.026727,1.482487,2.046244,0.803155,0.674812,-2.165838,1.140741,-0.936093,1.458285,-2.804826,0.700886,1.14544,-1.162802,1.729601,-1.3622,0.753863,1.038379,-0.317856,1.60821,-1.696465,0.310269,0.656868,-0.293726
498.0,67.7,54.7,3.0,10.0,26319.0,26817.0,-0.24853,-1.914973,1.001682,0.114723,0.186072,0.331305,-1.94272,1.051365,-0.510033,-1.229764,0.481622,-1.879346,0.73987,-2.083863,1.29808,0.635837,-1.772743,0.98416,-0.867284,0.950086,-0.256483,-1.877005,0.962214,-1.073586,-1.609101,0.145932,-0.470992,1.212054,1.192047,1.113644,-1.414185,-1.693232,0.968831,0.99535,1.144591,-1.798445,-1.701162,0.947666,0.638313,1.204434,0.696367,-1.667684,1.09357,0.872603,1.295753,1.260262,-1.743137,1.08594,0.903991,1.482189,-0.755053,-1.717178,1.0539,-1.227801,1.265856,0.361356,-1.883152,0.942316,-1.403968,1.560418,-0.662473,-0.923799,0.443007,-1.910405,1.488531,-1.929411,-0.134473,-2.105514,0.852664,1.302405,-1.138526,1.677015,1.309865,1.250379,1.180407,-2.019839,1.602943,0.917688,0.937119,0.758224,0.865387,-1.740229,0.6612,1.061871,0.93209,1.045643,-1.65448,0.521222,0.715093,0.958208,0.653562,-1.527879,0.931884,-1.255854,1.433184,0.736695,0.154263,1.030717,-1.21397,1.124497,-1.723858,-1.365436,1.028716,2.062802,1.287637,-1.88791,-0.099817,0.342744,1.336028,1.267607,-1.922833,-0.286512,-2.458877,0.76667,1.301539,-0.598784,1.295413,0.944323,1.033638,0.822077,-1.843568,-1.591496,0.878226,0.849036,0.542327,1.364632,1.333886,1.07864,1.121835,0.66208,-1.790221,-2.256266,0.550003,-0.503565,0.332633,0.99397,1.680478,-2.017863,1.647682,-0.805966,-1.377857,1.197087,0.935841,2.184248,1.227863,1.221828,-1.240152,0.991131,1.45819,1.281496,2.34527,-0.802355,1.147004,1.191722,1.209561,-1.400259,1.068791,-2.054379,0.966606,1.153986,2.354381,1.570009,1.004701,0.908152,1.003349,-0.157684,-1.405834,0.764092,0.825116,0.640162,-1.560135,2.205923,0.590724,0.866448,0.379687,-2.026935,0.525983,0.749352,1.52017,-2.057066,-0.81365,1.107507,-1.860638,1.127911,0.451149,-0.606003,0.906483,0.82013,1.872619,1.438301,-1.097471,1.784294,0.851153,1.348353,1.231657,0.54357,-0.532639,0.935049,1.419533,1.30114,-0.977663,1.558102,1.388519,0.956486,1.072245,-1.277895,2.057488,-1.563186,0.963595,1.000722,-1.211603,-0.736076,-0.962907,0.674939,0.705133,1.57832,-1.923441,0.81134,0.585057,0.467461,-1.485352,1.183996,0.871703,1.778389,1.336227,1.283485,1.075455,1.195919,0.490121,0.510151,0.804531,1.541189,0.755417,1.026727,1.482487,2.046244,0.803155,0.674812,-2.165838,1.140741,-0.936093,1.458285,-2.804826,0.700886,1.14544,-1.162802,1.729601,-1.3622,0.753863,1.038379,-0.317856,1.60821,-1.696465,0.310269,0.656868,-0.293726
1298.0,72.6,58.3,10.0,16.0,26817.0,28115.0,-0.24853,-1.914973,1.001682,0.114723,0.186072,0.331305,-1.94272,1.051365,-0.510033,-1.229764,0.481622,-1.879346,0.73987,-2.083863,1.29808,0.635837,-1.772743,0.98416,-0.867284,0.950086,-0.256483,-1.877005,0.962214,-1.073586,-1.609101,0.145932,-0.470992,1.212054,1.192047,1.113644,-1.414185,-1.693232,0.968831,0.99535,1.144591,-1.798445,-1.701162,0.947666,0.638313,1.204434,0.696367,-1.667684,1.09357,0.872603,1.295753,1.260262,-1.743137,1.08594,0.903991,1.482189,-0.755053,-1.717178,1.0539,-1.227801,1.265856,0.361356,-1.883152,0.942316,-1.403968,1.560418,-0.662473,-0.923799,0.443007,-1.910405,1.488531,-1.929411,-0.134473,-2.105514,0.852664,1.302405,-1.138526,1.677015,1.309865,1.250379,1.180407,-2.019839,1.602943,0.917688,0.937119,0.758224,0.865387,-1.740229,0.6612,1.061871,0.93209,1.045643,-1.65448,0.521222,0.715093,0.958208,0.653562,-1.527879,0.931884,-1.255854,1.433184,0.736695,0.154263,1.030717,-1.21397,1.124497,-1.723858,-1.365436,1.028716,2.062802,1.287637,-1.88791,-0.099817,0.342744,1.336028,1.267607,-1.922833,-0.286512,-2.458877,0.76667,1.301539,-0.598784,1.295413,0.944323,1.033638,0.822077,-1.843568,-1.591496,0.878226,0.849036,0.542327,1.364632,1.333886,1.07864,1.121835,0.66208,-1.790221,-2.256266,0.550003,-0.503565,0.332633,0.99397,1.680478,-2.017863,1.647682,-0.805966,-1.377857,1.197087,0.935841,2.184248,1.227863,1.221828,-1.240152,0.991131,1.45819,1.281496,2.34527,-0.802355,1.147004,1.191722,1.209561,-1.400259,1.068791,-2.054379,0.966606,1.153986,2.354381,1.570009,1.004701,0.908152,1.003349,-0.157684,-1.405834,0.764092,0.825116,0.640162,-1.560135,2.205923,0.590724,0.866448,0.379687,-2.026935,0.525983,0.749352,1.52017,-2.057066,-0.81365,1.107507,-1.860638,1.127911,0.451149,-0.606003,0.906483,0.82013,1.872619,1.438301,-1.097471,1.784294,0.851153,1.348353,1.231657,0.54357,-0.532639,0.935049,1.419533,1.30114,-0.977663,1.558102,1.388519,0.956486,1.072245,-1.277895,2.057488,-1.563186,0.963595,1.000722,-1.211603,-0.736076,-0.962907,0.674939,0.705133,1.57832,-1.923441,0.81134,0.585057,0.467461,-1.485352,1.183996,0.871703,1.778389,1.336227,1.283485,1.075455,1.195919,0.490121,0.510151,0.804531,1.541189,0.755417,1.026727,1.482487,2.046244,0.803155,0.674812,-2.165838,1.140741,-0.936093,1.458285,-2.804826,0.700886,1.14544,-1.162802,1.729601,-1.3622,0.753863,1.038379,-0.317856,1.60821,-1.696465,0.310269,0.656868,-0.293726
133.0,66.5,53.3,3.0,3.0,28115.0,28248.0,-0.24853,-1.914973,1.001682,0.114723,0.186072,0.331305,-1.94272,1.051365,-0.510033,-1.229764,0.481622,-1.879346,0.73987,-2.083863,1.29808,0.635837,-1.772743,0.98416,-0.867284,0.950086,-0.256483,-1.877005,0.962214,-1.073586,-1.609101,0.145932,-0.470992,1.212054,1.192047,1.113644,-1.414185,-1.693232,0.968831,0.99535,1.144591,-1.798445,-1.701162,0.947666,0.638313,1.204434,0.696367,-1.667684,1.09357,0.872603,1.295753,1.260262,-1.743137,1.08594,0.903991,1.482189,-0.755053,-1.717178,1.0539,-1.227801,1.265856,0.361356,-1.883152,0.942316,-1.403968,1.560418,-0.662473,-0.923799,0.443007,-1.910405,1.488531,-1.929411,-0.134473,-2.105514,0.852664,1.302405,-1.138526,1.677015,1.309865,1.250379,1.180407,-2.019839,1.602943,0.917688,0.937119,0.758224,0.865387,-1.740229,0.6612,1.061871,0.93209,1.045643,-1.65448,0.521222,0.715093,0.958208,0.653562,-1.527879,0.931884,-1.255854,1.433184,0.736695,0.154263,1.030717,-1.21397,1.124497,-1.723858,-1.365436,1.028716,2.062802,1.287637,-1.88791,-0.099817,0.342744,1.336028,1.267607,-1.922833,-0.286512,-2.458877,0.76667,1.301539,-0.598784,1.295413,0.944323,1.033638,0.822077,-1.843568,-1.591496,0.878226,0.849036,0.542327,1.364632,1.333886,1.07864,1.121835,0.66208,-1.790221,-2.256266,0.550003,-0.503565,0.332633,0.99397,1.680478,-2.017863,1.647682,-0.805966,-1.377857,1.197087,0.935841,2.184248,1.227863,1.221828,-1.240152,0.991131,1.45819,1.281496,2.34527,-0.802355,1.147004,1.191722,1.209561,-1.400259,1.068791,-2.054379,0.966606,1.153986,2.354381,1.570009,1.004701,0.908152,1.003349,-0.157684,-1.405834,0.764092,0.825116,0.640162,-1.560135,2.205923,0.590724,0.866448,0.379687,-2.026935,0.525983,0.749352,1.52017,-2.057066,-0.81365,1.107507,-1.860638,1.127911,0.451149,-0.606003,0.906483,0.82013,1.872619,1.438301,-1.097471,1.784294,0.851153,1.348353,1.231657,0.54357,-0.532639,0.935049,1.419533,1.30114,-0.977663,1.558102,1.388519,0.956486,1.072245,-1.277895,2.057488,-1.563186,0.963595,1.000722,-1.211603,-0.736076,-0.962907,0.674939,0.705133,1.57832,-1.923441,0.81134,0.585057,0.467461,-1.485352,1.183996,0.871703,1.778389,1.336227,1.283485,1.075455,1.195919,0.490121,0.510151,0.804531,1.541189,0.755417,1.026727,1.482487,2.046244,0.803155,0.674812,-2.165838,1.140741,-0.936093,1.458285,-2.804826,0.700886,1.14544,-1.162802,1.729601,-1.3622,0.753863,1.038379,-0.317856,1.60821,-1.696465,0.310269,0.656868,-0.293726
133.0,62.3,51.0,2.0,4.0,28248.0,28381.0,-0.24853,-1.914973,1.001682,0.114723,0.186072,0.331305,-1.94272,1.051365,-0.510033,-1.229764,0.481622,-1.879346,0.73987,-2.083863,1.29808,0.635837,-1.772743,0.98416,-0.867284,0.950086,-0.256483,-1.877005,0.962214,-1.073586,-1.609101,0.145932,-0.470992,1.212054,1.192047,1.113644,-1.414185,-1.693232,0.968831,0.99535,1.144591,-1.798445,-1.701162,0.947666,0.638313,1.204434,0.696367,-1.667684,1.09357,0.872603,1.295753,1.260262,-1.743137,1.08594,0.903991,1.482189,-0.755053,-1.717178,1.0539,-1.227801,1.265856,0.361356,-1.883152,0.942316,-1.403968,1.560418,-0.662473,-0.923799,0.443007,-1.910405,1.488531,-1.929411,-0.134473,-2.105514,0.852664,1.302405,-1.138526,1.677015,1.309865,1.250379,1.180407,-2.019839,1.602943,0.917688,0.937119,0.758224,0.865387,-1.740229,0.6612,1.061871,0.93209,1.045643,-1.65448,0.521222,0.715093,0.958208,0.653562,-1.527879,0.931884,-1.255854,1.433184,0.736695,0.154263,1.030717,-1.21397,1.124497,-1.723858,-1.365436,1.028716,2.062802,1.287637,-1.88791,-0.099817,0.342744,1.336028,1.267607,-1.922833,-0.286512,-2.458877,0.76667,1.301539,-0.598784,1.295413,0.944323,1.033638,0.822077,-1.843568,-1.591496,0.878226,0.849036,0.542327,1.364632,1.333886,1.07864,1.121835,0.66208,-1.790221,-2.256266,0.550003,-0.503565,0.332633,0.99397,1.680478,-2.017863,1.647682,-0.805966,-1.377857,1.197087,0.935841,2.184248,1.227863,1.221828,-1.240152,0.991131,1.45819,1.281496,2.34527,-0.802355,1.147004,1.191722,1.209561,-1.400259,1.068791,-2.054379,0.966606,1.153986,2.354381,1.570009,1.004701,0.908152,1.003349,-0.157684,-1.405834,0.764092,0.825116,0.640162,-1.560135,2.205923,0.590724,0.866448,0.379687,-2.026935,0.525983,0.749352,1.52017,-2.057066,-0.81365,1.107507,-1.860638,1.127911,0.451149,-0.606003,0.906483,0.82013,1.872619,1.438301,-1.097471,1.784294,0.851153,1.348353,1.231657,0.54357,-0.532639,0.935049,1.419533,1.30114,-0.977663,1.558102,1.388519,0.956486,1.072245,-1.277895,2.057488,-1.563186,0.963595,1.000722,-1.211603,-0.736076,-0.962907,0.674939,0.705133,1.57832,-1.923441,0.81134,0.585057,0.467461,-1.485352,1.183996,0.871703,1.778389,1.336227,1.283485,1.075455,1.195919,0.490121,0.510151,0.804531,1.541189,0.755417,1.026727,1.482487,2.046244,0.803155,0.674812,-2.165838,1.140741,-0.936093,1.458285,-2.804826,0.700886,1.14544,-1.162802,1.729601,-1.3622,0.753863,1.038379,-0.317856,1.60821,-1.696465,0.310269,0.656868,-0.293726
65.0,63.5,53.0,3.0,3.0,28381.0,28446.0,-0.24853,-1.914973,1.001682,0.114723,0.186072,0.331305,-1.94272,1.051365,-0.510033,-1.229764,0.481622,-1.879346,0.73987,-2.083863,1.29808,0.635837,-1.772743,0.98416,-0.867284,0.950086,-0.256483,-1.877005,0.962214,-1.073586,-1.609101,0.145932,-0.470992,1.212054,1.192047,1.113644,-1.414185,-1.693232,0.968831,0.99535,1.144591,-1.798445,-1.701162,0.947666,0.638313,1.204434,0.696367,-1.667684,1.09357,0.872603,1.295753,1.260262,-1.743137,1.08594,0.903991,1.482189,-0.755053,-1.717178,1.0539,-1.227801,1.265856,0.361356,-1.883152,0.942316,-1.403968,1.560418,-0.662473,-0.923799,0.443007,-1.910405,1.488531,-1.929411,-0.134473,-2.105514,0.852664,1.302405,-1.138526,1.677015,1.309865,1.250379,1.180407,-2.019839,1.602943,0.917688,0.937119,0.758224,0.865387,-1.740229,0.6612,1.061871,0.93209,1.045643,-1.65448,0.521222,0.715093,0.958208,0.653562,-1.527879,0.931884,-1.255854,1.433184,0.736695,0.154263,1.030717,-1.21397,1.124497,-1.723858,-1.365436,1.028716,2.062802,1.287637,-1.88791,-0.099817,0.342744,1.336028,1.267607,-1.922833,-0.286512,-2.458877,0.76667,1.301539,-0.598784,1.295413,0.944323,1.033638,0.822077,-1.843568,-1.591496,0.878226,0.849036,0.542327,1.364632,1.333886,1.07864,1.121835,0.66208,-1.790221,-2.256266,0.550003,-0.503565,0.332633,0.99397,1.680478,-2.017863,1.647682,-0.805966,-1.377857,1.197087,0.935841,2.184248,1.227863,1.221828,-1.240152,0.991131,1.45819,1.281496,2.34527,-0.802355,1.147004,1.191722,1.209561,-1.400259,1.068791,-2.054379,0.966606,1.153986,2.354381,1.570009,1.004701,0.908152,1.003349,-0.157684,-1.405834,0.764092,0.825116,0.640162,-1.560135,2.205923,0.590724,0.866448,0.379687,-2.026935,0.525983,0.749352,1.52017,-2.057066,-0.81365,1.107507,-1.860638,1.127911,0.451149,-0.606003,0.906483,0.82013,1.872619,1.438301,-1.097471,1.784294,0.851153,1.348353,1.231657,0.54357,-0.532639,0.935049,1.419533,1.30114,-0.977663,1.558102,1.388519,0.956486,1.072245,-1.277895,2.057488,-1.563186,0.963595,1.000722,-1.211603,-0.736076,-0.962907,0.674939,0.705133,1.57832,-1.923441,0.81134,0.585057,0.467461,-1.485352,1.183996,0.871703,1.778389,1.336227,1.283485,1.075455,1.195919,0.490121,0.510151,0.804531,1.541189,0.755417,1.026727,1.482487,2.046244,0.803155,0.674812,-2.165838,1.140741,-0.936093,1.458285,-2.804826,0.700886,1.14544,-1.162802,1.729601,-1.3622,0.753863,1.038379,-0.317856,1.60821,-1.696465,0.310269,0.656868,-0.293726
266.0,64.9,54.8,3.0,5.0,28446.0,28712.0,-0.24853,-1.914973,1.001682,0.114723,0.186072,0.331305,-1.94272,1.051365,-0.510033,-1.229764,0.481622,-1.879346,0.73987,-2.083863,1.29808,0.635837,-1.772743,0.98416,-0.867284,0.950086,-0.256483,-1.877005,0.962214,-1.073586,-1.609101,0.145932,-0.470992,1.212054,1.192047,1.113644,-1.414185,-1.693232,0.968831,0.99535,1.144591,-1.798445,-1.701162,0.947666,0.638313,1.204434,0.696367,-1.667684,1.09357,0.872603,1.295753,1.260262,-1.743137,1.08594,0.903991,1.482189,-0.755053,-1.717178,1.0539,-1.227801,1.265856,0.361356,-1.883152,0.942316,-1.403968,1.560418,-0.662473,-0.923799,0.443007,-1.910405,1.488531,-1.929411,-0.134473,-2.105514,0.852664,1.302405,-1.138526,1.677015,1.309865,1.250379,1.180407,-2.019839,1.602943,0.917688,0.937119,0.758224,0.865387,-1.740229,0.6612,1.061871,0.93209,1.045643,-1.65448,0.521222,0.715093,0.958208,0.653562,-1.527879,0.931884,-1.255854,1.433184,0.736695,0.154263,1.030717,-1.21397,1.124497,-1.723858,-1.365436,1.028716,2.062802,1.287637,-1.88791,-0.099817,0.342744,1.336028,1.267607,-1.922833,-0.286512,-2.458877,0.76667,1.301539,-0.598784,1.295413,0.944323,1.033638,0.822077,-1.843568,-1.591496,0.878226,0.849036,0.542327,1.364632,1.333886,1.07864,1.121835,0.66208,-1.790221,-2.256266,0.550003,-0.503565,0.332633,0.99397,1.680478,-2.017863,1.647682,-0.805966,-1.377857,1.197087,0.935841,2.184248,1.227863,1.221828,-1.240152,0.991131,1.45819,1.281496,2.34527,-0.802355,1.147004,1.191722,1.209561,-1.400259,1.068791,-2.054379,0.966606,1.153986,2.354381,1.570009,1.004701,0.908152,1.003349,-0.157684,-1.405834,0.764092,0.825116,0.640162,-1.560135,2.205923,0.590724,0.866448,0.379687,-2.026935,0.525983,0.749352,1.52017,-2.057066,-0.81365,1.107507,-1.860638,1.127911,0.451149,-0.606003,0.906483,0.82013,1.872619,1.438301,-1.097471,1.784294,0.851153,1.348353,1.231657,0.54357,-0.532639,0.935049,1.419533,1.30114,-0.977663,1.558102,1.388519,0.956486,1.072245,-1.277895,2.057488,-1.563186,0.963595,1.000722,-1.211603,-0.736076,-0.962907,0.674939,0.705133,1.57832,-1.923441,0.81134,0.585057,0.467461,-1.485352,1.183996,0.871703,1.778389,1.336227,1.283485,1.075455,1.195919,0.490121,0.510151,0.804531,1.541189,0.755417,1.026727,1.482487,2.046244,0.803155,0.674812,-2.165838,1.140741,-0.936093,1.458285,-2.804826,0.700886,1.14544,-1.162802,1.729601,-1.3622,0.753863,1.038379,-0.317856,1.60821,-1.696465,0.310269,0.656868,-0.293726
99.0,72.0,61.3,3.0,1.0,5783.0,5882.0,-0.24853,-1.914973,1.001682,0.114723,0.186072,0.331305,-1.94272,1.051365,-0.510033,-1.229764,0.481622,-1.879346,0.73987,-2.083863,1.29808,0.635837,-1.772743,0.98416,-0.867284,0.950086,-0.256483,-1.877005,0.962214,-1.073586,-1.609101,0.145932,-0.470992,1.212054,1.192047,1.113644,-1.414185,-1.693232,0.968831,0.99535,1.144591,-1.798445,-1.701162,0.947666,0.638313,1.204434,0.696367,-1.667684,1.09357,0.872603,1.295753,1.260262,-1.743137,1.08594,0.903991,1.482189,-0.755053,-1.717178,1.0539,-1.227801,1.265856,0.361356,-1.883152,0.942316,-1.403968,1.560418,-0.662473,-0.923799,0.443007,-1.910405,1.488531,-1.929411,-0.134473,-2.105514,0.852664,1.302405,-1.138526,1.677015,1.309865,1.250379,1.180407,-2.019839,1.602943,0.917688,0.937119,0.758224,0.865387,-1.740229,0.6612,1.061871,0.93209,1.045643,-1.65448,0.521222,0.715093,0.958208,0.653562,-1.527879,0.931884,-1.255854,1.433184,0.736695,0.154263,1.030717,-1.21397,1.124497,-1.723858,-1.365436,1.028716,2.062802,1.287637,-1.88791,-0.099817,0.342744,1.336028,1.267607,-1.922833,-0.286512,-2.458877,0.76667,1.301539,-0.598784,1.295413,0.944323,1.033638,0.822077,-1.843568,-1.591496,0.878226,0.849036,0.542327,1.364632,1.333886,1.07864,1.121835,0.66208,-1.790221,-2.256266,0.550003,-0.503565,0.332633,0.99397,1.680478,-2.017863,1.647682,-0.805966,-1.377857,1.197087,0.935841,2.184248,1.227863,1.221828,-1.240152,0.991131,1.45819,1.281496,2.34527,-0.802355,1.147004,1.191722,1.209561,-1.400259,1.068791,-2.054379,0.966606,1.153986,2.354381,1.570009,1.004701,0.908152,1.003349,-0.157684,-1.405834,0.764092,0.825116,0.640162,-1.560135,2.205923,0.590724,0.866448,0.379687,-2.026935,0.525983,0.749352,1.52017,-2.057066,-0.81365,1.107507,-1.860638,1.127911,0.451149,-0.606003,0.906483,0.82013,1.872619,1.438301,-1.097471,1.784294,0.851153,1.348353,1.231657,0.54357,-0.532639,0.935049,1.419533,1.30114,-0.977663,1.558102,1.388519,0.956486,1.072245,-1.277895,2.057488,-1.563186,0.963595,1.000722,-1.211603,-0.736076,-0.962907,0.674939,0.705133,1.57832,-1.923441,0.81134,0.585057,0.467461,-1.485352,1.183996,0.871703,1.778389,1.336227,1.283485,1.075455,1.195919,0.490121,0.510151,0.804531,1.541189,0.755417,1.026727,1.482487,2.046244,0.803155,0.674812,-2.165838,1.140741,-0.936093,1.458285,-2.804826,0.700886,1.14544,-1.162802,1.729601,-1.3622,0.753863,1.038379,-0.317856,1.60821,-1.696465,0.310269,0.656868,-0.293726
499.0,70.5,57.6,6.0,21.0,28712.0,29211.0,-0.24853,-1.914973,1.001682,0.114723,0.186072,0.331305,-1.94272,1.051365,-0.510033,-1.229764,0.481622,-1.879346,0.73987,-2.083863,1.29808,0.635837,-1.772743,0.98416,-0.867284,0.950086,-0.256483,-1.877005,0.962214,-1.073586,-1.609101,0.145932,-0.470992,1.212054,1.192047,1.113644,-1.414185,-1.693232,0.968831,0.99535,1.144591,-1.798445,-1.701162,0.947666,0.638313,1.204434,0.696367,-1.667684,1.09357,0.872603,1.295753,1.260262,-1.743137,1.08594,0.903991,1.482189,-0.755053,-1.717178,1.0539,-1.227801,1.265856,0.361356,-1.883152,0.942316,-1.403968,1.560418,-0.662473,-0.923799,0.443007,-1.910405,1.488531,-1.929411,-0.134473,-2.105514,0.852664,1.302405,-1.138526,1.677015,1.309865,1.250379,1.180407,-2.019839,1.602943,0.917688,0.937119,0.758224,0.865387,-1.740229,0.6612,1.061871,0.93209,1.045643,-1.65448,0.521222,0.715093,0.958208,0.653562,-1.527879,0.931884,-1.255854,1.433184,0.736695,0.154263,1.030717,-1.21397,1.124497,-1.723858,-1.365436,1.028716,2.062802,1.287637,-1.88791,-0.099817,0.342744,1.336028,1.267607,-1.922833,-0.286512,-2.458877,0.76667,1.301539,-0.598784,1.295413,0.944323,1.033638,0.822077,-1.843568,-1.591496,0.878226,0.849036,0.542327,1.364632,1.333886,1.07864,1.121835,0.66208,-1.790221,-2.256266,0.550003,-0.503565,0.332633,0.99397,1.680478,-2.017863,1.647682,-0.805966,-1.377857,1.197087,0.935841,2.184248,1.227863,1.221828,-1.240152,0.991131,1.45819,1.281496,2.34527,-0.802355,1.147004,1.191722,1.209561,-1.400259,1.068791,-2.054379,0.966606,1.153986,2.354381,1.570009,1.004701,0.908152,1.003349,-0.157684,-1.405834,0.764092,0.825116,0.640162,-1.560135,2.205923,0.590724,0.866448,0.379687,-2.026935,0.525983,0.749352,1.52017,-2.057066,-0.81365,1.107507,-1.860638,1.127911,0.451149,-0.606003,0.906483,0.82013,1.872619,1.438301,-1.097471,1.784294,0.851153,1.348353,1.231657,0.54357,-0.532639,0.935049,1.419533,1.30114,-0.977663,1.558102,1.388519,0.956486,1.072245,-1.277895,2.057488,-1.563186,0.963595,1.000722,-1.211603,-0.736076,-0.962907,0.674939,0.705133,1.57832,-1.923441,0.81134,0.585057,0.467461,-1.485352,1.183996,0.871703,1.778389,1.336227,1.283485,1.075455,1.195919,0.490121,0.510151,0.804531,1.541189,0.755417,1.026727,1.482487,2.046244,0.803155,0.674812,-2.165838,1.140741,-0.936093,1.458285,-2.804826,0.700886,1.14544,-1.162802,1.729601,-1.3622,0.753863,1.038379,-0.317856,1.60821,-1.696465,0.310269,0.656868,-0.293726
199.0,78.3,66.0,7.0,17.0,29211.0,29410.0,-0.24853,-1.914973,1.001682,0.114723,0.186072,0.331305,-1.94272,1.051365,-0.510033,-1.229764,0.481622,-1.879346,0.73987,-2.083863,1.29808,0.635837,-1.772743,0.98416,-0.867284,0.950086,-0.256483,-1.877005,0.962214,-1.073586,-1.609101,0.145932,-0.470992,1.212054,1.192047,1.113644,-1.414185,-1.693232,0.968831,0.99535,1.144591,-1.798445,-1.701162,0.947666,0.638313,1.204434,0.696367,-1.667684,1.09357,0.872603,1.295753,1.260262,-1.743137,1.08594,0.903991,1.482189,-0.755053,-1.717178,1.0539,-1.227801,1.265856,0.361356,-1.883152,0.942316,-1.403968,1.560418,-0.662473,-0.923799,0.443007,-1.910405,1.488531,-1.929411,-0.134473,-2.105514,0.852664,1.302405,-1.138526,1.677015,1.309865,1.250379,1.180407,-2.019839,1.602943,0.917688,0.937119,0.758224,0.865387,-1.740229,0.6612,1.061871,0.93209,1.045643,-1.65448,0.521222,0.715093,0.958208,0.653562,-1.527879,0.931884,-1.255854,1.433184,0.736695,0.154263,1.030717,-1.21397,1.124497,-1.723858,-1.365436,1.028716,2.062802,1.287637,-1.88791,-0.099817,0.342744,1.336028,1.267607,-1.922833,-0.286512,-2.458877,0.76667,1.301539,-0.598784,1.295413,0.944323,1.033638,0.822077,-1.843568,-1.591496,0.878226,0.849036,0.542327,1.364632,1.333886,1.07864,1.121835,0.66208,-1.790221,-2.256266,0.550003,-0.503565,0.332633,0.99397,1.680478,-2.017863,1.647682,-0.805966,-1.377857,1.197087,0.935841,2.184248,1.227863,1.221828,-1.240152,0.991131,1.45819,1.281496,2.34527,-0.802355,1.147004,1.191722,1.209561,-1.400259,1.068791,-2.054379,0.966606,1.153986,2.354381,1.570009,1.004701,0.908152,1.003349,-0.157684,-1.405834,0.764092,0.825116,0.640162,-1.560135,2.205923,0.590724,0.866448,0.379687,-2.026935,0.525983,0.749352,1.52017,-2.057066,-0.81365,1.107507,-1.860638,1.127911,0.451149,-0.606003,0.906483,0.82013,1.872619,1.438301,-1.097471,1.784294,0.851153,1.348353,1.231657,0.54357,-0.532639,0.935049,1.419533,1.30114,-0.977663,1.558102,1.388519,0.956486,1.072245,-1.277895,2.057488,-1.563186,0.963595,1.000722,-1.211603,-0.736076,-0.962907,0.674939,0.705133,1.57832,-1.923441,0.81134,0.585057,0.467461,-1.485352,1.183996,0.871703,1.778389,1.336227,1.283485,1.075455,1.195919,0.490121,0.510151,0.804531,1.541189,0.755417,1.026727,1.482487,2.046244,0.803155,0.674812,-2.165838,1.140741,-0.936093,1.458285,-2.804826,0.700886,1.14544,-1.162802,1.729601,-1.3622,0.753863,1.038379,-0.317856,1.60821,-1.696465,0.310269,0.656868,-0.293726
166.0,81.0,58.6,5.0,7.0,29410.0,29576.0,-1.035697,1.071993,-1.268724,1.877539,-1.375323,-1.550085,0.671247,-1.186944,-0.676446,1.181079,-1.426556,-0.103136,-1.266695,1.456622,-1.381179,-1.641244,1.109289,-1.372883,1.938444,-1.897697,-1.480769,0.822365,-1.332725,2.368221,1.564952,-2.059258,1.871903,-1.391955,-1.509861,-1.554945,-1.589896,1.017461,-1.441172,-1.640229,-1.573836,-0.852908,1.070779,-1.425457,-1.408978,-1.658919,-1.724748,0.931828,-1.378469,-0.144428,-1.573158,-1.694993,0.825258,-1.39376,0.812959,-1.388851,-1.604827,0.846136,-1.360563,1.913911,-1.212735,-1.728457,0.113255,-1.384295,1.564798,-1.240301,-1.420156,-1.342513,-1.312578,0.775613,-1.546574,0.917693,-1.613502,0.393791,-1.849959,-1.594412,-2.04979,-1.029637,-1.261488,-1.554055,-1.568225,0.531658,-1.134213,-1.464726,-1.799198,-1.786026,-1.957479,0.319493,-1.489887,-1.725229,-1.786282,-1.958326,0.632094,-1.467606,-1.909906,-1.818102,-1.945088,0.034323,-1.455017,1.609331,-1.37102,-1.607431,-1.790645,-1.381225,1.276386,-1.579333,-0.154316,-0.530339,-1.350768,-0.84056,-1.580999,0.328387,-1.802705,-1.438069,-1.684496,-1.640846,0.922151,-1.607866,0.608863,-1.883422,-1.599223,-2.178606,-1.369192,-1.536956,-1.770407,-1.849313,0.662775,-1.072508,-1.346924,-1.838494,-1.91268,-1.650944,-1.588333,-1.394596,-1.706045,-1.908956,1.296786,-0.099964,-1.484121,-1.957136,-1.866228,-0.611424,-1.048397,-0.074672,-1.195488,1.828781,1.756746,-1.641499,-1.518147,-1.09682,-1.614962,-1.213159,-0.947157,-1.74072,-1.526281,-1.6584,0.545113,-1.693826,-1.634624,-1.770529,-1.725673,1.695389,-1.462403,0.144729,-1.877549,-1.737388,-1.488347,-1.116962,-1.506558,-1.71209,-1.783758,1.225314,1.391945,-0.975232,-1.601719,-1.792161,0.722228,-0.394387,-1.176163,-1.232302,-1.857854,-0.143308,-1.271765,-1.378908,-0.396815,-0.79129,1.789074,-1.736186,0.814552,1.484572,-1.887254,1.47256,-1.091446,-1.695511,-0.903668,-1.477233,1.267272,-0.470274,-1.785105,-1.362309,-1.656072,2.206161,-1.822823,-1.600715,-1.228356,-1.662384,1.672855,-1.147162,-1.399017,-1.903507,-1.836807,1.192795,0.166164,-0.421786,-1.585102,-1.664454,1.138905,1.48438,1.001418,-1.610144,-1.770936,-1.016613,0.757577,-0.992969,-0.613458,-1.765753,-1.251706,-1.41032,-0.533868,-0.222734,-1.51896,-1.384152,-1.571223,-1.230886,2.168587,-1.955285,-1.651969,-1.119347,-1.383971,1.501107,-1.321306,0.448377,-1.313519,-1.778909,0.226866,-1.807421,1.767322,-0.991528,0.11665,-1.839784,-1.78153,1.668107,-0.840285,1.540961,-1.954032,-1.850685,1.553274,-1.092253,-0.487389,-1.626602,-1.72824,1.5592
99.0,83.3,59.7,2.0,4.0,29576.0,29675.0,-0.746541,0.422993,-1.090994,-0.815019,-0.586707,-0.828387,0.240182,-1.151818,-1.060595,0.502684,-0.960184,-0.060428,-1.118346,0.496403,-0.933099,-0.787889,0.739161,-0.949921,0.463679,-0.338966,-0.605328,0.740558,-0.993873,0.247332,0.768018,-0.461008,0.464419,-0.906167,-0.848116,-0.829853,0.14997,0.800104,-0.931609,-0.755565,-0.799334,0.376624,0.909714,-0.936292,-0.873079,-0.682451,-0.767875,0.957431,-0.942448,-1.44742,-0.655284,-0.744294,0.948513,-0.935493,-1.586323,-0.670295,-0.516462,0.983175,-0.962216,0.540166,-0.443575,-0.680996,0.479713,-0.961597,0.755778,-0.701762,-0.55062,-0.545614,-1.013292,1.287044,-0.673381,0.329035,-0.706909,-0.998045,-0.554387,-0.732788,1.020699,-0.867158,-0.920836,-0.778076,-0.785321,0.901711,-0.940546,-0.908942,-0.6244,-0.641521,-0.481395,0.915777,-0.915273,-0.661534,-0.63409,-0.55882,1.004927,-0.947288,-0.331027,-0.552483,-0.530324,0.823825,-0.921217,0.69622,-0.77968,-0.868137,-0.573477,-0.953131,0.964018,-0.655741,0.675696,0.563758,-0.972837,-0.183015,-0.697489,0.277984,-0.630043,-0.943007,-0.651006,-0.710682,0.333998,-0.647169,-0.646715,-0.515939,-0.730823,0.08919,-0.86998,-0.831164,-0.662671,-0.563761,0.972997,0.545344,-0.979821,-0.569752,-0.477061,-0.901135,-0.77208,-0.91895,-0.67943,-0.523204,0.800336,0.694407,-0.923193,-0.227937,-0.512958,-1.590743,-0.923603,0.721163,-0.961007,0.732043,0.57096,-0.763813,-0.859333,-0.6348,-0.720633,-0.983103,0.192005,-0.71255,-0.724121,-0.694898,-1.241102,-0.172056,-0.760611,-0.607652,-0.666758,0.227247,-0.850529,0.582737,-0.496929,-0.63293,-0.625137,-0.909162,-0.906876,-0.696745,-0.611438,0.641332,0.648844,-1.148398,-0.804924,-0.629719,1.180645,-0.80288,-1.088369,-0.944736,-0.525666,0.756386,-1.058959,-0.950878,-0.933581,0.700662,0.367605,-0.436701,1.03551,0.147497,-0.359997,1.009416,-0.846863,-0.752,-0.921765,-0.709007,0.952571,0.027335,-0.673757,-0.840955,-0.700446,-0.381448,-0.300253,-0.745516,-0.886963,-0.67887,0.585701,-0.943613,-0.857751,-0.528489,-0.590207,0.884077,-0.173611,-0.897854,-0.779644,-0.73403,0.948504,0.790111,-1.8554,-0.688634,-0.631939,-0.626355,0.847248,-1.169551,-1.107183,-0.600347,0.367735,-0.984488,-1.232802,-1.152752,-0.748305,-0.905828,-0.772603,-0.972881,-0.109814,-0.161885,-0.728781,-0.872195,-0.919687,-0.936254,-0.823787,0.193545,-0.954878,-0.608412,1.115874,-0.554243,0.621197,-0.886155,0.63088,-0.483694,-0.607656,0.290911,-0.995049,-0.19572,-0.458165,-0.563598,0.797242,-0.903521,-0.277905,-0.741725,-0.682834,0.801416
133.0,82.5,60.8,1.0,5.0,29675.0,29808.0,-0.24853,-1.914973,1.001682,0.114723,0.186072,0.331305,-1.94272,1.051365,-0.510033,-1.229764,0.481622,-1.879346,0.73987,-2.083863,1.29808,0.635837,-1.772743,0.98416,-0.867284,0.950086,-0.256483,-1.877005,0.962214,-1.073586,-1.609101,0.145932,-0.470992,1.212054,1.192047,1.113644,-1.414185,-1.693232,0.968831,0.99535,1.144591,-1.798445,-1.701162,0.947666,0.638313,1.204434,0.696367,-1.667684,1.09357,0.872603,1.295753,1.260262,-1.743137,1.08594,0.903991,1.482189,-0.755053,-1.717178,1.0539,-1.227801,1.265856,0.361356,-1.883152,0.942316,-1.403968,1.560418,-0.662473,-0.923799,0.443007,-1.910405,1.488531,-1.929411,-0.134473,-2.105514,0.852664,1.302405,-1.138526,1.677015,1.309865,1.250379,1.180407,-2.019839,1.602943,0.917688,0.937119,0.758224,0.865387,-1.740229,0.6612,1.061871,0.93209,1.045643,-1.65448,0.521222,0.715093,0.958208,0.653562,-1.527879,0.931884,-1.255854,1.433184,0.736695,0.154263,1.030717,-1.21397,1.124497,-1.723858,-1.365436,1.028716,2.062802,1.287637,-1.88791,-0.099817,0.342744,1.336028,1.267607,-1.922833,-0.286512,-2.458877,0.76667,1.301539,-0.598784,1.295413,0.944323,1.033638,0.822077,-1.843568,-1.591496,0.878226,0.849036,0.542327,1.364632,1.333886,1.07864,1.121835,0.66208,-1.790221,-2.256266,0.550003,-0.503565,0.332633,0.99397,1.680478,-2.017863,1.647682,-0.805966,-1.377857,1.197087,0.935841,2.184248,1.227863,1.221828,-1.240152,0.991131,1.45819,1.281496,2.34527,-0.802355,1.147004,1.191722,1.209561,-1.400259,1.068791,-2.054379,0.966606,1.153986,2.354381,1.570009,1.004701,0.908152,1.003349,-0.157684,-1.405834,0.764092,0.825116,0.640162,-1.560135,2.205923,0.590724,0.866448,0.379687,-2.026935,0.525983,0.749352,1.52017,-2.057066,-0.81365,1.107507,-1.860638,1.127911,0.451149,-0.606003,0.906483,0.82013,1.872619,1.438301,-1.097471,1.784294,0.851153,1.348353,1.231657,0.54357,-0.532639,0.935049,1.419533,1.30114,-0.977663,1.558102,1.388519,0.956486,1.072245,-1.277895,2.057488,-1.563186,0.963595,1.000722,-1.211603,-0.736076,-0.962907,0.674939,0.705133,1.57832,-1.923441,0.81134,0.585057,0.467461,-1.485352,1.183996,0.871703,1.778389,1.336227,1.283485,1.075455,1.195919,0.490121,0.510151,0.804531,1.541189,0.755417,1.026727,1.482487,2.046244,0.803155,0.674812,-2.165838,1.140741,-0.936093,1.458285,-2.804826,0.700886,1.14544,-1.162802,1.729601,-1.3622,0.753863,1.038379,-0.317856,1.60821,-1.696465,0.310269,0.656868,-0.293726
199.0,82.2,62.2,6.0,3.0,29808.0,30007.0,-0.24853,-1.914973,1.001682,0.114723,0.186072,0.331305,-1.94272,1.051365,-0.510033,-1.229764,0.481622,-1.879346,0.73987,-2.083863,1.29808,0.635837,-1.772743,0.98416,-0.867284,0.950086,-0.256483,-1.877005,0.962214,-1.073586,-1.609101,0.145932,-0.470992,1.212054,1.192047,1.113644,-1.414185,-1.693232,0.968831,0.99535,1.144591,-1.798445,-1.701162,0.947666,0.638313,1.204434,0.696367,-1.667684,1.09357,0.872603,1.295753,1.260262,-1.743137,1.08594,0.903991,1.482189,-0.755053,-1.717178,1.0539,-1.227801,1.265856,0.361356,-1.883152,0.942316,-1.403968,1.560418,-0.662473,-0.923799,0.443007,-1.910405,1.488531,-1.929411,-0.134473,-2.105514,0.852664,1.302405,-1.138526,1.677015,1.309865,1.250379,1.180407,-2.019839,1.602943,0.917688,0.937119,0.758224,0.865387,-1.740229,0.6612,1.061871,0.93209,1.045643,-1.65448,0.521222,0.715093,0.958208,0.653562,-1.527879,0.931884,-1.255854,1.433184,0.736695,0.154263,1.030717,-1.21397,1.124497,-1.723858,-1.365436,1.028716,2.062802,1.287637,-1.88791,-0.099817,0.342744,1.336028,1.267607,-1.922833,-0.286512,-2.458877,0.76667,1.301539,-0.598784,1.295413,0.944323,1.033638,0.822077,-1.843568,-1.591496,0.878226,0.849036,0.542327,1.364632,1.333886,1.07864,1.121835,0.66208,-1.790221,-2.256266,0.550003,-0.503565,0.332633,0.99397,1.680478,-2.017863,1.647682,-0.805966,-1.377857,1.197087,0.935841,2.184248,1.227863,1.221828,-1.240152,0.991131,1.45819,1.281496,2.34527,-0.802355,1.147004,1.191722,1.209561,-1.400259,1.068791,-2.054379,0.966606,1.153986,2.354381,1.570009,1.004701,0.908152,1.003349,-0.157684,-1.405834,0.764092,0.825116,0.640162,-1.560135,2.205923,0.590724,0.866448,0.379687,-2.026935,0.525983,0.749352,1.52017,-2.057066,-0.81365,1.107507,-1.860638,1.127911,0.451149,-0.606003,0.906483,0.82013,1.872619,1.438301,-1.097471,1.784294,0.851153,1.348353,1.231657,0.54357,-0.532639,0.935049,1.419533,1.30114,-0.977663,1.558102,1.388519,0.956486,1.072245,-1.277895,2.057488,-1.563186,0.963595,1.000722,-1.211603,-0.736076,-0.962907,0.674939,0.705133,1.57832,-1.923441,0.81134,0.585057,0.467461,-1.485352,1.183996,0.871703,1.778389,1.336227,1.283485,1.075455,1.195919,0.490121,0.510151,0.804531,1.541189,0.755417,1.026727,1.482487,2.046244,0.803155,0.674812,-2.165838,1.140741,-0.936093,1.458285,-2.804826,0.700886,1.14544,-1.162802,1.729601,-1.3622,0.753863,1.038379,-0.317856,1.60821,-1.696465,0.310269,0.656868,-0.293726
66.0,83.0,63.0,4.0,1.0,30007.0,30073.0,-0.24853,-1.914973,1.001682,0.114723,0.186072,0.331305,-1.94272,1.051365,-0.510033,-1.229764,0.481622,-1.879346,0.73987,-2.083863,1.29808,0.635837,-1.772743,0.98416,-0.867284,0.950086,-0.256483,-1.877005,0.962214,-1.073586,-1.609101,0.145932,-0.470992,1.212054,1.192047,1.113644,-1.414185,-1.693232,0.968831,0.99535,1.144591,-1.798445,-1.701162,0.947666,0.638313,1.204434,0.696367,-1.667684,1.09357,0.872603,1.295753,1.260262,-1.743137,1.08594,0.903991,1.482189,-0.755053,-1.717178,1.0539,-1.227801,1.265856,0.361356,-1.883152,0.942316,-1.403968,1.560418,-0.662473,-0.923799,0.443007,-1.910405,1.488531,-1.929411,-0.134473,-2.105514,0.852664,1.302405,-1.138526,1.677015,1.309865,1.250379,1.180407,-2.019839,1.602943,0.917688,0.937119,0.758224,0.865387,-1.740229,0.6612,1.061871,0.93209,1.045643,-1.65448,0.521222,0.715093,0.958208,0.653562,-1.527879,0.931884,-1.255854,1.433184,0.736695,0.154263,1.030717,-1.21397,1.124497,-1.723858,-1.365436,1.028716,2.062802,1.287637,-1.88791,-0.099817,0.342744,1.336028,1.267607,-1.922833,-0.286512,-2.458877,0.76667,1.301539,-0.598784,1.295413,0.944323,1.033638,0.822077,-1.843568,-1.591496,0.878226,0.849036,0.542327,1.364632,1.333886,1.07864,1.121835,0.66208,-1.790221,-2.256266,0.550003,-0.503565,0.332633,0.99397,1.680478,-2.017863,1.647682,-0.805966,-1.377857,1.197087,0.935841,2.184248,1.227863,1.221828,-1.240152,0.991131,1.45819,1.281496,2.34527,-0.802355,1.147004,1.191722,1.209561,-1.400259,1.068791,-2.054379,0.966606,1.153986,2.354381,1.570009,1.004701,0.908152,1.003349,-0.157684,-1.405834,0.764092,0.825116,0.640162,-1.560135,2.205923,0.590724,0.866448,0.379687,-2.026935,0.525983,0.749352,1.52017,-2.057066,-0.81365,1.107507,-1.860638,1.127911,0.451149,-0.606003,0.906483,0.82013,1.872619,1.438301,-1.097471,1.784294,0.851153,1.348353,1.231657,0.54357,-0.532639,0.935049,1.419533,1.30114,-0.977663,1.558102,1.388519,0.956486,1.072245,-1.277895,2.057488,-1.563186,0.963595,1.000722,-1.211603,-0.736076,-0.962907,0.674939,0.705133,1.57832,-1.923441,0.81134,0.585057,0.467461,-1.485352,1.183996,0.871703,1.778389,1.336227,1.283485,1.075455,1.195919,0.490121,0.510151,0.804531,1.541189,0.755417,1.026727,1.482487,2.046244,0.803155,0.674812,-2.165838,1.140741,-0.936093,1.458285,-2.804826,0.700886,1.14544,-1.162802,1.729601,-1.3622,0.753863,1.038379,-0.317856,1.60821,-1.696465,0.310269,0.656868,-0.293726
100.0,66.0,51.0,0.0,3.0,30073.0,30173.0,-0.24853,-1.914973,1.001682,0.114723,0.186072,0.331305,-1.94272,1.051365,-0.510033,-1.229764,0.481622,-1.879346,0.73987,-2.083863,1.29808,0.635837,-1.772743,0.98416,-0.867284,0.950086,-0.256483,-1.877005,0.962214,-1.073586,-1.609101,0.145932,-0.470992,1.212054,1.192047,1.113644,-1.414185,-1.693232,0.968831,0.99535,1.144591,-1.798445,-1.701162,0.947666,0.638313,1.204434,0.696367,-1.667684,1.09357,0.872603,1.295753,1.260262,-1.743137,1.08594,0.903991,1.482189,-0.755053,-1.717178,1.0539,-1.227801,1.265856,0.361356,-1.883152,0.942316,-1.403968,1.560418,-0.662473,-0.923799,0.443007,-1.910405,1.488531,-1.929411,-0.134473,-2.105514,0.852664,1.302405,-1.138526,1.677015,1.309865,1.250379,1.180407,-2.019839,1.602943,0.917688,0.937119,0.758224,0.865387,-1.740229,0.6612,1.061871,0.93209,1.045643,-1.65448,0.521222,0.715093,0.958208,0.653562,-1.527879,0.931884,-1.255854,1.433184,0.736695,0.154263,1.030717,-1.21397,1.124497,-1.723858,-1.365436,1.028716,2.062802,1.287637,-1.88791,-0.099817,0.342744,1.336028,1.267607,-1.922833,-0.286512,-2.458877,0.76667,1.301539,-0.598784,1.295413,0.944323,1.033638,0.822077,-1.843568,-1.591496,0.878226,0.849036,0.542327,1.364632,1.333886,1.07864,1.121835,0.66208,-1.790221,-2.256266,0.550003,-0.503565,0.332633,0.99397,1.680478,-2.017863,1.647682,-0.805966,-1.377857,1.197087,0.935841,2.184248,1.227863,1.221828,-1.240152,0.991131,1.45819,1.281496,2.34527,-0.802355,1.147004,1.191722,1.209561,-1.400259,1.068791,-2.054379,0.966606,1.153986,2.354381,1.570009,1.004701,0.908152,1.003349,-0.157684,-1.405834,0.764092,0.825116,0.640162,-1.560135,2.205923,0.590724,0.866448,0.379687,-2.026935,0.525983,0.749352,1.52017,-2.057066,-0.81365,1.107507,-1.860638,1.127911,0.451149,-0.606003,0.906483,0.82013,1.872619,1.438301,-1.097471,1.784294,0.851153,1.348353,1.231657,0.54357,-0.532639,0.935049,1.419533,1.30114,-0.977663,1.558102,1.388519,0.956486,1.072245,-1.277895,2.057488,-1.563186,0.963595,1.000722,-1.211603,-0.736076,-0.962907,0.674939,0.705133,1.57832,-1.923441,0.81134,0.585057,0.467461,-1.485352,1.183996,0.871703,1.778389,1.336227,1.283485,1.075455,1.195919,0.490121,0.510151,0.804531,1.541189,0.755417,1.026727,1.482487,2.046244,0.803155,0.674812,-2.165838,1.140741,-0.936093,1.458285,-2.804826,0.700886,1.14544,-1.162802,1.729601,-1.3622,0.753863,1.038379,-0.317856,1.60821,-1.696465,0.310269,0.656868,-0.293726
166.0,65.4,51.0,3.0,2.0,30173.0,30339.0,-0.24853,-1.914973,1.001682,0.114723,0.186072,0.331305,-1.94272,1.051365,-0.510033,-1.229764,0.481622,-1.879346,0.73987,-2.083863,1.29808,0.635837,-1.772743,0.98416,-0.867284,0.950086,-0.256483,-1.877005,0.962214,-1.073586,-1.609101,0.145932,-0.470992,1.212054,1.192047,1.113644,-1.414185,-1.693232,0.968831,0.99535,1.144591,-1.798445,-1.701162,0.947666,0.638313,1.204434,0.696367,-1.667684,1.09357,0.872603,1.295753,1.260262,-1.743137,1.08594,0.903991,1.482189,-0.755053,-1.717178,1.0539,-1.227801,1.265856,0.361356,-1.883152,0.942316,-1.403968,1.560418,-0.662473,-0.923799,0.443007,-1.910405,1.488531,-1.929411,-0.134473,-2.105514,0.852664,1.302405,-1.138526,1.677015,1.309865,1.250379,1.180407,-2.019839,1.602943,0.917688,0.937119,0.758224,0.865387,-1.740229,0.6612,1.061871,0.93209,1.045643,-1.65448,0.521222,0.715093,0.958208,0.653562,-1.527879,0.931884,-1.255854,1.433184,0.736695,0.154263,1.030717,-1.21397,1.124497,-1.723858,-1.365436,1.028716,2.062802,1.287637,-1.88791,-0.099817,0.342744,1.336028,1.267607,-1.922833,-0.286512,-2.458877,0.76667,1.301539,-0.598784,1.295413,0.944323,1.033638,0.822077,-1.843568,-1.591496,0.878226,0.849036,0.542327,1.364632,1.333886,1.07864,1.121835,0.66208,-1.790221,-2.256266,0.550003,-0.503565,0.332633,0.99397,1.680478,-2.017863,1.647682,-0.805966,-1.377857,1.197087,0.935841,2.184248,1.227863,1.221828,-1.240152,0.991131,1.45819,1.281496,2.34527,-0.802355,1.147004,1.191722,1.209561,-1.400259,1.068791,-2.054379,0.966606,1.153986,2.354381,1.570009,1.004701,0.908152,1.003349,-0.157684,-1.405834,0.764092,0.825116,0.640162,-1.560135,2.205923,0.590724,0.866448,0.379687,-2.026935,0.525983,0.749352,1.52017,-2.057066,-0.81365,1.107507,-1.860638,1.127911,0.451149,-0.606003,0.906483,0.82013,1.872619,1.438301,-1.097471,1.784294,0.851153,1.348353,1.231657,0.54357,-0.532639,0.935049,1.419533,1.30114,-0.977663,1.558102,1.388519,0.956486,1.072245,-1.277895,2.057488,-1.563186,0.963595,1.000722,-1.211603,-0.736076,-0.962907,0.674939,0.705133,1.57832,-1.923441,0.81134,0.585057,0.467461,-1.485352,1.183996,0.871703,1.778389,1.336227,1.283485,1.075455,1.195919,0.490121,0.510151,0.804531,1.541189,0.755417,1.026727,1.482487,2.046244,0.803155,0.674812,-2.165838,1.140741,-0.936093,1.458285,-2.804826,0.700886,1.14544,-1.162802,1.729601,-1.3622,0.753863,1.038379,-0.317856,1.60821,-1.696465,0.310269,0.656868,-0.293726
166.0,69.8,51.4,6.0,18.0,30339.0,30505.0,-0.24853,-1.914973,1.001682,0.114723,0.186072,0.331305,-1.94272,1.051365,-0.510033,-1.229764,0.481622,-1.879346,0.73987,-2.083863,1.29808,0.635837,-1.772743,0.98416,-0.867284,0.950086,-0.256483,-1.877005,0.962214,-1.073586,-1.609101,0.145932,-0.470992,1.212054,1.192047,1.113644,-1.414185,-1.693232,0.968831,0.99535,1.144591,-1.798445,-1.701162,0.947666,0.638313,1.204434,0.696367,-1.667684,1.09357,0.872603,1.295753,1.260262,-1.743137,1.08594,0.903991,1.482189,-0.755053,-1.717178,1.0539,-1.227801,1.265856,0.361356,-1.883152,0.942316,-1.403968,1.560418,-0.662473,-0.923799,0.443007,-1.910405,1.488531,-1.929411,-0.134473,-2.105514,0.852664,1.302405,-1.138526,1.677015,1.309865,1.250379,1.180407,-2.019839,1.602943,0.917688,0.937119,0.758224,0.865387,-1.740229,0.6612,1.061871,0.93209,1.045643,-1.65448,0.521222,0.715093,0.958208,0.653562,-1.527879,0.931884,-1.255854,1.433184,0.736695,0.154263,1.030717,-1.21397,1.124497,-1.723858,-1.365436,1.028716,2.062802,1.287637,-1.88791,-0.099817,0.342744,1.336028,1.267607,-1.922833,-0.286512,-2.458877,0.76667,1.301539,-0.598784,1.295413,0.944323,1.033638,0.822077,-1.843568,-1.591496,0.878226,0.849036,0.542327,1.364632,1.333886,1.07864,1.121835,0.66208,-1.790221,-2.256266,0.550003,-0.503565,0.332633,0.99397,1.680478,-2.017863,1.647682,-0.805966,-1.377857,1.197087,0.935841,2.184248,1.227863,1.221828,-1.240152,0.991131,1.45819,1.281496,2.34527,-0.802355,1.147004,1.191722,1.209561,-1.400259,1.068791,-2.054379,0.966606,1.153986,2.354381,1.570009,1.004701,0.908152,1.003349,-0.157684,-1.405834,0.764092,0.825116,0.640162,-1.560135,2.205923,0.590724,0.866448,0.379687,-2.026935,0.525983,0.749352,1.52017,-2.057066,-0.81365,1.107507,-1.860638,1.127911,0.451149,-0.606003,0.906483,0.82013,1.872619,1.438301,-1.097471,1.784294,0.851153,1.348353,1.231657,0.54357,-0.532639,0.935049,1.419533,1.30114,-0.977663,1.558102,1.388519,0.956486,1.072245,-1.277895,2.057488,-1.563186,0.963595,1.000722,-1.211603,-0.736076,-0.962907,0.674939,0.705133,1.57832,-1.923441,0.81134,0.585057,0.467461,-1.485352,1.183996,0.871703,1.778389,1.336227,1.283485,1.075455,1.195919,0.490121,0.510151,0.804531,1.541189,0.755417,1.026727,1.482487,2.046244,0.803155,0.674812,-2.165838,1.140741,-0.936093,1.458285,-2.804826,0.700886,1.14544,-1.162802,1.729601,-1.3622,0.753863,1.038379,-0.317856,1.60821,-1.696465,0.310269,0.656868,-0.293726
199.0,73.2,59.7,10.0,37.0,5882.0,6081.0,-0.24853,-1.914973,1.001682,0.114723,0.186072,0.331305,-1.94272,1.051365,-0.510033,-1.229764,0.481622,-1.879346,0.73987,-2.083863,1.29808,0.635837,-1.772743,0.98416,-0.867284,0.950086,-0.256483,-1.877005,0.962214,-1.073586,-1.609101,0.145932,-0.470992,1.212054,1.192047,1.113644,-1.414185,-1.693232,0.968831,0.99535,1.144591,-1.798445,-1.701162,0.947666,0.638313,1.204434,0.696367,-1.667684,1.09357,0.872603,1.295753,1.260262,-1.743137,1.08594,0.903991,1.482189,-0.755053,-1.717178,1.0539,-1.227801,1.265856,0.361356,-1.883152,0.942316,-1.403968,1.560418,-0.662473,-0.923799,0.443007,-1.910405,1.488531,-1.929411,-0.134473,-2.105514,0.852664,1.302405,-1.138526,1.677015,1.309865,1.250379,1.180407,-2.019839,1.602943,0.917688,0.937119,0.758224,0.865387,-1.740229,0.6612,1.061871,0.93209,1.045643,-1.65448,0.521222,0.715093,0.958208,0.653562,-1.527879,0.931884,-1.255854,1.433184,0.736695,0.154263,1.030717,-1.21397,1.124497,-1.723858,-1.365436,1.028716,2.062802,1.287637,-1.88791,-0.099817,0.342744,1.336028,1.267607,-1.922833,-0.286512,-2.458877,0.76667,1.301539,-0.598784,1.295413,0.944323,1.033638,0.822077,-1.843568,-1.591496,0.878226,0.849036,0.542327,1.364632,1.333886,1.07864,1.121835,0.66208,-1.790221,-2.256266,0.550003,-0.503565,0.332633,0.99397,1.680478,-2.017863,1.647682,-0.805966,-1.377857,1.197087,0.935841,2.184248,1.227863,1.221828,-1.240152,0.991131,1.45819,1.281496,2.34527,-0.802355,1.147004,1.191722,1.209561,-1.400259,1.068791,-2.054379,0.966606,1.153986,2.354381,1.570009,1.004701,0.908152,1.003349,-0.157684,-1.405834,0.764092,0.825116,0.640162,-1.560135,2.205923,0.590724,0.866448,0.379687,-2.026935,0.525983,0.749352,1.52017,-2.057066,-0.81365,1.107507,-1.860638,1.127911,0.451149,-0.606003,0.906483,0.82013,1.872619,1.438301,-1.097471,1.784294,0.851153,1.348353,1.231657,0.54357,-0.532639,0.935049,1.419533,1.30114,-0.977663,1.558102,1.388519,0.956486,1.072245,-1.277895,2.057488,-1.563186,0.963595,1.000722,-1.211603,-0.736076,-0.962907,0.674939,0.705133,1.57832,-1.923441,0.81134,0.585057,0.467461,-1.485352,1.183996,0.871703,1.778389,1.336227,1.283485,1.075455,1.195919,0.490121,0.510151,0.804531,1.541189,0.755417,1.026727,1.482487,2.046244,0.803155,0.674812,-2.165838,1.140741,-0.936093,1.458285,-2.804826,0.700886,1.14544,-1.162802,1.729601,-1.3622,0.753863,1.038379,-0.317856,1.60821,-1.696465,0.310269,0.656868,-0.293726
99.0,71.7,57.0,3.0,2.0,30505.0,30604.0,-0.24853,-1.914973,1.001682,0.114723,0.186072,0.331305,-1.94272,1.051365,-0.510033,-1.229764,0.481622,-1.879346,0.73987,-2.083863,1.29808,0.635837,-1.772743,0.98416,-0.867284,0.950086,-0.256483,-1.877005,0.962214,-1.073586,-1.609101,0.145932,-0.470992,1.212054,1.192047,1.113644,-1.414185,-1.693232,0.968831,0.99535,1.144591,-1.798445,-1.701162,0.947666,0.638313,1.204434,0.696367,-1.667684,1.09357,0.872603,1.295753,1.260262,-1.743137,1.08594,0.903991,1.482189,-0.755053,-1.717178,1.0539,-1.227801,1.265856,0.361356,-1.883152,0.942316,-1.403968,1.560418,-0.662473,-0.923799,0.443007,-1.910405,1.488531,-1.929411,-0.134473,-2.105514,0.852664,1.302405,-1.138526,1.677015,1.309865,1.250379,1.180407,-2.019839,1.602943,0.917688,0.937119,0.758224,0.865387,-1.740229,0.6612,1.061871,0.93209,1.045643,-1.65448,0.521222,0.715093,0.958208,0.653562,-1.527879,0.931884,-1.255854,1.433184,0.736695,0.154263,1.030717,-1.21397,1.124497,-1.723858,-1.365436,1.028716,2.062802,1.287637,-1.88791,-0.099817,0.342744,1.336028,1.267607,-1.922833,-0.286512,-2.458877,0.76667,1.301539,-0.598784,1.295413,0.944323,1.033638,0.822077,-1.843568,-1.591496,0.878226,0.849036,0.542327,1.364632,1.333886,1.07864,1.121835,0.66208,-1.790221,-2.256266,0.550003,-0.503565,0.332633,0.99397,1.680478,-2.017863,1.647682,-0.805966,-1.377857,1.197087,0.935841,2.184248,1.227863,1.221828,-1.240152,0.991131,1.45819,1.281496,2.34527,-0.802355,1.147004,1.191722,1.209561,-1.400259,1.068791,-2.054379,0.966606,1.153986,2.354381,1.570009,1.004701,0.908152,1.003349,-0.157684,-1.405834,0.764092,0.825116,0.640162,-1.560135,2.205923,0.590724,0.866448,0.379687,-2.026935,0.525983,0.749352,1.52017,-2.057066,-0.81365,1.107507,-1.860638,1.127911,0.451149,-0.606003,0.906483,0.82013,1.872619,1.438301,-1.097471,1.784294,0.851153,1.348353,1.231657,0.54357,-0.532639,0.935049,1.419533,1.30114,-0.977663,1.558102,1.388519,0.956486,1.072245,-1.277895,2.057488,-1.563186,0.963595,1.000722,-1.211603,-0.736076,-0.962907,0.674939,0.705133,1.57832,-1.923441,0.81134,0.585057,0.467461,-1.485352,1.183996,0.871703,1.778389,1.336227,1.283485,1.075455,1.195919,0.490121,0.510151,0.804531,1.541189,0.755417,1.026727,1.482487,2.046244,0.803155,0.674812,-2.165838,1.140741,-0.936093,1.458285,-2.804826,0.700886,1.14544,-1.162802,1.729601,-1.3622,0.753863,1.038379,-0.317856,1.60821,-1.696465,0.310269,0.656868,-0.293726
98.0,69.3,55.3,2.0,1.0,30604.0,30702.0,-0.24853,-1.914973,1.001682,0.114723,0.186072,0.331305,-1.94272,1.051365,-0.510033,-1.229764,0.481622,-1.879346,0.73987,-2.083863,1.29808,0.635837,-1.772743,0.98416,-0.867284,0.950086,-0.256483,-1.877005,0.962214,-1.073586,-1.609101,0.145932,-0.470992,1.212054,1.192047,1.113644,-1.414185,-1.693232,0.968831,0.99535,1.144591,-1.798445,-1.701162,0.947666,0.638313,1.204434,0.696367,-1.667684,1.09357,0.872603,1.295753,1.260262,-1.743137,1.08594,0.903991,1.482189,-0.755053,-1.717178,1.0539,-1.227801,1.265856,0.361356,-1.883152,0.942316,-1.403968,1.560418,-0.662473,-0.923799,0.443007,-1.910405,1.488531,-1.929411,-0.134473,-2.105514,0.852664,1.302405,-1.138526,1.677015,1.309865,1.250379,1.180407,-2.019839,1.602943,0.917688,0.937119,0.758224,0.865387,-1.740229,0.6612,1.061871,0.93209,1.045643,-1.65448,0.521222,0.715093,0.958208,0.653562,-1.527879,0.931884,-1.255854,1.433184,0.736695,0.154263,1.030717,-1.21397,1.124497,-1.723858,-1.365436,1.028716,2.062802,1.287637,-1.88791,-0.099817,0.342744,1.336028,1.267607,-1.922833,-0.286512,-2.458877,0.76667,1.301539,-0.598784,1.295413,0.944323,1.033638,0.822077,-1.843568,-1.591496,0.878226,0.849036,0.542327,1.364632,1.333886,1.07864,1.121835,0.66208,-1.790221,-2.256266,0.550003,-0.503565,0.332633,0.99397,1.680478,-2.017863,1.647682,-0.805966,-1.377857,1.197087,0.935841,2.184248,1.227863,1.221828,-1.240152,0.991131,1.45819,1.281496,2.34527,-0.802355,1.147004,1.191722,1.209561,-1.400259,1.068791,-2.054379,0.966606,1.153986,2.354381,1.570009,1.004701,0.908152,1.003349,-0.157684,-1.405834,0.764092,0.825116,0.640162,-1.560135,2.205923,0.590724,0.866448,0.379687,-2.026935,0.525983,0.749352,1.52017,-2.057066,-0.81365,1.107507,-1.860638,1.127911,0.451149,-0.606003,0.906483,0.82013,1.872619,1.438301,-1.097471,1.784294,0.851153,1.348353,1.231657,0.54357,-0.532639,0.935049,1.419533,1.30114,-0.977663,1.558102,1.388519,0.956486,1.072245,-1.277895,2.057488,-1.563186,0.963595,1.000722,-1.211603,-0.736076,-0.962907,0.674939,0.705133,1.57832,-1.923441,0.81134,0.585057,0.467461,-1.485352,1.183996,0.871703,1.778389,1.336227,1.283485,1.075455,1.195919,0.490121,0.510151,0.804531,1.541189,0.755417,1.026727,1.482487,2.046244,0.803155,0.674812,-2.165838,1.140741,-0.936093,1.458285,-2.804826,0.700886,1.14544,-1.162802,1.729601,-1.3622,0.753863,1.038379,-0.317856,1.60821,-1.696465,0.310269,0.656868,-0.293726
230.0,73.7,57.6,4.0,3.0,30702.0,30932.0,-0.24853,-1.914973,1.001682,0.114723,0.186072,0.331305,-1.94272,1.051365,-0.510033,-1.229764,0.481622,-1.879346,0.73987,-2.083863,1.29808,0.635837,-1.772743,0.98416,-0.867284,0.950086,-0.256483,-1.877005,0.962214,-1.073586,-1.609101,0.145932,-0.470992,1.212054,1.192047,1.113644,-1.414185,-1.693232,0.968831,0.99535,1.144591,-1.798445,-1.701162,0.947666,0.638313,1.204434,0.696367,-1.667684,1.09357,0.872603,1.295753,1.260262,-1.743137,1.08594,0.903991,1.482189,-0.755053,-1.717178,1.0539,-1.227801,1.265856,0.361356,-1.883152,0.942316,-1.403968,1.560418,-0.662473,-0.923799,0.443007,-1.910405,1.488531,-1.929411,-0.134473,-2.105514,0.852664,1.302405,-1.138526,1.677015,1.309865,1.250379,1.180407,-2.019839,1.602943,0.917688,0.937119,0.758224,0.865387,-1.740229,0.6612,1.061871,0.93209,1.045643,-1.65448,0.521222,0.715093,0.958208,0.653562,-1.527879,0.931884,-1.255854,1.433184,0.736695,0.154263,1.030717,-1.21397,1.124497,-1.723858,-1.365436,1.028716,2.062802,1.287637,-1.88791,-0.099817,0.342744,1.336028,1.267607,-1.922833,-0.286512,-2.458877,0.76667,1.301539,-0.598784,1.295413,0.944323,1.033638,0.822077,-1.843568,-1.591496,0.878226,0.849036,0.542327,1.364632,1.333886,1.07864,1.121835,0.66208,-1.790221,-2.256266,0.550003,-0.503565,0.332633,0.99397,1.680478,-2.017863,1.647682,-0.805966,-1.377857,1.197087,0.935841,2.184248,1.227863,1.221828,-1.240152,0.991131,1.45819,1.281496,2.34527,-0.802355,1.147004,1.191722,1.209561,-1.400259,1.068791,-2.054379,0.966606,1.153986,2.354381,1.570009,1.004701,0.908152,1.003349,-0.157684,-1.405834,0.764092,0.825116,0.640162,-1.560135,2.205923,0.590724,0.866448,0.379687,-2.026935,0.525983,0.749352,1.52017,-2.057066,-0.81365,1.107507,-1.860638,1.127911,0.451149,-0.606003,0.906483,0.82013,1.872619,1.438301,-1.097471,1.784294,0.851153,1.348353,1.231657,0.54357,-0.532639,0.935049,1.419533,1.30114,-0.977663,1.558102,1.388519,0.956486,1.072245,-1.277895,2.057488,-1.563186,0.963595,1.000722,-1.211603,-0.736076,-0.962907,0.674939,0.705133,1.57832,-1.923441,0.81134,0.585057,0.467461,-1.485352,1.183996,0.871703,1.778389,1.336227,1.283485,1.075455,1.195919,0.490121,0.510151,0.804531,1.541189,0.755417,1.026727,1.482487,2.046244,0.803155,0.674812,-2.165838,1.140741,-0.936093,1.458285,-2.804826,0.700886,1.14544,-1.162802,1.729601,-1.3622,0.753863,1.038379,-0.317856,1.60821,-1.696465,0.310269,0.656868,-0.293726
299.0,76.2,62.3,14.0,4.0,30932.0,31231.0,-0.24853,-1.914973,1.001682,0.114723,0.186072,0.331305,-1.94272,1.051365,-0.510033,-1.229764,0.481622,-1.879346,0.73987,-2.083863,1.29808,0.635837,-1.772743,0.98416,-0.867284,0.950086,-0.256483,-1.877005,0.962214,-1.073586,-1.609101,0.145932,-0.470992,1.212054,1.192047,1.113644,-1.414185,-1.693232,0.968831,0.99535,1.144591,-1.798445,-1.701162,0.947666,0.638313,1.204434,0.696367,-1.667684,1.09357,0.872603,1.295753,1.260262,-1.743137,1.08594,0.903991,1.482189,-0.755053,-1.717178,1.0539,-1.227801,1.265856,0.361356,-1.883152,0.942316,-1.403968,1.560418,-0.662473,-0.923799,0.443007,-1.910405,1.488531,-1.929411,-0.134473,-2.105514,0.852664,1.302405,-1.138526,1.677015,1.309865,1.250379,1.180407,-2.019839,1.602943,0.917688,0.937119,0.758224,0.865387,-1.740229,0.6612,1.061871,0.93209,1.045643,-1.65448,0.521222,0.715093,0.958208,0.653562,-1.527879,0.931884,-1.255854,1.433184,0.736695,0.154263,1.030717,-1.21397,1.124497,-1.723858,-1.365436,1.028716,2.062802,1.287637,-1.88791,-0.099817,0.342744,1.336028,1.267607,-1.922833,-0.286512,-2.458877,0.76667,1.301539,-0.598784,1.295413,0.944323,1.033638,0.822077,-1.843568,-1.591496,0.878226,0.849036,0.542327,1.364632,1.333886,1.07864,1.121835,0.66208,-1.790221,-2.256266,0.550003,-0.503565,0.332633,0.99397,1.680478,-2.017863,1.647682,-0.805966,-1.377857,1.197087,0.935841,2.184248,1.227863,1.221828,-1.240152,0.991131,1.45819,1.281496,2.34527,-0.802355,1.147004,1.191722,1.209561,-1.400259,1.068791,-2.054379,0.966606,1.153986,2.354381,1.570009,1.004701,0.908152,1.003349,-0.157684,-1.405834,0.764092,0.825116,0.640162,-1.560135,2.205923,0.590724,0.866448,0.379687,-2.026935,0.525983,0.749352,1.52017,-2.057066,-0.81365,1.107507,-1.860638,1.127911,0.451149,-0.606003,0.906483,0.82013,1.872619,1.438301,-1.097471,1.784294,0.851153,1.348353,1.231657,0.54357,-0.532639,0.935049,1.419533,1.30114,-0.977663,1.558102,1.388519,0.956486,1.072245,-1.277895,2.057488,-1.563186,0.963595,1.000722,-1.211603,-0.736076,-0.962907,0.674939,0.705133,1.57832,-1.923441,0.81134,0.585057,0.467461,-1.485352,1.183996,0.871703,1.778389,1.336227,1.283485,1.075455,1.195919,0.490121,0.510151,0.804531,1.541189,0.755417,1.026727,1.482487,2.046244,0.803155,0.674812,-2.165838,1.140741,-0.936093,1.458285,-2.804826,0.700886,1.14544,-1.162802,1.729601,-1.3622,0.753863,1.038379,-0.317856,1.60821,-1.696465,0.310269,0.656868,-0.293726
164.0,71.4,59.6,17.0,4.0,31231.0,31395.0,-0.715382,0.423726,-1.059827,-0.823579,-0.518965,-0.784718,0.257594,-1.118838,-1.026917,0.522192,-0.917628,-0.016724,-1.084549,0.49375,-0.893873,-0.756517,0.740192,-0.925699,0.428129,-0.319649,-0.548392,0.7493,-0.967934,0.208078,0.7981,-0.440698,0.50532,-0.877415,-0.80955,-0.792527,0.161421,0.839221,-0.90014,-0.714267,-0.76554,0.391224,0.907703,-0.905672,-0.832778,-0.64497,-0.728946,0.956613,-0.916177,-1.436011,-0.606888,-0.711013,0.958172,-0.91231,-1.597132,-0.615756,-0.475065,0.9776,-0.939936,0.510145,-0.355084,-0.637689,0.514046,-0.937771,0.75177,-0.636242,-0.491247,-0.485973,-0.982002,1.300796,-0.628857,0.342827,-0.64196,-0.935869,-0.491498,-0.702849,1.006781,-0.837559,-0.899297,-0.746574,-0.753037,0.886527,-0.898215,-0.871958,-0.584596,-0.597494,-0.43741,0.954704,-0.882081,-0.625981,-0.591508,-0.532036,1.00221,-0.912476,-0.291164,-0.505059,-0.491782,0.882071,-0.896361,0.654317,-0.743558,-0.830058,-0.510396,-0.931873,0.939188,-0.606856,0.710232,0.613119,-0.955833,-0.185761,-0.65669,0.319985,-0.575296,-0.910872,-0.617948,-0.677396,0.34794,-0.57991,-0.592163,-0.450939,-0.700435,0.122102,-0.832906,-0.795669,-0.623778,-0.522066,0.963307,0.615726,-0.951977,-0.525927,-0.426251,-0.882463,-0.725092,-0.89468,-0.637904,-0.470606,0.784375,0.724402,-0.892768,-0.180732,-0.48041,-1.58596,-0.899166,0.731665,-0.943377,0.701407,0.552981,-0.736535,-0.835317,-0.624142,-0.684926,-0.931041,0.28362,-0.680508,-0.7023,-0.66362,-1.243801,-0.110128,-0.731538,-0.573686,-0.636042,0.221957,-0.80406,0.64503,-0.454428,-0.597967,-0.626876,-0.872207,-0.878292,-0.659273,-0.574436,0.548535,0.661481,-1.134344,-0.763012,-0.584735,1.155932,-0.709132,-1.068559,-0.905585,-0.480549,0.778978,-1.016778,-0.927495,-0.942092,0.733877,0.332537,-0.384787,1.02342,0.091373,-0.29443,0.939744,-0.868291,-0.71638,-0.909199,-0.692674,0.9396,0.055367,-0.635263,-0.813443,-0.669236,-0.44135,-0.242832,-0.70869,-0.860065,-0.651686,0.54489,-0.918858,-0.832408,-0.488844,-0.555857,0.863824,-0.148189,-0.835602,-0.74399,-0.697133,0.927527,0.782396,-1.843224,-0.646561,-0.584848,-0.631977,0.87105,-1.157953,-1.063128,-0.549554,0.397606,-0.942065,-1.212017,-1.139568,-0.721359,-0.872402,-0.735133,-0.941481,-0.118355,-0.1203,-0.682741,-0.852936,-0.871664,-0.94836,-0.799867,0.173153,-0.9163,-0.561083,1.155988,-0.521024,0.576145,-0.875169,0.666637,-0.43419,-0.573754,0.259672,-0.983053,-0.159825,-0.412648,-0.526822,0.760717,-0.883486,-0.218129,-0.682175,-0.63574,0.764371
166.0,72.2,60.4,30.0,1.0,31395.0,31561.0,-0.24853,-1.914973,1.001682,0.114723,0.186072,0.331305,-1.94272,1.051365,-0.510033,-1.229764,0.481622,-1.879346,0.73987,-2.083863,1.29808,0.635837,-1.772743,0.98416,-0.867284,0.950086,-0.256483,-1.877005,0.962214,-1.073586,-1.609101,0.145932,-0.470992,1.212054,1.192047,1.113644,-1.414185,-1.693232,0.968831,0.99535,1.144591,-1.798445,-1.701162,0.947666,0.638313,1.204434,0.696367,-1.667684,1.09357,0.872603,1.295753,1.260262,-1.743137,1.08594,0.903991,1.482189,-0.755053,-1.717178,1.0539,-1.227801,1.265856,0.361356,-1.883152,0.942316,-1.403968,1.560418,-0.662473,-0.923799,0.443007,-1.910405,1.488531,-1.929411,-0.134473,-2.105514,0.852664,1.302405,-1.138526,1.677015,1.309865,1.250379,1.180407,-2.019839,1.602943,0.917688,0.937119,0.758224,0.865387,-1.740229,0.6612,1.061871,0.93209,1.045643,-1.65448,0.521222,0.715093,0.958208,0.653562,-1.527879,0.931884,-1.255854,1.433184,0.736695,0.154263,1.030717,-1.21397,1.124497,-1.723858,-1.365436,1.028716,2.062802,1.287637,-1.88791,-0.099817,0.342744,1.336028,1.267607,-1.922833,-0.286512,-2.458877,0.76667,1.301539,-0.598784,1.295413,0.944323,1.033638,0.822077,-1.843568,-1.591496,0.878226,0.849036,0.542327,1.364632,1.333886,1.07864,1.121835,0.66208,-1.790221,-2.256266,0.550003,-0.503565,0.332633,0.99397,1.680478,-2.017863,1.647682,-0.805966,-1.377857,1.197087,0.935841,2.184248,1.227863,1.221828,-1.240152,0.991131,1.45819,1.281496,2.34527,-0.802355,1.147004,1.191722,1.209561,-1.400259,1.068791,-2.054379,0.966606,1.153986,2.354381,1.570009,1.004701,0.908152,1.003349,-0.157684,-1.405834,0.764092,0.825116,0.640162,-1.560135,2.205923,0.590724,0.866448,0.379687,-2.026935,0.525983,0.749352,1.52017,-2.057066,-0.81365,1.107507,-1.860638,1.127911,0.451149,-0.606003,0.906483,0.82013,1.872619,1.438301,-1.097471,1.784294,0.851153,1.348353,1.231657,0.54357,-0.532639,0.935049,1.419533,1.30114,-0.977663,1.558102,1.388519,0.956486,1.072245,-1.277895,2.057488,-1.563186,0.963595,1.000722,-1.211603,-0.736076,-0.962907,0.674939,0.705133,1.57832,-1.923441,0.81134,0.585057,0.467461,-1.485352,1.183996,0.871703,1.778389,1.336227,1.283485,1.075455,1.195919,0.490121,0.510151,0.804531,1.541189,0.755417,1.026727,1.482487,2.046244,0.803155,0.674812,-2.165838,1.140741,-0.936093,1.458285,-2.804826,0.700886,1.14544,-1.162802,1.729601,-1.3622,0.753863,1.038379,-0.317856,1.60821,-1.696465,0.310269,0.656868,-0.293726
132.0,74.0,63.3,11.0,15.0,31561.0,31693.0,-0.24853,-1.914973,1.001682,0.114723,0.186072,0.331305,-1.94272,1.051365,-0.510033,-1.229764,0.481622,-1.879346,0.73987,-2.083863,1.29808,0.635837,-1.772743,0.98416,-0.867284,0.950086,-0.256483,-1.877005,0.962214,-1.073586,-1.609101,0.145932,-0.470992,1.212054,1.192047,1.113644,-1.414185,-1.693232,0.968831,0.99535,1.144591,-1.798445,-1.701162,0.947666,0.638313,1.204434,0.696367,-1.667684,1.09357,0.872603,1.295753,1.260262,-1.743137,1.08594,0.903991,1.482189,-0.755053,-1.717178,1.0539,-1.227801,1.265856,0.361356,-1.883152,0.942316,-1.403968,1.560418,-0.662473,-0.923799,0.443007,-1.910405,1.488531,-1.929411,-0.134473,-2.105514,0.852664,1.302405,-1.138526,1.677015,1.309865,1.250379,1.180407,-2.019839,1.602943,0.917688,0.937119,0.758224,0.865387,-1.740229,0.6612,1.061871,0.93209,1.045643,-1.65448,0.521222,0.715093,0.958208,0.653562,-1.527879,0.931884,-1.255854,1.433184,0.736695,0.154263,1.030717,-1.21397,1.124497,-1.723858,-1.365436,1.028716,2.062802,1.287637,-1.88791,-0.099817,0.342744,1.336028,1.267607,-1.922833,-0.286512,-2.458877,0.76667,1.301539,-0.598784,1.295413,0.944323,1.033638,0.822077,-1.843568,-1.591496,0.878226,0.849036,0.542327,1.364632,1.333886,1.07864,1.121835,0.66208,-1.790221,-2.256266,0.550003,-0.503565,0.332633,0.99397,1.680478,-2.017863,1.647682,-0.805966,-1.377857,1.197087,0.935841,2.184248,1.227863,1.221828,-1.240152,0.991131,1.45819,1.281496,2.34527,-0.802355,1.147004,1.191722,1.209561,-1.400259,1.068791,-2.054379,0.966606,1.153986,2.354381,1.570009,1.004701,0.908152,1.003349,-0.157684,-1.405834,0.764092,0.825116,0.640162,-1.560135,2.205923,0.590724,0.866448,0.379687,-2.026935,0.525983,0.749352,1.52017,-2.057066,-0.81365,1.107507,-1.860638,1.127911,0.451149,-0.606003,0.906483,0.82013,1.872619,1.438301,-1.097471,1.784294,0.851153,1.348353,1.231657,0.54357,-0.532639,0.935049,1.419533,1.30114,-0.977663,1.558102,1.388519,0.956486,1.072245,-1.277895,2.057488,-1.563186,0.963595,1.000722,-1.211603,-0.736076,-0.962907,0.674939,0.705133,1.57832,-1.923441,0.81134,0.585057,0.467461,-1.485352,1.183996,0.871703,1.778389,1.336227,1.283485,1.075455,1.195919,0.490121,0.510151,0.804531,1.541189,0.755417,1.026727,1.482487,2.046244,0.803155,0.674812,-2.165838,1.140741,-0.936093,1.458285,-2.804826,0.700886,1.14544,-1.162802,1.729601,-1.3622,0.753863,1.038379,-0.317856,1.60821,-1.696465,0.310269,0.656868,-0.293726
166.0,77.2,64.8,13.0,4.0,31693.0,31859.0,-0.24853,-1.914973,1.001682,0.114723,0.186072,0.331305,-1.94272,1.051365,-0.510033,-1.229764,0.481622,-1.879346,0.73987,-2.083863,1.29808,0.635837,-1.772743,0.98416,-0.867284,0.950086,-0.256483,-1.877005,0.962214,-1.073586,-1.609101,0.145932,-0.470992,1.212054,1.192047,1.113644,-1.414185,-1.693232,0.968831,0.99535,1.144591,-1.798445,-1.701162,0.947666,0.638313,1.204434,0.696367,-1.667684,1.09357,0.872603,1.295753,1.260262,-1.743137,1.08594,0.903991,1.482189,-0.755053,-1.717178,1.0539,-1.227801,1.265856,0.361356,-1.883152,0.942316,-1.403968,1.560418,-0.662473,-0.923799,0.443007,-1.910405,1.488531,-1.929411,-0.134473,-2.105514,0.852664,1.302405,-1.138526,1.677015,1.309865,1.250379,1.180407,-2.019839,1.602943,0.917688,0.937119,0.758224,0.865387,-1.740229,0.6612,1.061871,0.93209,1.045643,-1.65448,0.521222,0.715093,0.958208,0.653562,-1.527879,0.931884,-1.255854,1.433184,0.736695,0.154263,1.030717,-1.21397,1.124497,-1.723858,-1.365436,1.028716,2.062802,1.287637,-1.88791,-0.099817,0.342744,1.336028,1.267607,-1.922833,-0.286512,-2.458877,0.76667,1.301539,-0.598784,1.295413,0.944323,1.033638,0.822077,-1.843568,-1.591496,0.878226,0.849036,0.542327,1.364632,1.333886,1.07864,1.121835,0.66208,-1.790221,-2.256266,0.550003,-0.503565,0.332633,0.99397,1.680478,-2.017863,1.647682,-0.805966,-1.377857,1.197087,0.935841,2.184248,1.227863,1.221828,-1.240152,0.991131,1.45819,1.281496,2.34527,-0.802355,1.147004,1.191722,1.209561,-1.400259,1.068791,-2.054379,0.966606,1.153986,2.354381,1.570009,1.004701,0.908152,1.003349,-0.157684,-1.405834,0.764092,0.825116,0.640162,-1.560135,2.205923,0.590724,0.866448,0.379687,-2.026935,0.525983,0.749352,1.52017,-2.057066,-0.81365,1.107507,-1.860638,1.127911,0.451149,-0.606003,0.906483,0.82013,1.872619,1.438301,-1.097471,1.784294,0.851153,1.348353,1.231657,0.54357,-0.532639,0.935049,1.419533,1.30114,-0.977663,1.558102,1.388519,0.956486,1.072245,-1.277895,2.057488,-1.563186,0.963595,1.000722,-1.211603,-0.736076,-0.962907,0.674939,0.705133,1.57832,-1.923441,0.81134,0.585057,0.467461,-1.485352,1.183996,0.871703,1.778389,1.336227,1.283485,1.075455,1.195919,0.490121,0.510151,0.804531,1.541189,0.755417,1.026727,1.482487,2.046244,0.803155,0.674812,-2.165838,1.140741,-0.936093,1.458285,-2.804826,0.700886,1.14544,-1.162802,1.729601,-1.3622,0.753863,1.038379,-0.317856,1.60821,-1.696465,0.310269,0.656868,-0.293726
266.0,74.3,62.0,3.0,13.0,31859.0,32125.0,-0.24853,-1.914973,1.001682,0.114723,0.186072,0.331305,-1.94272,1.051365,-0.510033,-1.229764,0.481622,-1.879346,0.73987,-2.083863,1.29808,0.635837,-1.772743,0.98416,-0.867284,0.950086,-0.256483,-1.877005,0.962214,-1.073586,-1.609101,0.145932,-0.470992,1.212054,1.192047,1.113644,-1.414185,-1.693232,0.968831,0.99535,1.144591,-1.798445,-1.701162,0.947666,0.638313,1.204434,0.696367,-1.667684,1.09357,0.872603,1.295753,1.260262,-1.743137,1.08594,0.903991,1.482189,-0.755053,-1.717178,1.0539,-1.227801,1.265856,0.361356,-1.883152,0.942316,-1.403968,1.560418,-0.662473,-0.923799,0.443007,-1.910405,1.488531,-1.929411,-0.134473,-2.105514,0.852664,1.302405,-1.138526,1.677015,1.309865,1.250379,1.180407,-2.019839,1.602943,0.917688,0.937119,0.758224,0.865387,-1.740229,0.6612,1.061871,0.93209,1.045643,-1.65448,0.521222,0.715093,0.958208,0.653562,-1.527879,0.931884,-1.255854,1.433184,0.736695,0.154263,1.030717,-1.21397,1.124497,-1.723858,-1.365436,1.028716,2.062802,1.287637,-1.88791,-0.099817,0.342744,1.336028,1.267607,-1.922833,-0.286512,-2.458877,0.76667,1.301539,-0.598784,1.295413,0.944323,1.033638,0.822077,-1.843568,-1.591496,0.878226,0.849036,0.542327,1.364632,1.333886,1.07864,1.121835,0.66208,-1.790221,-2.256266,0.550003,-0.503565,0.332633,0.99397,1.680478,-2.017863,1.647682,-0.805966,-1.377857,1.197087,0.935841,2.184248,1.227863,1.221828,-1.240152,0.991131,1.45819,1.281496,2.34527,-0.802355,1.147004,1.191722,1.209561,-1.400259,1.068791,-2.054379,0.966606,1.153986,2.354381,1.570009,1.004701,0.908152,1.003349,-0.157684,-1.405834,0.764092,0.825116,0.640162,-1.560135,2.205923,0.590724,0.866448,0.379687,-2.026935,0.525983,0.749352,1.52017,-2.057066,-0.81365,1.107507,-1.860638,1.127911,0.451149,-0.606003,0.906483,0.82013,1.872619,1.438301,-1.097471,1.784294,0.851153,1.348353,1.231657,0.54357,-0.532639,0.935049,1.419533,1.30114,-0.977663,1.558102,1.388519,0.956486,1.072245,-1.277895,2.057488,-1.563186,0.963595,1.000722,-1.211603,-0.736076,-0.962907,0.674939,0.705133,1.57832,-1.923441,0.81134,0.585057,0.467461,-1.485352,1.183996,0.871703,1.778389,1.336227,1.283485,1.075455,1.195919,0.490121,0.510151,0.804531,1.541189,0.755417,1.026727,1.482487,2.046244,0.803155,0.674812,-2.165838,1.140741,-0.936093,1.458285,-2.804826,0.700886,1.14544,-1.162802,1.729601,-1.3622,0.753863,1.038379,-0.317856,1.60821,-1.696465,0.310269,0.656868,-0.293726
137.0,73.8,60.5,2.0,2.0,32125.0,32262.0,-0.24853,-1.914973,1.001682,0.114723,0.186072,0.331305,-1.94272,1.051365,-0.510033,-1.229764,0.481622,-1.879346,0.73987,-2.083863,1.29808,0.635837,-1.772743,0.98416,-0.867284,0.950086,-0.256483,-1.877005,0.962214,-1.073586,-1.609101,0.145932,-0.470992,1.212054,1.192047,1.113644,-1.414185,-1.693232,0.968831,0.99535,1.144591,-1.798445,-1.701162,0.947666,0.638313,1.204434,0.696367,-1.667684,1.09357,0.872603,1.295753,1.260262,-1.743137,1.08594,0.903991,1.482189,-0.755053,-1.717178,1.0539,-1.227801,1.265856,0.361356,-1.883152,0.942316,-1.403968,1.560418,-0.662473,-0.923799,0.443007,-1.910405,1.488531,-1.929411,-0.134473,-2.105514,0.852664,1.302405,-1.138526,1.677015,1.309865,1.250379,1.180407,-2.019839,1.602943,0.917688,0.937119,0.758224,0.865387,-1.740229,0.6612,1.061871,0.93209,1.045643,-1.65448,0.521222,0.715093,0.958208,0.653562,-1.527879,0.931884,-1.255854,1.433184,0.736695,0.154263,1.030717,-1.21397,1.124497,-1.723858,-1.365436,1.028716,2.062802,1.287637,-1.88791,-0.099817,0.342744,1.336028,1.267607,-1.922833,-0.286512,-2.458877,0.76667,1.301539,-0.598784,1.295413,0.944323,1.033638,0.822077,-1.843568,-1.591496,0.878226,0.849036,0.542327,1.364632,1.333886,1.07864,1.121835,0.66208,-1.790221,-2.256266,0.550003,-0.503565,0.332633,0.99397,1.680478,-2.017863,1.647682,-0.805966,-1.377857,1.197087,0.935841,2.184248,1.227863,1.221828,-1.240152,0.991131,1.45819,1.281496,2.34527,-0.802355,1.147004,1.191722,1.209561,-1.400259,1.068791,-2.054379,0.966606,1.153986,2.354381,1.570009,1.004701,0.908152,1.003349,-0.157684,-1.405834,0.764092,0.825116,0.640162,-1.560135,2.205923,0.590724,0.866448,0.379687,-2.026935,0.525983,0.749352,1.52017,-2.057066,-0.81365,1.107507,-1.860638,1.127911,0.451149,-0.606003,0.906483,0.82013,1.872619,1.438301,-1.097471,1.784294,0.851153,1.348353,1.231657,0.54357,-0.532639,0.935049,1.419533,1.30114,-0.977663,1.558102,1.388519,0.956486,1.072245,-1.277895,2.057488,-1.563186,0.963595,1.000722,-1.211603,-0.736076,-0.962907,0.674939,0.705133,1.57832,-1.923441,0.81134,0.585057,0.467461,-1.485352,1.183996,0.871703,1.778389,1.336227,1.283485,1.075455,1.195919,0.490121,0.510151,0.804531,1.541189,0.755417,1.026727,1.482487,2.046244,0.803155,0.674812,-2.165838,1.140741,-0.936093,1.458285,-2.804826,0.700886,1.14544,-1.162802,1.729601,-1.3622,0.753863,1.038379,-0.317856,1.60821,-1.696465,0.310269,0.656868,-0.293726
133.0,71.0,62.0,1.0,2.0,6081.0,6214.0,-1.010164,0.44995,-1.276089,-0.228943,-0.989012,-1.153355,0.129199,-1.309824,-1.023261,0.339924,-1.257113,-0.36372,-1.29956,0.567781,-1.210456,-1.064373,0.741102,-1.137716,0.800605,-0.71062,-1.03466,0.652312,-1.184551,0.532291,0.459656,-0.661644,0.33566,-1.130817,-1.142834,-1.126378,-0.000456,0.524301,-1.159518,-1.084072,-1.079175,0.252347,0.912751,-1.163821,-1.190806,-1.021371,-1.0573,0.900184,-1.136807,-1.472963,-1.114919,-1.00347,0.847293,-1.104456,-1.371034,-1.220615,-0.764041,1.014682,-1.118732,0.798984,-1.397466,-1.017917,0.232953,-1.134714,0.843175,-1.319234,-0.920545,-0.96319,-1.232397,1.145294,-1.067756,0.432486,-1.216046,-1.174345,-1.055735,-1.000554,1.006072,-1.09172,-1.090193,-1.05026,-1.053028,1.023789,-1.204906,-1.169835,-0.972963,-1.016248,-0.886288,0.620525,-1.156982,-0.968166,-0.999375,-0.841696,0.99837,-1.186076,-0.724899,-0.998949,-0.877085,0.34428,-1.094755,1.066176,-1.126113,-1.118054,-1.002385,-1.09247,1.167536,-1.106112,0.394191,0.235549,-1.094174,-0.13953,-1.073149,0.124709,-1.058639,-1.186415,-0.947312,-1.002086,0.435406,-1.180808,-0.801256,-1.035866,-1.000718,-0.174088,-1.147696,-1.119764,-0.997718,-0.938926,0.990591,-0.004897,-1.169479,-0.981901,-0.941397,-1.035311,-1.124615,-1.089841,-1.033873,-0.958163,0.919249,0.53669,-1.129299,-0.640657,-0.873998,-1.198765,-1.09561,0.522904,-1.100124,1.038359,0.829114,-1.006903,-1.052877,-0.67418,-1.040197,-1.332612,-0.465219,-0.981574,-0.902294,-0.978295,-0.93718,-0.701611,-1.004455,-0.92041,-0.944531,0.49247,-1.241921,0.016626,-0.912074,-0.950248,-0.58986,-1.175713,-1.109732,-1.032506,-0.959896,1.341701,0.687543,-1.207387,-1.130649,-1.024569,1.336678,-1.308646,-1.181928,-1.254994,-0.939089,0.579491,-1.335671,-1.113039,-0.813273,0.33755,0.887443,-0.941429,1.083885,0.698473,-0.794761,1.522144,-0.745278,-1.033746,-0.941976,-0.910302,1.087891,-0.578475,-0.990107,-1.035018,-0.986456,0.277777,-0.965551,-1.050185,-1.087821,-0.934833,0.979883,-1.119215,-1.056865,-0.89824,-0.908857,1.094225,-0.381342,-1.294721,-1.091191,-1.054856,1.117381,0.901965,-1.605087,-1.091517,-1.04289,-0.642884,0.651461,-1.22978,-1.492007,-1.049486,0.017023,-1.235227,-1.292597,-1.193523,-1.025916,-1.153764,-1.075967,-1.179107,-0.060151,-0.826477,-1.053657,-1.025697,-1.252269,-0.767198,-1.050444,0.489402,-1.22477,-1.001097,0.633384,-0.901659,1.034808,-1.022988,0.293549,-0.940997,-0.930521,0.692231,-1.079518,-0.627127,-0.884932,-0.912073,1.180092,-1.07309,-0.829142,-1.198089,-1.095378,1.181457
101.0,76.7,64.0,3.0,2.0,32262.0,32363.0,-0.24853,-1.914973,1.001682,0.114723,0.186072,0.331305,-1.94272,1.051365,-0.510033,-1.229764,0.481622,-1.879346,0.73987,-2.083863,1.29808,0.635837,-1.772743,0.98416,-0.867284,0.950086,-0.256483,-1.877005,0.962214,-1.073586,-1.609101,0.145932,-0.470992,1.212054,1.192047,1.113644,-1.414185,-1.693232,0.968831,0.99535,1.144591,-1.798445,-1.701162,0.947666,0.638313,1.204434,0.696367,-1.667684,1.09357,0.872603,1.295753,1.260262,-1.743137,1.08594,0.903991,1.482189,-0.755053,-1.717178,1.0539,-1.227801,1.265856,0.361356,-1.883152,0.942316,-1.403968,1.560418,-0.662473,-0.923799,0.443007,-1.910405,1.488531,-1.929411,-0.134473,-2.105514,0.852664,1.302405,-1.138526,1.677015,1.309865,1.250379,1.180407,-2.019839,1.602943,0.917688,0.937119,0.758224,0.865387,-1.740229,0.6612,1.061871,0.93209,1.045643,-1.65448,0.521222,0.715093,0.958208,0.653562,-1.527879,0.931884,-1.255854,1.433184,0.736695,0.154263,1.030717,-1.21397,1.124497,-1.723858,-1.365436,1.028716,2.062802,1.287637,-1.88791,-0.099817,0.342744,1.336028,1.267607,-1.922833,-0.286512,-2.458877,0.76667,1.301539,-0.598784,1.295413,0.944323,1.033638,0.822077,-1.843568,-1.591496,0.878226,0.849036,0.542327,1.364632,1.333886,1.07864,1.121835,0.66208,-1.790221,-2.256266,0.550003,-0.503565,0.332633,0.99397,1.680478,-2.017863,1.647682,-0.805966,-1.377857,1.197087,0.935841,2.184248,1.227863,1.221828,-1.240152,0.991131,1.45819,1.281496,2.34527,-0.802355,1.147004,1.191722,1.209561,-1.400259,1.068791,-2.054379,0.966606,1.153986,2.354381,1.570009,1.004701,0.908152,1.003349,-0.157684,-1.405834,0.764092,0.825116,0.640162,-1.560135,2.205923,0.590724,0.866448,0.379687,-2.026935,0.525983,0.749352,1.52017,-2.057066,-0.81365,1.107507,-1.860638,1.127911,0.451149,-0.606003,0.906483,0.82013,1.872619,1.438301,-1.097471,1.784294,0.851153,1.348353,1.231657,0.54357,-0.532639,0.935049,1.419533,1.30114,-0.977663,1.558102,1.388519,0.956486,1.072245,-1.277895,2.057488,-1.563186,0.963595,1.000722,-1.211603,-0.736076,-0.962907,0.674939,0.705133,1.57832,-1.923441,0.81134,0.585057,0.467461,-1.485352,1.183996,0.871703,1.778389,1.336227,1.283485,1.075455,1.195919,0.490121,0.510151,0.804531,1.541189,0.755417,1.026727,1.482487,2.046244,0.803155,0.674812,-2.165838,1.140741,-0.936093,1.458285,-2.804826,0.700886,1.14544,-1.162802,1.729601,-1.3622,0.753863,1.038379,-0.317856,1.60821,-1.696465,0.310269,0.656868,-0.293726
166.0,77.8,64.4,10.0,9.0,32363.0,32529.0,-0.24853,-1.914973,1.001682,0.114723,0.186072,0.331305,-1.94272,1.051365,-0.510033,-1.229764,0.481622,-1.879346,0.73987,-2.083863,1.29808,0.635837,-1.772743,0.98416,-0.867284,0.950086,-0.256483,-1.877005,0.962214,-1.073586,-1.609101,0.145932,-0.470992,1.212054,1.192047,1.113644,-1.414185,-1.693232,0.968831,0.99535,1.144591,-1.798445,-1.701162,0.947666,0.638313,1.204434,0.696367,-1.667684,1.09357,0.872603,1.295753,1.260262,-1.743137,1.08594,0.903991,1.482189,-0.755053,-1.717178,1.0539,-1.227801,1.265856,0.361356,-1.883152,0.942316,-1.403968,1.560418,-0.662473,-0.923799,0.443007,-1.910405,1.488531,-1.929411,-0.134473,-2.105514,0.852664,1.302405,-1.138526,1.677015,1.309865,1.250379,1.180407,-2.019839,1.602943,0.917688,0.937119,0.758224,0.865387,-1.740229,0.6612,1.061871,0.93209,1.045643,-1.65448,0.521222,0.715093,0.958208,0.653562,-1.527879,0.931884,-1.255854,1.433184,0.736695,0.154263,1.030717,-1.21397,1.124497,-1.723858,-1.365436,1.028716,2.062802,1.287637,-1.88791,-0.099817,0.342744,1.336028,1.267607,-1.922833,-0.286512,-2.458877,0.76667,1.301539,-0.598784,1.295413,0.944323,1.033638,0.822077,-1.843568,-1.591496,0.878226,0.849036,0.542327,1.364632,1.333886,1.07864,1.121835,0.66208,-1.790221,-2.256266,0.550003,-0.503565,0.332633,0.99397,1.680478,-2.017863,1.647682,-0.805966,-1.377857,1.197087,0.935841,2.184248,1.227863,1.221828,-1.240152,0.991131,1.45819,1.281496,2.34527,-0.802355,1.147004,1.191722,1.209561,-1.400259,1.068791,-2.054379,0.966606,1.153986,2.354381,1.570009,1.004701,0.908152,1.003349,-0.157684,-1.405834,0.764092,0.825116,0.640162,-1.560135,2.205923,0.590724,0.866448,0.379687,-2.026935,0.525983,0.749352,1.52017,-2.057066,-0.81365,1.107507,-1.860638,1.127911,0.451149,-0.606003,0.906483,0.82013,1.872619,1.438301,-1.097471,1.784294,0.851153,1.348353,1.231657,0.54357,-0.532639,0.935049,1.419533,1.30114,-0.977663,1.558102,1.388519,0.956486,1.072245,-1.277895,2.057488,-1.563186,0.963595,1.000722,-1.211603,-0.736076,-0.962907,0.674939,0.705133,1.57832,-1.923441,0.81134,0.585057,0.467461,-1.485352,1.183996,0.871703,1.778389,1.336227,1.283485,1.075455,1.195919,0.490121,0.510151,0.804531,1.541189,0.755417,1.026727,1.482487,2.046244,0.803155,0.674812,-2.165838,1.140741,-0.936093,1.458285,-2.804826,0.700886,1.14544,-1.162802,1.729601,-1.3622,0.753863,1.038379,-0.317856,1.60821,-1.696465,0.310269,0.656868,-0.293726
1530.0,84.4,71.5,30.0,89.0,32529.0,34059.0,-0.24853,-1.914973,1.001682,0.114723,0.186072,0.331305,-1.94272,1.051365,-0.510033,-1.229764,0.481622,-1.879346,0.73987,-2.083863,1.29808,0.635837,-1.772743,0.98416,-0.867284,0.950086,-0.256483,-1.877005,0.962214,-1.073586,-1.609101,0.145932,-0.470992,1.212054,1.192047,1.113644,-1.414185,-1.693232,0.968831,0.99535,1.144591,-1.798445,-1.701162,0.947666,0.638313,1.204434,0.696367,-1.667684,1.09357,0.872603,1.295753,1.260262,-1.743137,1.08594,0.903991,1.482189,-0.755053,-1.717178,1.0539,-1.227801,1.265856,0.361356,-1.883152,0.942316,-1.403968,1.560418,-0.662473,-0.923799,0.443007,-1.910405,1.488531,-1.929411,-0.134473,-2.105514,0.852664,1.302405,-1.138526,1.677015,1.309865,1.250379,1.180407,-2.019839,1.602943,0.917688,0.937119,0.758224,0.865387,-1.740229,0.6612,1.061871,0.93209,1.045643,-1.65448,0.521222,0.715093,0.958208,0.653562,-1.527879,0.931884,-1.255854,1.433184,0.736695,0.154263,1.030717,-1.21397,1.124497,-1.723858,-1.365436,1.028716,2.062802,1.287637,-1.88791,-0.099817,0.342744,1.336028,1.267607,-1.922833,-0.286512,-2.458877,0.76667,1.301539,-0.598784,1.295413,0.944323,1.033638,0.822077,-1.843568,-1.591496,0.878226,0.849036,0.542327,1.364632,1.333886,1.07864,1.121835,0.66208,-1.790221,-2.256266,0.550003,-0.503565,0.332633,0.99397,1.680478,-2.017863,1.647682,-0.805966,-1.377857,1.197087,0.935841,2.184248,1.227863,1.221828,-1.240152,0.991131,1.45819,1.281496,2.34527,-0.802355,1.147004,1.191722,1.209561,-1.400259,1.068791,-2.054379,0.966606,1.153986,2.354381,1.570009,1.004701,0.908152,1.003349,-0.157684,-1.405834,0.764092,0.825116,0.640162,-1.560135,2.205923,0.590724,0.866448,0.379687,-2.026935,0.525983,0.749352,1.52017,-2.057066,-0.81365,1.107507,-1.860638,1.127911,0.451149,-0.606003,0.906483,0.82013,1.872619,1.438301,-1.097471,1.784294,0.851153,1.348353,1.231657,0.54357,-0.532639,0.935049,1.419533,1.30114,-0.977663,1.558102,1.388519,0.956486,1.072245,-1.277895,2.057488,-1.563186,0.963595,1.000722,-1.211603,-0.736076,-0.962907,0.674939,0.705133,1.57832,-1.923441,0.81134,0.585057,0.467461,-1.485352,1.183996,0.871703,1.778389,1.336227,1.283485,1.075455,1.195919,0.490121,0.510151,0.804531,1.541189,0.755417,1.026727,1.482487,2.046244,0.803155,0.674812,-2.165838,1.140741,-0.936093,1.458285,-2.804826,0.700886,1.14544,-1.162802,1.729601,-1.3622,0.753863,1.038379,-0.317856,1.60821,-1.696465,0.310269,0.656868,-0.293726
266.0,87.8,77.0,7.0,7.0,34059.0,34325.0,-0.24853,-1.914973,1.001682,0.114723,0.186072,0.331305,-1.94272,1.051365,-0.510033,-1.229764,0.481622,-1.879346,0.73987,-2.083863,1.29808,0.635837,-1.772743,0.98416,-0.867284,0.950086,-0.256483,-1.877005,0.962214,-1.073586,-1.609101,0.145932,-0.470992,1.212054,1.192047,1.113644,-1.414185,-1.693232,0.968831,0.99535,1.144591,-1.798445,-1.701162,0.947666,0.638313,1.204434,0.696367,-1.667684,1.09357,0.872603,1.295753,1.260262,-1.743137,1.08594,0.903991,1.482189,-0.755053,-1.717178,1.0539,-1.227801,1.265856,0.361356,-1.883152,0.942316,-1.403968,1.560418,-0.662473,-0.923799,0.443007,-1.910405,1.488531,-1.929411,-0.134473,-2.105514,0.852664,1.302405,-1.138526,1.677015,1.309865,1.250379,1.180407,-2.019839,1.602943,0.917688,0.937119,0.758224,0.865387,-1.740229,0.6612,1.061871,0.93209,1.045643,-1.65448,0.521222,0.715093,0.958208,0.653562,-1.527879,0.931884,-1.255854,1.433184,0.736695,0.154263,1.030717,-1.21397,1.124497,-1.723858,-1.365436,1.028716,2.062802,1.287637,-1.88791,-0.099817,0.342744,1.336028,1.267607,-1.922833,-0.286512,-2.458877,0.76667,1.301539,-0.598784,1.295413,0.944323,1.033638,0.822077,-1.843568,-1.591496,0.878226,0.849036,0.542327,1.364632,1.333886,1.07864,1.121835,0.66208,-1.790221,-2.256266,0.550003,-0.503565,0.332633,0.99397,1.680478,-2.017863,1.647682,-0.805966,-1.377857,1.197087,0.935841,2.184248,1.227863,1.221828,-1.240152,0.991131,1.45819,1.281496,2.34527,-0.802355,1.147004,1.191722,1.209561,-1.400259,1.068791,-2.054379,0.966606,1.153986,2.354381,1.570009,1.004701,0.908152,1.003349,-0.157684,-1.405834,0.764092,0.825116,0.640162,-1.560135,2.205923,0.590724,0.866448,0.379687,-2.026935,0.525983,0.749352,1.52017,-2.057066,-0.81365,1.107507,-1.860638,1.127911,0.451149,-0.606003,0.906483,0.82013,1.872619,1.438301,-1.097471,1.784294,0.851153,1.348353,1.231657,0.54357,-0.532639,0.935049,1.419533,1.30114,-0.977663,1.558102,1.388519,0.956486,1.072245,-1.277895,2.057488,-1.563186,0.963595,1.000722,-1.211603,-0.736076,-0.962907,0.674939,0.705133,1.57832,-1.923441,0.81134,0.585057,0.467461,-1.485352,1.183996,0.871703,1.778389,1.336227,1.283485,1.075455,1.195919,0.490121,0.510151,0.804531,1.541189,0.755417,1.026727,1.482487,2.046244,0.803155,0.674812,-2.165838,1.140741,-0.936093,1.458285,-2.804826,0.700886,1.14544,-1.162802,1.729601,-1.3622,0.753863,1.038379,-0.317856,1.60821,-1.696465,0.310269,0.656868,-0.293726
565.0,86.3,75.1,6.0,12.0,34325.0,34890.0,-0.24853,-1.914973,1.001682,0.114723,0.186072,0.331305,-1.94272,1.051365,-0.510033,-1.229764,0.481622,-1.879346,0.73987,-2.083863,1.29808,0.635837,-1.772743,0.98416,-0.867284,0.950086,-0.256483,-1.877005,0.962214,-1.073586,-1.609101,0.145932,-0.470992,1.212054,1.192047,1.113644,-1.414185,-1.693232,0.968831,0.99535,1.144591,-1.798445,-1.701162,0.947666,0.638313,1.204434,0.696367,-1.667684,1.09357,0.872603,1.295753,1.260262,-1.743137,1.08594,0.903991,1.482189,-0.755053,-1.717178,1.0539,-1.227801,1.265856,0.361356,-1.883152,0.942316,-1.403968,1.560418,-0.662473,-0.923799,0.443007,-1.910405,1.488531,-1.929411,-0.134473,-2.105514,0.852664,1.302405,-1.138526,1.677015,1.309865,1.250379,1.180407,-2.019839,1.602943,0.917688,0.937119,0.758224,0.865387,-1.740229,0.6612,1.061871,0.93209,1.045643,-1.65448,0.521222,0.715093,0.958208,0.653562,-1.527879,0.931884,-1.255854,1.433184,0.736695,0.154263,1.030717,-1.21397,1.124497,-1.723858,-1.365436,1.028716,2.062802,1.287637,-1.88791,-0.099817,0.342744,1.336028,1.267607,-1.922833,-0.286512,-2.458877,0.76667,1.301539,-0.598784,1.295413,0.944323,1.033638,0.822077,-1.843568,-1.591496,0.878226,0.849036,0.542327,1.364632,1.333886,1.07864,1.121835,0.66208,-1.790221,-2.256266,0.550003,-0.503565,0.332633,0.99397,1.680478,-2.017863,1.647682,-0.805966,-1.377857,1.197087,0.935841,2.184248,1.227863,1.221828,-1.240152,0.991131,1.45819,1.281496,2.34527,-0.802355,1.147004,1.191722,1.209561,-1.400259,1.068791,-2.054379,0.966606,1.153986,2.354381,1.570009,1.004701,0.908152,1.003349,-0.157684,-1.405834,0.764092,0.825116,0.640162,-1.560135,2.205923,0.590724,0.866448,0.379687,-2.026935,0.525983,0.749352,1.52017,-2.057066,-0.81365,1.107507,-1.860638,1.127911,0.451149,-0.606003,0.906483,0.82013,1.872619,1.438301,-1.097471,1.784294,0.851153,1.348353,1.231657,0.54357,-0.532639,0.935049,1.419533,1.30114,-0.977663,1.558102,1.388519,0.956486,1.072245,-1.277895,2.057488,-1.563186,0.963595,1.000722,-1.211603,-0.736076,-0.962907,0.674939,0.705133,1.57832,-1.923441,0.81134,0.585057,0.467461,-1.485352,1.183996,0.871703,1.778389,1.336227,1.283485,1.075455,1.195919,0.490121,0.510151,0.804531,1.541189,0.755417,1.026727,1.482487,2.046244,0.803155,0.674812,-2.165838,1.140741,-0.936093,1.458285,-2.804826,0.700886,1.14544,-1.162802,1.729601,-1.3622,0.753863,1.038379,-0.317856,1.60821,-1.696465,0.310269,0.656868,-0.293726
332.0,86.5,75.1,3.0,8.0,34890.0,35222.0,-0.677896,0.424851,-1.021854,-0.830028,-0.436036,-0.731891,0.278677,-1.078408,-0.983231,0.545826,-0.866063,0.036219,-1.043159,0.491243,-0.846352,-0.718773,0.741477,-0.896426,0.385735,-0.298085,-0.479564,0.759686,-0.936538,0.160633,0.833189,-0.415807,0.556012,-0.842689,-0.763114,-0.74751,0.175519,0.886512,-0.862021,-0.664527,-0.724871,0.409201,0.905118,-0.868669,-0.784159,-0.600058,-0.681757,0.95515,-0.884389,-1.421703,-0.549154,-0.670748,0.969781,-0.884225,-1.609057,-0.550985,-0.424329,0.9708,-0.91289,0.474145,-0.250611,-0.585188,0.555485,-0.9089,0.747208,-0.558042,-0.41864,-0.413706,-0.94409,1.31607,-0.575448,0.361427,-0.563687,-0.858279,-0.415983,-0.666941,0.990592,-0.801916,-0.873264,-0.708771,-0.714169,0.868517,-0.846758,-0.827174,-0.536817,-0.544616,-0.384577,1.001621,-0.841872,-0.583218,-0.540367,-0.500183,0.99874,-0.870319,-0.243419,-0.448414,-0.445375,0.952231,-0.866176,0.604202,-0.700552,-0.783588,-0.433801,-0.905989,0.909338,-0.548463,0.752215,0.673241,-0.935163,-0.188931,-0.607903,0.372382,-0.509335,-0.871863,-0.578351,-0.637445,0.36671,-0.498903,-0.524057,-0.372914,-0.663975,0.162497,-0.787996,-0.752928,-0.577046,-0.472107,0.951352,0.700507,-0.918212,-0.47359,-0.365409,-0.859745,-0.668371,-0.865255,-0.588092,-0.407327,0.764942,0.761404,-0.855855,-0.123906,-0.44192,-1.576958,-0.869603,0.742974,-0.92195,0.665329,0.532194,-0.703757,-0.806384,-0.610736,-0.642176,-0.867847,0.394667,-0.641939,-0.675976,-0.626151,-1.244512,-0.035855,-0.696444,-0.533022,-0.599217,0.21749,-0.748233,0.720144,-0.403784,-0.556075,-0.627883,-0.827532,-0.843546,-0.614397,-0.530186,0.437811,0.677595,-1.117087,-0.712552,-0.530775,1.126436,-0.59466,-1.044261,-0.858668,-0.426524,0.806772,-0.965645,-0.899148,-0.952065,0.773087,0.291653,-0.323052,1.008474,0.024506,-0.214687,0.855991,-0.894209,-0.673437,-0.893481,-0.673544,0.923851,0.085963,-0.588919,-0.780088,-0.631869,-0.512052,-0.175252,-0.66433,-0.827658,-0.619166,0.496606,-0.888899,-0.801809,-0.441417,-0.514726,0.840008,-0.117662,-0.759706,-0.7013,-0.652844,0.902396,0.773215,-1.825539,-0.596561,-0.528371,-0.638614,0.899496,-1.143716,-1.010762,-0.48867,0.433509,-0.890296,-1.186285,-1.123497,-0.689292,-0.83203,-0.689941,-0.903441,-0.129973,-0.073039,-0.627039,-0.82977,-0.813733,-0.963284,-0.771421,0.149674,-0.869592,-0.5044,1.202799,-0.481519,0.522283,-0.862332,0.708925,-0.374992,-0.533225,0.223587,-0.96855,-0.118075,-0.358218,-0.482842,0.71783,-0.85953,-0.146737,-0.610495,-0.579272,0.720815
299.0,87.2,75.6,26.0,14.0,35222.0,35521.0,-0.24853,-1.914973,1.001682,0.114723,0.186072,0.331305,-1.94272,1.051365,-0.510033,-1.229764,0.481622,-1.879346,0.73987,-2.083863,1.29808,0.635837,-1.772743,0.98416,-0.867284,0.950086,-0.256483,-1.877005,0.962214,-1.073586,-1.609101,0.145932,-0.470992,1.212054,1.192047,1.113644,-1.414185,-1.693232,0.968831,0.99535,1.144591,-1.798445,-1.701162,0.947666,0.638313,1.204434,0.696367,-1.667684,1.09357,0.872603,1.295753,1.260262,-1.743137,1.08594,0.903991,1.482189,-0.755053,-1.717178,1.0539,-1.227801,1.265856,0.361356,-1.883152,0.942316,-1.403968,1.560418,-0.662473,-0.923799,0.443007,-1.910405,1.488531,-1.929411,-0.134473,-2.105514,0.852664,1.302405,-1.138526,1.677015,1.309865,1.250379,1.180407,-2.019839,1.602943,0.917688,0.937119,0.758224,0.865387,-1.740229,0.6612,1.061871,0.93209,1.045643,-1.65448,0.521222,0.715093,0.958208,0.653562,-1.527879,0.931884,-1.255854,1.433184,0.736695,0.154263,1.030717,-1.21397,1.124497,-1.723858,-1.365436,1.028716,2.062802,1.287637,-1.88791,-0.099817,0.342744,1.336028,1.267607,-1.922833,-0.286512,-2.458877,0.76667,1.301539,-0.598784,1.295413,0.944323,1.033638,0.822077,-1.843568,-1.591496,0.878226,0.849036,0.542327,1.364632,1.333886,1.07864,1.121835,0.66208,-1.790221,-2.256266,0.550003,-0.503565,0.332633,0.99397,1.680478,-2.017863,1.647682,-0.805966,-1.377857,1.197087,0.935841,2.184248,1.227863,1.221828,-1.240152,0.991131,1.45819,1.281496,2.34527,-0.802355,1.147004,1.191722,1.209561,-1.400259,1.068791,-2.054379,0.966606,1.153986,2.354381,1.570009,1.004701,0.908152,1.003349,-0.157684,-1.405834,0.764092,0.825116,0.640162,-1.560135,2.205923,0.590724,0.866448,0.379687,-2.026935,0.525983,0.749352,1.52017,-2.057066,-0.81365,1.107507,-1.860638,1.127911,0.451149,-0.606003,0.906483,0.82013,1.872619,1.438301,-1.097471,1.784294,0.851153,1.348353,1.231657,0.54357,-0.532639,0.935049,1.419533,1.30114,-0.977663,1.558102,1.388519,0.956486,1.072245,-1.277895,2.057488,-1.563186,0.963595,1.000722,-1.211603,-0.736076,-0.962907,0.674939,0.705133,1.57832,-1.923441,0.81134,0.585057,0.467461,-1.485352,1.183996,0.871703,1.778389,1.336227,1.283485,1.075455,1.195919,0.490121,0.510151,0.804531,1.541189,0.755417,1.026727,1.482487,2.046244,0.803155,0.674812,-2.165838,1.140741,-0.936093,1.458285,-2.804826,0.700886,1.14544,-1.162802,1.729601,-1.3622,0.753863,1.038379,-0.317856,1.60821,-1.696465,0.310269,0.656868,-0.293726
465.0,84.7,71.3,9.0,5.0,35521.0,35986.0,-0.24853,-1.914973,1.001682,0.114723,0.186072,0.331305,-1.94272,1.051365,-0.510033,-1.229764,0.481622,-1.879346,0.73987,-2.083863,1.29808,0.635837,-1.772743,0.98416,-0.867284,0.950086,-0.256483,-1.877005,0.962214,-1.073586,-1.609101,0.145932,-0.470992,1.212054,1.192047,1.113644,-1.414185,-1.693232,0.968831,0.99535,1.144591,-1.798445,-1.701162,0.947666,0.638313,1.204434,0.696367,-1.667684,1.09357,0.872603,1.295753,1.260262,-1.743137,1.08594,0.903991,1.482189,-0.755053,-1.717178,1.0539,-1.227801,1.265856,0.361356,-1.883152,0.942316,-1.403968,1.560418,-0.662473,-0.923799,0.443007,-1.910405,1.488531,-1.929411,-0.134473,-2.105514,0.852664,1.302405,-1.138526,1.677015,1.309865,1.250379,1.180407,-2.019839,1.602943,0.917688,0.937119,0.758224,0.865387,-1.740229,0.6612,1.061871,0.93209,1.045643,-1.65448,0.521222,0.715093,0.958208,0.653562,-1.527879,0.931884,-1.255854,1.433184,0.736695,0.154263,1.030717,-1.21397,1.124497,-1.723858,-1.365436,1.028716,2.062802,1.287637,-1.88791,-0.099817,0.342744,1.336028,1.267607,-1.922833,-0.286512,-2.458877,0.76667,1.301539,-0.598784,1.295413,0.944323,1.033638,0.822077,-1.843568,-1.591496,0.878226,0.849036,0.542327,1.364632,1.333886,1.07864,1.121835,0.66208,-1.790221,-2.256266,0.550003,-0.503565,0.332633,0.99397,1.680478,-2.017863,1.647682,-0.805966,-1.377857,1.197087,0.935841,2.184248,1.227863,1.221828,-1.240152,0.991131,1.45819,1.281496,2.34527,-0.802355,1.147004,1.191722,1.209561,-1.400259,1.068791,-2.054379,0.966606,1.153986,2.354381,1.570009,1.004701,0.908152,1.003349,-0.157684,-1.405834,0.764092,0.825116,0.640162,-1.560135,2.205923,0.590724,0.866448,0.379687,-2.026935,0.525983,0.749352,1.52017,-2.057066,-0.81365,1.107507,-1.860638,1.127911,0.451149,-0.606003,0.906483,0.82013,1.872619,1.438301,-1.097471,1.784294,0.851153,1.348353,1.231657,0.54357,-0.532639,0.935049,1.419533,1.30114,-0.977663,1.558102,1.388519,0.956486,1.072245,-1.277895,2.057488,-1.563186,0.963595,1.000722,-1.211603,-0.736076,-0.962907,0.674939,0.705133,1.57832,-1.923441,0.81134,0.585057,0.467461,-1.485352,1.183996,0.871703,1.778389,1.336227,1.283485,1.075455,1.195919,0.490121,0.510151,0.804531,1.541189,0.755417,1.026727,1.482487,2.046244,0.803155,0.674812,-2.165838,1.140741,-0.936093,1.458285,-2.804826,0.700886,1.14544,-1.162802,1.729601,-1.3622,0.753863,1.038379,-0.317856,1.60821,-1.696465,0.310269,0.656868,-0.293726
99.0,80.3,69.3,2.0,5.0,35986.0,36085.0,-0.24853,-1.914973,1.001682,0.114723,0.186072,0.331305,-1.94272,1.051365,-0.510033,-1.229764,0.481622,-1.879346,0.73987,-2.083863,1.29808,0.635837,-1.772743,0.98416,-0.867284,0.950086,-0.256483,-1.877005,0.962214,-1.073586,-1.609101,0.145932,-0.470992,1.212054,1.192047,1.113644,-1.414185,-1.693232,0.968831,0.99535,1.144591,-1.798445,-1.701162,0.947666,0.638313,1.204434,0.696367,-1.667684,1.09357,0.872603,1.295753,1.260262,-1.743137,1.08594,0.903991,1.482189,-0.755053,-1.717178,1.0539,-1.227801,1.265856,0.361356,-1.883152,0.942316,-1.403968,1.560418,-0.662473,-0.923799,0.443007,-1.910405,1.488531,-1.929411,-0.134473,-2.105514,0.852664,1.302405,-1.138526,1.677015,1.309865,1.250379,1.180407,-2.019839,1.602943,0.917688,0.937119,0.758224,0.865387,-1.740229,0.6612,1.061871,0.93209,1.045643,-1.65448,0.521222,0.715093,0.958208,0.653562,-1.527879,0.931884,-1.255854,1.433184,0.736695,0.154263,1.030717,-1.21397,1.124497,-1.723858,-1.365436,1.028716,2.062802,1.287637,-1.88791,-0.099817,0.342744,1.336028,1.267607,-1.922833,-0.286512,-2.458877,0.76667,1.301539,-0.598784,1.295413,0.944323,1.033638,0.822077,-1.843568,-1.591496,0.878226,0.849036,0.542327,1.364632,1.333886,1.07864,1.121835,0.66208,-1.790221,-2.256266,0.550003,-0.503565,0.332633,0.99397,1.680478,-2.017863,1.647682,-0.805966,-1.377857,1.197087,0.935841,2.184248,1.227863,1.221828,-1.240152,0.991131,1.45819,1.281496,2.34527,-0.802355,1.147004,1.191722,1.209561,-1.400259,1.068791,-2.054379,0.966606,1.153986,2.354381,1.570009,1.004701,0.908152,1.003349,-0.157684,-1.405834,0.764092,0.825116,0.640162,-1.560135,2.205923,0.590724,0.866448,0.379687,-2.026935,0.525983,0.749352,1.52017,-2.057066,-0.81365,1.107507,-1.860638,1.127911,0.451149,-0.606003,0.906483,0.82013,1.872619,1.438301,-1.097471,1.784294,0.851153,1.348353,1.231657,0.54357,-0.532639,0.935049,1.419533,1.30114,-0.977663,1.558102,1.388519,0.956486,1.072245,-1.277895,2.057488,-1.563186,0.963595,1.000722,-1.211603,-0.736076,-0.962907,0.674939,0.705133,1.57832,-1.923441,0.81134,0.585057,0.467461,-1.485352,1.183996,0.871703,1.778389,1.336227,1.283485,1.075455,1.195919,0.490121,0.510151,0.804531,1.541189,0.755417,1.026727,1.482487,2.046244,0.803155,0.674812,-2.165838,1.140741,-0.936093,1.458285,-2.804826,0.700886,1.14544,-1.162802,1.729601,-1.3622,0.753863,1.038379,-0.317856,1.60821,-1.696465,0.310269,0.656868,-0.293726
99.0,68.3,59.0,6.0,7.0,36085.0,36184.0,-0.24853,-1.914973,1.001682,0.114723,0.186072,0.331305,-1.94272,1.051365,-0.510033,-1.229764,0.481622,-1.879346,0.73987,-2.083863,1.29808,0.635837,-1.772743,0.98416,-0.867284,0.950086,-0.256483,-1.877005,0.962214,-1.073586,-1.609101,0.145932,-0.470992,1.212054,1.192047,1.113644,-1.414185,-1.693232,0.968831,0.99535,1.144591,-1.798445,-1.701162,0.947666,0.638313,1.204434,0.696367,-1.667684,1.09357,0.872603,1.295753,1.260262,-1.743137,1.08594,0.903991,1.482189,-0.755053,-1.717178,1.0539,-1.227801,1.265856,0.361356,-1.883152,0.942316,-1.403968,1.560418,-0.662473,-0.923799,0.443007,-1.910405,1.488531,-1.929411,-0.134473,-2.105514,0.852664,1.302405,-1.138526,1.677015,1.309865,1.250379,1.180407,-2.019839,1.602943,0.917688,0.937119,0.758224,0.865387,-1.740229,0.6612,1.061871,0.93209,1.045643,-1.65448,0.521222,0.715093,0.958208,0.653562,-1.527879,0.931884,-1.255854,1.433184,0.736695,0.154263,1.030717,-1.21397,1.124497,-1.723858,-1.365436,1.028716,2.062802,1.287637,-1.88791,-0.099817,0.342744,1.336028,1.267607,-1.922833,-0.286512,-2.458877,0.76667,1.301539,-0.598784,1.295413,0.944323,1.033638,0.822077,-1.843568,-1.591496,0.878226,0.849036,0.542327,1.364632,1.333886,1.07864,1.121835,0.66208,-1.790221,-2.256266,0.550003,-0.503565,0.332633,0.99397,1.680478,-2.017863,1.647682,-0.805966,-1.377857,1.197087,0.935841,2.184248,1.227863,1.221828,-1.240152,0.991131,1.45819,1.281496,2.34527,-0.802355,1.147004,1.191722,1.209561,-1.400259,1.068791,-2.054379,0.966606,1.153986,2.354381,1.570009,1.004701,0.908152,1.003349,-0.157684,-1.405834,0.764092,0.825116,0.640162,-1.560135,2.205923,0.590724,0.866448,0.379687,-2.026935,0.525983,0.749352,1.52017,-2.057066,-0.81365,1.107507,-1.860638,1.127911,0.451149,-0.606003,0.906483,0.82013,1.872619,1.438301,-1.097471,1.784294,0.851153,1.348353,1.231657,0.54357,-0.532639,0.935049,1.419533,1.30114,-0.977663,1.558102,1.388519,0.956486,1.072245,-1.277895,2.057488,-1.563186,0.963595,1.000722,-1.211603,-0.736076,-0.962907,0.674939,0.705133,1.57832,-1.923441,0.81134,0.585057,0.467461,-1.485352,1.183996,0.871703,1.778389,1.336227,1.283485,1.075455,1.195919,0.490121,0.510151,0.804531,1.541189,0.755417,1.026727,1.482487,2.046244,0.803155,0.674812,-2.165838,1.140741,-0.936093,1.458285,-2.804826,0.700886,1.14544,-1.162802,1.729601,-1.3622,0.753863,1.038379,-0.317856,1.60821,-1.696465,0.310269,0.656868,-0.293726
232.0,67.7,55.6,5.0,5.0,6214.0,6446.0,-0.24853,-1.914973,1.001682,0.114723,0.186072,0.331305,-1.94272,1.051365,-0.510033,-1.229764,0.481622,-1.879346,0.73987,-2.083863,1.29808,0.635837,-1.772743,0.98416,-0.867284,0.950086,-0.256483,-1.877005,0.962214,-1.073586,-1.609101,0.145932,-0.470992,1.212054,1.192047,1.113644,-1.414185,-1.693232,0.968831,0.99535,1.144591,-1.798445,-1.701162,0.947666,0.638313,1.204434,0.696367,-1.667684,1.09357,0.872603,1.295753,1.260262,-1.743137,1.08594,0.903991,1.482189,-0.755053,-1.717178,1.0539,-1.227801,1.265856,0.361356,-1.883152,0.942316,-1.403968,1.560418,-0.662473,-0.923799,0.443007,-1.910405,1.488531,-1.929411,-0.134473,-2.105514,0.852664,1.302405,-1.138526,1.677015,1.309865,1.250379,1.180407,-2.019839,1.602943,0.917688,0.937119,0.758224,0.865387,-1.740229,0.6612,1.061871,0.93209,1.045643,-1.65448,0.521222,0.715093,0.958208,0.653562,-1.527879,0.931884,-1.255854,1.433184,0.736695,0.154263,1.030717,-1.21397,1.124497,-1.723858,-1.365436,1.028716,2.062802,1.287637,-1.88791,-0.099817,0.342744,1.336028,1.267607,-1.922833,-0.286512,-2.458877,0.76667,1.301539,-0.598784,1.295413,0.944323,1.033638,0.822077,-1.843568,-1.591496,0.878226,0.849036,0.542327,1.364632,1.333886,1.07864,1.121835,0.66208,-1.790221,-2.256266,0.550003,-0.503565,0.332633,0.99397,1.680478,-2.017863,1.647682,-0.805966,-1.377857,1.197087,0.935841,2.184248,1.227863,1.221828,-1.240152,0.991131,1.45819,1.281496,2.34527,-0.802355,1.147004,1.191722,1.209561,-1.400259,1.068791,-2.054379,0.966606,1.153986,2.354381,1.570009,1.004701,0.908152,1.003349,-0.157684,-1.405834,0.764092,0.825116,0.640162,-1.560135,2.205923,0.590724,0.866448,0.379687,-2.026935,0.525983,0.749352,1.52017,-2.057066,-0.81365,1.107507,-1.860638,1.127911,0.451149,-0.606003,0.906483,0.82013,1.872619,1.438301,-1.097471,1.784294,0.851153,1.348353,1.231657,0.54357,-0.532639,0.935049,1.419533,1.30114,-0.977663,1.558102,1.388519,0.956486,1.072245,-1.277895,2.057488,-1.563186,0.963595,1.000722,-1.211603,-0.736076,-0.962907,0.674939,0.705133,1.57832,-1.923441,0.81134,0.585057,0.467461,-1.485352,1.183996,0.871703,1.778389,1.336227,1.283485,1.075455,1.195919,0.490121,0.510151,0.804531,1.541189,0.755417,1.026727,1.482487,2.046244,0.803155,0.674812,-2.165838,1.140741,-0.936093,1.458285,-2.804826,0.700886,1.14544,-1.162802,1.729601,-1.3622,0.753863,1.038379,-0.317856,1.60821,-1.696465,0.310269,0.656868,-0.293726
66.0,63.0,53.0,1.0,1.0,36184.0,36250.0,-0.24853,-1.914973,1.001682,0.114723,0.186072,0.331305,-1.94272,1.051365,-0.510033,-1.229764,0.481622,-1.879346,0.73987,-2.083863,1.29808,0.635837,-1.772743,0.98416,-0.867284,0.950086,-0.256483,-1.877005,0.962214,-1.073586,-1.609101,0.145932,-0.470992,1.212054,1.192047,1.113644,-1.414185,-1.693232,0.968831,0.99535,1.144591,-1.798445,-1.701162,0.947666,0.638313,1.204434,0.696367,-1.667684,1.09357,0.872603,1.295753,1.260262,-1.743137,1.08594,0.903991,1.482189,-0.755053,-1.717178,1.0539,-1.227801,1.265856,0.361356,-1.883152,0.942316,-1.403968,1.560418,-0.662473,-0.923799,0.443007,-1.910405,1.488531,-1.929411,-0.134473,-2.105514,0.852664,1.302405,-1.138526,1.677015,1.309865,1.250379,1.180407,-2.019839,1.602943,0.917688,0.937119,0.758224,0.865387,-1.740229,0.6612,1.061871,0.93209,1.045643,-1.65448,0.521222,0.715093,0.958208,0.653562,-1.527879,0.931884,-1.255854,1.433184,0.736695,0.154263,1.030717,-1.21397,1.124497,-1.723858,-1.365436,1.028716,2.062802,1.287637,-1.88791,-0.099817,0.342744,1.336028,1.267607,-1.922833,-0.286512,-2.458877,0.76667,1.301539,-0.598784,1.295413,0.944323,1.033638,0.822077,-1.843568,-1.591496,0.878226,0.849036,0.542327,1.364632,1.333886,1.07864,1.121835,0.66208,-1.790221,-2.256266,0.550003,-0.503565,0.332633,0.99397,1.680478,-2.017863,1.647682,-0.805966,-1.377857,1.197087,0.935841,2.184248,1.227863,1.221828,-1.240152,0.991131,1.45819,1.281496,2.34527,-0.802355,1.147004,1.191722,1.209561,-1.400259,1.068791,-2.054379,0.966606,1.153986,2.354381,1.570009,1.004701,0.908152,1.003349,-0.157684,-1.405834,0.764092,0.825116,0.640162,-1.560135,2.205923,0.590724,0.866448,0.379687,-2.026935,0.525983,0.749352,1.52017,-2.057066,-0.81365,1.107507,-1.860638,1.127911,0.451149,-0.606003,0.906483,0.82013,1.872619,1.438301,-1.097471,1.784294,0.851153,1.348353,1.231657,0.54357,-0.532639,0.935049,1.419533,1.30114,-0.977663,1.558102,1.388519,0.956486,1.072245,-1.277895,2.057488,-1.563186,0.963595,1.000722,-1.211603,-0.736076,-0.962907,0.674939,0.705133,1.57832,-1.923441,0.81134,0.585057,0.467461,-1.485352,1.183996,0.871703,1.778389,1.336227,1.283485,1.075455,1.195919,0.490121,0.510151,0.804531,1.541189,0.755417,1.026727,1.482487,2.046244,0.803155,0.674812,-2.165838,1.140741,-0.936093,1.458285,-2.804826,0.700886,1.14544,-1.162802,1.729601,-1.3622,0.753863,1.038379,-0.317856,1.60821,-1.696465,0.310269,0.656868,-0.293726
299.0,64.2,53.4,12.0,9.0,36250.0,36549.0,-0.24853,-1.914973,1.001682,0.114723,0.186072,0.331305,-1.94272,1.051365,-0.510033,-1.229764,0.481622,-1.879346,0.73987,-2.083863,1.29808,0.635837,-1.772743,0.98416,-0.867284,0.950086,-0.256483,-1.877005,0.962214,-1.073586,-1.609101,0.145932,-0.470992,1.212054,1.192047,1.113644,-1.414185,-1.693232,0.968831,0.99535,1.144591,-1.798445,-1.701162,0.947666,0.638313,1.204434,0.696367,-1.667684,1.09357,0.872603,1.295753,1.260262,-1.743137,1.08594,0.903991,1.482189,-0.755053,-1.717178,1.0539,-1.227801,1.265856,0.361356,-1.883152,0.942316,-1.403968,1.560418,-0.662473,-0.923799,0.443007,-1.910405,1.488531,-1.929411,-0.134473,-2.105514,0.852664,1.302405,-1.138526,1.677015,1.309865,1.250379,1.180407,-2.019839,1.602943,0.917688,0.937119,0.758224,0.865387,-1.740229,0.6612,1.061871,0.93209,1.045643,-1.65448,0.521222,0.715093,0.958208,0.653562,-1.527879,0.931884,-1.255854,1.433184,0.736695,0.154263,1.030717,-1.21397,1.124497,-1.723858,-1.365436,1.028716,2.062802,1.287637,-1.88791,-0.099817,0.342744,1.336028,1.267607,-1.922833,-0.286512,-2.458877,0.76667,1.301539,-0.598784,1.295413,0.944323,1.033638,0.822077,-1.843568,-1.591496,0.878226,0.849036,0.542327,1.364632,1.333886,1.07864,1.121835,0.66208,-1.790221,-2.256266,0.550003,-0.503565,0.332633,0.99397,1.680478,-2.017863,1.647682,-0.805966,-1.377857,1.197087,0.935841,2.184248,1.227863,1.221828,-1.240152,0.991131,1.45819,1.281496,2.34527,-0.802355,1.147004,1.191722,1.209561,-1.400259,1.068791,-2.054379,0.966606,1.153986,2.354381,1.570009,1.004701,0.908152,1.003349,-0.157684,-1.405834,0.764092,0.825116,0.640162,-1.560135,2.205923,0.590724,0.866448,0.379687,-2.026935,0.525983,0.749352,1.52017,-2.057066,-0.81365,1.107507,-1.860638,1.127911,0.451149,-0.606003,0.906483,0.82013,1.872619,1.438301,-1.097471,1.784294,0.851153,1.348353,1.231657,0.54357,-0.532639,0.935049,1.419533,1.30114,-0.977663,1.558102,1.388519,0.956486,1.072245,-1.277895,2.057488,-1.563186,0.963595,1.000722,-1.211603,-0.736076,-0.962907,0.674939,0.705133,1.57832,-1.923441,0.81134,0.585057,0.467461,-1.485352,1.183996,0.871703,1.778389,1.336227,1.283485,1.075455,1.195919,0.490121,0.510151,0.804531,1.541189,0.755417,1.026727,1.482487,2.046244,0.803155,0.674812,-2.165838,1.140741,-0.936093,1.458285,-2.804826,0.700886,1.14544,-1.162802,1.729601,-1.3622,0.753863,1.038379,-0.317856,1.60821,-1.696465,0.310269,0.656868,-0.293726
199.0,63.8,53.7,4.0,5.0,36549.0,36748.0,-0.24853,-1.914973,1.001682,0.114723,0.186072,0.331305,-1.94272,1.051365,-0.510033,-1.229764,0.481622,-1.879346,0.73987,-2.083863,1.29808,0.635837,-1.772743,0.98416,-0.867284,0.950086,-0.256483,-1.877005,0.962214,-1.073586,-1.609101,0.145932,-0.470992,1.212054,1.192047,1.113644,-1.414185,-1.693232,0.968831,0.99535,1.144591,-1.798445,-1.701162,0.947666,0.638313,1.204434,0.696367,-1.667684,1.09357,0.872603,1.295753,1.260262,-1.743137,1.08594,0.903991,1.482189,-0.755053,-1.717178,1.0539,-1.227801,1.265856,0.361356,-1.883152,0.942316,-1.403968,1.560418,-0.662473,-0.923799,0.443007,-1.910405,1.488531,-1.929411,-0.134473,-2.105514,0.852664,1.302405,-1.138526,1.677015,1.309865,1.250379,1.180407,-2.019839,1.602943,0.917688,0.937119,0.758224,0.865387,-1.740229,0.6612,1.061871,0.93209,1.045643,-1.65448,0.521222,0.715093,0.958208,0.653562,-1.527879,0.931884,-1.255854,1.433184,0.736695,0.154263,1.030717,-1.21397,1.124497,-1.723858,-1.365436,1.028716,2.062802,1.287637,-1.88791,-0.099817,0.342744,1.336028,1.267607,-1.922833,-0.286512,-2.458877,0.76667,1.301539,-0.598784,1.295413,0.944323,1.033638,0.822077,-1.843568,-1.591496,0.878226,0.849036,0.542327,1.364632,1.333886,1.07864,1.121835,0.66208,-1.790221,-2.256266,0.550003,-0.503565,0.332633,0.99397,1.680478,-2.017863,1.647682,-0.805966,-1.377857,1.197087,0.935841,2.184248,1.227863,1.221828,-1.240152,0.991131,1.45819,1.281496,2.34527,-0.802355,1.147004,1.191722,1.209561,-1.400259,1.068791,-2.054379,0.966606,1.153986,2.354381,1.570009,1.004701,0.908152,1.003349,-0.157684,-1.405834,0.764092,0.825116,0.640162,-1.560135,2.205923,0.590724,0.866448,0.379687,-2.026935,0.525983,0.749352,1.52017,-2.057066,-0.81365,1.107507,-1.860638,1.127911,0.451149,-0.606003,0.906483,0.82013,1.872619,1.438301,-1.097471,1.784294,0.851153,1.348353,1.231657,0.54357,-0.532639,0.935049,1.419533,1.30114,-0.977663,1.558102,1.388519,0.956486,1.072245,-1.277895,2.057488,-1.563186,0.963595,1.000722,-1.211603,-0.736076,-0.962907,0.674939,0.705133,1.57832,-1.923441,0.81134,0.585057,0.467461,-1.485352,1.183996,0.871703,1.778389,1.336227,1.283485,1.075455,1.195919,0.490121,0.510151,0.804531,1.541189,0.755417,1.026727,1.482487,2.046244,0.803155,0.674812,-2.165838,1.140741,-0.936093,1.458285,-2.804826,0.700886,1.14544,-1.162802,1.729601,-1.3622,0.753863,1.038379,-0.317856,1.60821,-1.696465,0.310269,0.656868,-0.293726
299.0,70.1,58.1,23.0,16.0,36748.0,37047.0,-0.24853,-1.914973,1.001682,0.114723,0.186072,0.331305,-1.94272,1.051365,-0.510033,-1.229764,0.481622,-1.879346,0.73987,-2.083863,1.29808,0.635837,-1.772743,0.98416,-0.867284,0.950086,-0.256483,-1.877005,0.962214,-1.073586,-1.609101,0.145932,-0.470992,1.212054,1.192047,1.113644,-1.414185,-1.693232,0.968831,0.99535,1.144591,-1.798445,-1.701162,0.947666,0.638313,1.204434,0.696367,-1.667684,1.09357,0.872603,1.295753,1.260262,-1.743137,1.08594,0.903991,1.482189,-0.755053,-1.717178,1.0539,-1.227801,1.265856,0.361356,-1.883152,0.942316,-1.403968,1.560418,-0.662473,-0.923799,0.443007,-1.910405,1.488531,-1.929411,-0.134473,-2.105514,0.852664,1.302405,-1.138526,1.677015,1.309865,1.250379,1.180407,-2.019839,1.602943,0.917688,0.937119,0.758224,0.865387,-1.740229,0.6612,1.061871,0.93209,1.045643,-1.65448,0.521222,0.715093,0.958208,0.653562,-1.527879,0.931884,-1.255854,1.433184,0.736695,0.154263,1.030717,-1.21397,1.124497,-1.723858,-1.365436,1.028716,2.062802,1.287637,-1.88791,-0.099817,0.342744,1.336028,1.267607,-1.922833,-0.286512,-2.458877,0.76667,1.301539,-0.598784,1.295413,0.944323,1.033638,0.822077,-1.843568,-1.591496,0.878226,0.849036,0.542327,1.364632,1.333886,1.07864,1.121835,0.66208,-1.790221,-2.256266,0.550003,-0.503565,0.332633,0.99397,1.680478,-2.017863,1.647682,-0.805966,-1.377857,1.197087,0.935841,2.184248,1.227863,1.221828,-1.240152,0.991131,1.45819,1.281496,2.34527,-0.802355,1.147004,1.191722,1.209561,-1.400259,1.068791,-2.054379,0.966606,1.153986,2.354381,1.570009,1.004701,0.908152,1.003349,-0.157684,-1.405834,0.764092,0.825116,0.640162,-1.560135,2.205923,0.590724,0.866448,0.379687,-2.026935,0.525983,0.749352,1.52017,-2.057066,-0.81365,1.107507,-1.860638,1.127911,0.451149,-0.606003,0.906483,0.82013,1.872619,1.438301,-1.097471,1.784294,0.851153,1.348353,1.231657,0.54357,-0.532639,0.935049,1.419533,1.30114,-0.977663,1.558102,1.388519,0.956486,1.072245,-1.277895,2.057488,-1.563186,0.963595,1.000722,-1.211603,-0.736076,-0.962907,0.674939,0.705133,1.57832,-1.923441,0.81134,0.585057,0.467461,-1.485352,1.183996,0.871703,1.778389,1.336227,1.283485,1.075455,1.195919,0.490121,0.510151,0.804531,1.541189,0.755417,1.026727,1.482487,2.046244,0.803155,0.674812,-2.165838,1.140741,-0.936093,1.458285,-2.804826,0.700886,1.14544,-1.162802,1.729601,-1.3622,0.753863,1.038379,-0.317856,1.60821,-1.696465,0.310269,0.656868,-0.293726
332.0,70.2,59.4,21.0,17.0,37047.0,37379.0,-0.24853,-1.914973,1.001682,0.114723,0.186072,0.331305,-1.94272,1.051365,-0.510033,-1.229764,0.481622,-1.879346,0.73987,-2.083863,1.29808,0.635837,-1.772743,0.98416,-0.867284,0.950086,-0.256483,-1.877005,0.962214,-1.073586,-1.609101,0.145932,-0.470992,1.212054,1.192047,1.113644,-1.414185,-1.693232,0.968831,0.99535,1.144591,-1.798445,-1.701162,0.947666,0.638313,1.204434,0.696367,-1.667684,1.09357,0.872603,1.295753,1.260262,-1.743137,1.08594,0.903991,1.482189,-0.755053,-1.717178,1.0539,-1.227801,1.265856,0.361356,-1.883152,0.942316,-1.403968,1.560418,-0.662473,-0.923799,0.443007,-1.910405,1.488531,-1.929411,-0.134473,-2.105514,0.852664,1.302405,-1.138526,1.677015,1.309865,1.250379,1.180407,-2.019839,1.602943,0.917688,0.937119,0.758224,0.865387,-1.740229,0.6612,1.061871,0.93209,1.045643,-1.65448,0.521222,0.715093,0.958208,0.653562,-1.527879,0.931884,-1.255854,1.433184,0.736695,0.154263,1.030717,-1.21397,1.124497,-1.723858,-1.365436,1.028716,2.062802,1.287637,-1.88791,-0.099817,0.342744,1.336028,1.267607,-1.922833,-0.286512,-2.458877,0.76667,1.301539,-0.598784,1.295413,0.944323,1.033638,0.822077,-1.843568,-1.591496,0.878226,0.849036,0.542327,1.364632,1.333886,1.07864,1.121835,0.66208,-1.790221,-2.256266,0.550003,-0.503565,0.332633,0.99397,1.680478,-2.017863,1.647682,-0.805966,-1.377857,1.197087,0.935841,2.184248,1.227863,1.221828,-1.240152,0.991131,1.45819,1.281496,2.34527,-0.802355,1.147004,1.191722,1.209561,-1.400259,1.068791,-2.054379,0.966606,1.153986,2.354381,1.570009,1.004701,0.908152,1.003349,-0.157684,-1.405834,0.764092,0.825116,0.640162,-1.560135,2.205923,0.590724,0.866448,0.379687,-2.026935,0.525983,0.749352,1.52017,-2.057066,-0.81365,1.107507,-1.860638,1.127911,0.451149,-0.606003,0.906483,0.82013,1.872619,1.438301,-1.097471,1.784294,0.851153,1.348353,1.231657,0.54357,-0.532639,0.935049,1.419533,1.30114,-0.977663,1.558102,1.388519,0.956486,1.072245,-1.277895,2.057488,-1.563186,0.963595,1.000722,-1.211603,-0.736076,-0.962907,0.674939,0.705133,1.57832,-1.923441,0.81134,0.585057,0.467461,-1.485352,1.183996,0.871703,1.778389,1.336227,1.283485,1.075455,1.195919,0.490121,0.510151,0.804531,1.541189,0.755417,1.026727,1.482487,2.046244,0.803155,0.674812,-2.165838,1.140741,-0.936093,1.458285,-2.804826,0.700886,1.14544,-1.162802,1.729601,-1.3622,0.753863,1.038379,-0.317856,1.60821,-1.696465,0.310269,0.656868,-0.293726
232.0,73.1,62.3,17.0,20.0,37379.0,37611.0,-0.24853,-1.914973,1.001682,0.114723,0.186072,0.331305,-1.94272,1.051365,-0.510033,-1.229764,0.481622,-1.879346,0.73987,-2.083863,1.29808,0.635837,-1.772743,0.98416,-0.867284,0.950086,-0.256483,-1.877005,0.962214,-1.073586,-1.609101,0.145932,-0.470992,1.212054,1.192047,1.113644,-1.414185,-1.693232,0.968831,0.99535,1.144591,-1.798445,-1.701162,0.947666,0.638313,1.204434,0.696367,-1.667684,1.09357,0.872603,1.295753,1.260262,-1.743137,1.08594,0.903991,1.482189,-0.755053,-1.717178,1.0539,-1.227801,1.265856,0.361356,-1.883152,0.942316,-1.403968,1.560418,-0.662473,-0.923799,0.443007,-1.910405,1.488531,-1.929411,-0.134473,-2.105514,0.852664,1.302405,-1.138526,1.677015,1.309865,1.250379,1.180407,-2.019839,1.602943,0.917688,0.937119,0.758224,0.865387,-1.740229,0.6612,1.061871,0.93209,1.045643,-1.65448,0.521222,0.715093,0.958208,0.653562,-1.527879,0.931884,-1.255854,1.433184,0.736695,0.154263,1.030717,-1.21397,1.124497,-1.723858,-1.365436,1.028716,2.062802,1.287637,-1.88791,-0.099817,0.342744,1.336028,1.267607,-1.922833,-0.286512,-2.458877,0.76667,1.301539,-0.598784,1.295413,0.944323,1.033638,0.822077,-1.843568,-1.591496,0.878226,0.849036,0.542327,1.364632,1.333886,1.07864,1.121835,0.66208,-1.790221,-2.256266,0.550003,-0.503565,0.332633,0.99397,1.680478,-2.017863,1.647682,-0.805966,-1.377857,1.197087,0.935841,2.184248,1.227863,1.221828,-1.240152,0.991131,1.45819,1.281496,2.34527,-0.802355,1.147004,1.191722,1.209561,-1.400259,1.068791,-2.054379,0.966606,1.153986,2.354381,1.570009,1.004701,0.908152,1.003349,-0.157684,-1.405834,0.764092,0.825116,0.640162,-1.560135,2.205923,0.590724,0.866448,0.379687,-2.026935,0.525983,0.749352,1.52017,-2.057066,-0.81365,1.107507,-1.860638,1.127911,0.451149,-0.606003,0.906483,0.82013,1.872619,1.438301,-1.097471,1.784294,0.851153,1.348353,1.231657,0.54357,-0.532639,0.935049,1.419533,1.30114,-0.977663,1.558102,1.388519,0.956486,1.072245,-1.277895,2.057488,-1.563186,0.963595,1.000722,-1.211603,-0.736076,-0.962907,0.674939,0.705133,1.57832,-1.923441,0.81134,0.585057,0.467461,-1.485352,1.183996,0.871703,1.778389,1.336227,1.283485,1.075455,1.195919,0.490121,0.510151,0.804531,1.541189,0.755417,1.026727,1.482487,2.046244,0.803155,0.674812,-2.165838,1.140741,-0.936093,1.458285,-2.804826,0.700886,1.14544,-1.162802,1.729601,-1.3622,0.753863,1.038379,-0.317856,1.60821,-1.696465,0.310269,0.656868,-0.293726
99.0,77.0,65.3,8.0,10.0,37611.0,37710.0,-0.637308,0.426068,-0.98074,-0.83701,-0.346248,-0.674695,0.301504,-1.034634,-0.935933,0.571414,-0.810233,0.093541,-0.998347,0.488529,-0.794901,-0.677906,0.742869,-0.864732,0.339835,-0.274738,-0.405044,0.770932,-0.902544,0.109264,0.87118,-0.388856,0.610898,-0.80509,-0.712838,-0.69877,0.190784,0.937714,-0.820749,-0.610673,-0.680839,0.428666,0.902319,-0.828605,-0.731519,-0.551431,-0.630665,0.953567,-0.849972,-1.406213,-0.486645,-0.627152,0.982351,-0.853816,-1.621968,-0.480857,-0.369397,0.963438,-0.883606,0.435168,-0.137497,-0.528344,0.600352,-0.877642,0.742269,-0.473373,-0.340029,-0.335461,-0.903041,1.332608,-0.517623,0.381566,-0.47894,-0.77427,-0.334222,-0.628064,0.973065,-0.763326,-0.845078,-0.667842,-0.672086,0.849018,-0.791046,-0.778686,-0.485086,-0.487366,-0.327374,1.052418,-0.798338,-0.536918,-0.484996,-0.465694,0.994982,-0.824675,-0.191726,-0.387084,-0.395128,1.028193,-0.833494,0.549942,-0.65399,-0.733275,-0.350871,-0.877963,0.87702,-0.485239,0.797671,0.738337,-0.912783,-0.192364,-0.555081,0.429113,-0.43792,-0.829627,-0.53548,-0.594189,0.387032,-0.411195,-0.450317,-0.288435,-0.624501,0.206232,-0.739372,-0.706651,-0.52645,-0.418016,0.938408,0.792299,-0.881653,-0.416924,-0.299535,-0.835148,-0.60696,-0.833397,-0.534161,-0.338814,0.743902,0.801466,-0.815888,-0.06238,-0.400246,-1.56721,-0.837595,0.755219,-0.89875,0.626266,0.509689,-0.668269,-0.775057,-0.596222,-0.59589,-0.799428,0.514898,-0.60018,-0.647474,-0.585582,-1.245282,0.044561,-0.658447,-0.488994,-0.559347,0.212653,-0.68779,0.801471,-0.348953,-0.510719,-0.628973,-0.779162,-0.805926,-0.56581,-0.482277,0.31793,0.695042,-1.098402,-0.657919,-0.472353,1.094501,-0.470719,-1.017952,-0.80787,-0.36803,0.836865,-0.910283,-0.868456,-0.962862,0.81554,0.247387,-0.256212,0.992291,-0.04789,-0.128348,0.765311,-0.922269,-0.626943,-0.876462,-0.652831,0.906799,0.11909,-0.538741,-0.743975,-0.591411,-0.588602,-0.102083,-0.616302,-0.792572,-0.583956,0.444328,-0.856462,-0.768679,-0.390069,-0.470193,0.814223,-0.08461,-0.677532,-0.655078,-0.604891,0.875186,0.763273,-1.806391,-0.542425,-0.467222,-0.6458,0.930294,-1.128301,-0.954064,-0.422751,0.472381,-0.834245,-1.158425,-1.106096,-0.654573,-0.78832,-0.641012,-0.862255,-0.142553,-0.02187,-0.566731,-0.804689,-0.75101,-0.979442,-0.740622,0.124253,-0.819021,-0.443029,1.253481,-0.438747,0.463965,-0.848433,0.75471,-0.310897,-0.489344,0.184517,-0.952846,-0.072872,-0.299286,-0.435225,0.671396,-0.833593,-0.06944,-0.532886,-0.518134,0.673657
99.0,77.7,66.3,2.0,9.0,37710.0,37809.0,-0.24853,-1.914973,1.001682,0.114723,0.186072,0.331305,-1.94272,1.051365,-0.510033,-1.229764,0.481622,-1.879346,0.73987,-2.083863,1.29808,0.635837,-1.772743,0.98416,-0.867284,0.950086,-0.256483,-1.877005,0.962214,-1.073586,-1.609101,0.145932,-0.470992,1.212054,1.192047,1.113644,-1.414185,-1.693232,0.968831,0.99535,1.144591,-1.798445,-1.701162,0.947666,0.638313,1.204434,0.696367,-1.667684,1.09357,0.872603,1.295753,1.260262,-1.743137,1.08594,0.903991,1.482189,-0.755053,-1.717178,1.0539,-1.227801,1.265856,0.361356,-1.883152,0.942316,-1.403968,1.560418,-0.662473,-0.923799,0.443007,-1.910405,1.488531,-1.929411,-0.134473,-2.105514,0.852664,1.302405,-1.138526,1.677015,1.309865,1.250379,1.180407,-2.019839,1.602943,0.917688,0.937119,0.758224,0.865387,-1.740229,0.6612,1.061871,0.93209,1.045643,-1.65448,0.521222,0.715093,0.958208,0.653562,-1.527879,0.931884,-1.255854,1.433184,0.736695,0.154263,1.030717,-1.21397,1.124497,-1.723858,-1.365436,1.028716,2.062802,1.287637,-1.88791,-0.099817,0.342744,1.336028,1.267607,-1.922833,-0.286512,-2.458877,0.76667,1.301539,-0.598784,1.295413,0.944323,1.033638,0.822077,-1.843568,-1.591496,0.878226,0.849036,0.542327,1.364632,1.333886,1.07864,1.121835,0.66208,-1.790221,-2.256266,0.550003,-0.503565,0.332633,0.99397,1.680478,-2.017863,1.647682,-0.805966,-1.377857,1.197087,0.935841,2.184248,1.227863,1.221828,-1.240152,0.991131,1.45819,1.281496,2.34527,-0.802355,1.147004,1.191722,1.209561,-1.400259,1.068791,-2.054379,0.966606,1.153986,2.354381,1.570009,1.004701,0.908152,1.003349,-0.157684,-1.405834,0.764092,0.825116,0.640162,-1.560135,2.205923,0.590724,0.866448,0.379687,-2.026935,0.525983,0.749352,1.52017,-2.057066,-0.81365,1.107507,-1.860638,1.127911,0.451149,-0.606003,0.906483,0.82013,1.872619,1.438301,-1.097471,1.784294,0.851153,1.348353,1.231657,0.54357,-0.532639,0.935049,1.419533,1.30114,-0.977663,1.558102,1.388519,0.956486,1.072245,-1.277895,2.057488,-1.563186,0.963595,1.000722,-1.211603,-0.736076,-0.962907,0.674939,0.705133,1.57832,-1.923441,0.81134,0.585057,0.467461,-1.485352,1.183996,0.871703,1.778389,1.336227,1.283485,1.075455,1.195919,0.490121,0.510151,0.804531,1.541189,0.755417,1.026727,1.482487,2.046244,0.803155,0.674812,-2.165838,1.140741,-0.936093,1.458285,-2.804826,0.700886,1.14544,-1.162802,1.729601,-1.3622,0.753863,1.038379,-0.317856,1.60821,-1.696465,0.310269,0.656868,-0.293726
133.0,79.8,66.5,3.0,20.0,37809.0,37942.0,-0.24853,-1.914973,1.001682,0.114723,0.186072,0.331305,-1.94272,1.051365,-0.510033,-1.229764,0.481622,-1.879346,0.73987,-2.083863,1.29808,0.635837,-1.772743,0.98416,-0.867284,0.950086,-0.256483,-1.877005,0.962214,-1.073586,-1.609101,0.145932,-0.470992,1.212054,1.192047,1.113644,-1.414185,-1.693232,0.968831,0.99535,1.144591,-1.798445,-1.701162,0.947666,0.638313,1.204434,0.696367,-1.667684,1.09357,0.872603,1.295753,1.260262,-1.743137,1.08594,0.903991,1.482189,-0.755053,-1.717178,1.0539,-1.227801,1.265856,0.361356,-1.883152,0.942316,-1.403968,1.560418,-0.662473,-0.923799,0.443007,-1.910405,1.488531,-1.929411,-0.134473,-2.105514,0.852664,1.302405,-1.138526,1.677015,1.309865,1.250379,1.180407,-2.019839,1.602943,0.917688,0.937119,0.758224,0.865387,-1.740229,0.6612,1.061871,0.93209,1.045643,-1.65448,0.521222,0.715093,0.958208,0.653562,-1.527879,0.931884,-1.255854,1.433184,0.736695,0.154263,1.030717,-1.21397,1.124497,-1.723858,-1.365436,1.028716,2.062802,1.287637,-1.88791,-0.099817,0.342744,1.336028,1.267607,-1.922833,-0.286512,-2.458877,0.76667,1.301539,-0.598784,1.295413,0.944323,1.033638,0.822077,-1.843568,-1.591496,0.878226,0.849036,0.542327,1.364632,1.333886,1.07864,1.121835,0.66208,-1.790221,-2.256266,0.550003,-0.503565,0.332633,0.99397,1.680478,-2.017863,1.647682,-0.805966,-1.377857,1.197087,0.935841,2.184248,1.227863,1.221828,-1.240152,0.991131,1.45819,1.281496,2.34527,-0.802355,1.147004,1.191722,1.209561,-1.400259,1.068791,-2.054379,0.966606,1.153986,2.354381,1.570009,1.004701,0.908152,1.003349,-0.157684,-1.405834,0.764092,0.825116,0.640162,-1.560135,2.205923,0.590724,0.866448,0.379687,-2.026935,0.525983,0.749352,1.52017,-2.057066,-0.81365,1.107507,-1.860638,1.127911,0.451149,-0.606003,0.906483,0.82013,1.872619,1.438301,-1.097471,1.784294,0.851153,1.348353,1.231657,0.54357,-0.532639,0.935049,1.419533,1.30114,-0.977663,1.558102,1.388519,0.956486,1.072245,-1.277895,2.057488,-1.563186,0.963595,1.000722,-1.211603,-0.736076,-0.962907,0.674939,0.705133,1.57832,-1.923441,0.81134,0.585057,0.467461,-1.485352,1.183996,0.871703,1.778389,1.336227,1.283485,1.075455,1.195919,0.490121,0.510151,0.804531,1.541189,0.755417,1.026727,1.482487,2.046244,0.803155,0.674812,-2.165838,1.140741,-0.936093,1.458285,-2.804826,0.700886,1.14544,-1.162802,1.729601,-1.3622,0.753863,1.038379,-0.317856,1.60821,-1.696465,0.310269,0.656868,-0.293726
99.0,81.7,67.3,1.0,13.0,37942.0,38041.0,-0.24853,-1.914973,1.001682,0.114723,0.186072,0.331305,-1.94272,1.051365,-0.510033,-1.229764,0.481622,-1.879346,0.73987,-2.083863,1.29808,0.635837,-1.772743,0.98416,-0.867284,0.950086,-0.256483,-1.877005,0.962214,-1.073586,-1.609101,0.145932,-0.470992,1.212054,1.192047,1.113644,-1.414185,-1.693232,0.968831,0.99535,1.144591,-1.798445,-1.701162,0.947666,0.638313,1.204434,0.696367,-1.667684,1.09357,0.872603,1.295753,1.260262,-1.743137,1.08594,0.903991,1.482189,-0.755053,-1.717178,1.0539,-1.227801,1.265856,0.361356,-1.883152,0.942316,-1.403968,1.560418,-0.662473,-0.923799,0.443007,-1.910405,1.488531,-1.929411,-0.134473,-2.105514,0.852664,1.302405,-1.138526,1.677015,1.309865,1.250379,1.180407,-2.019839,1.602943,0.917688,0.937119,0.758224,0.865387,-1.740229,0.6612,1.061871,0.93209,1.045643,-1.65448,0.521222,0.715093,0.958208,0.653562,-1.527879,0.931884,-1.255854,1.433184,0.736695,0.154263,1.030717,-1.21397,1.124497,-1.723858,-1.365436,1.028716,2.062802,1.287637,-1.88791,-0.099817,0.342744,1.336028,1.267607,-1.922833,-0.286512,-2.458877,0.76667,1.301539,-0.598784,1.295413,0.944323,1.033638,0.822077,-1.843568,-1.591496,0.878226,0.849036,0.542327,1.364632,1.333886,1.07864,1.121835,0.66208,-1.790221,-2.256266,0.550003,-0.503565,0.332633,0.99397,1.680478,-2.017863,1.647682,-0.805966,-1.377857,1.197087,0.935841,2.184248,1.227863,1.221828,-1.240152,0.991131,1.45819,1.281496,2.34527,-0.802355,1.147004,1.191722,1.209561,-1.400259,1.068791,-2.054379,0.966606,1.153986,2.354381,1.570009,1.004701,0.908152,1.003349,-0.157684,-1.405834,0.764092,0.825116,0.640162,-1.560135,2.205923,0.590724,0.866448,0.379687,-2.026935,0.525983,0.749352,1.52017,-2.057066,-0.81365,1.107507,-1.860638,1.127911,0.451149,-0.606003,0.906483,0.82013,1.872619,1.438301,-1.097471,1.784294,0.851153,1.348353,1.231657,0.54357,-0.532639,0.935049,1.419533,1.30114,-0.977663,1.558102,1.388519,0.956486,1.072245,-1.277895,2.057488,-1.563186,0.963595,1.000722,-1.211603,-0.736076,-0.962907,0.674939,0.705133,1.57832,-1.923441,0.81134,0.585057,0.467461,-1.485352,1.183996,0.871703,1.778389,1.336227,1.283485,1.075455,1.195919,0.490121,0.510151,0.804531,1.541189,0.755417,1.026727,1.482487,2.046244,0.803155,0.674812,-2.165838,1.140741,-0.936093,1.458285,-2.804826,0.700886,1.14544,-1.162802,1.729601,-1.3622,0.753863,1.038379,-0.317856,1.60821,-1.696465,0.310269,0.656868,-0.293726
133.0,65.5,57.0,3.0,3.0,6446.0,6579.0,-0.24853,-1.914973,1.001682,0.114723,0.186072,0.331305,-1.94272,1.051365,-0.510033,-1.229764,0.481622,-1.879346,0.73987,-2.083863,1.29808,0.635837,-1.772743,0.98416,-0.867284,0.950086,-0.256483,-1.877005,0.962214,-1.073586,-1.609101,0.145932,-0.470992,1.212054,1.192047,1.113644,-1.414185,-1.693232,0.968831,0.99535,1.144591,-1.798445,-1.701162,0.947666,0.638313,1.204434,0.696367,-1.667684,1.09357,0.872603,1.295753,1.260262,-1.743137,1.08594,0.903991,1.482189,-0.755053,-1.717178,1.0539,-1.227801,1.265856,0.361356,-1.883152,0.942316,-1.403968,1.560418,-0.662473,-0.923799,0.443007,-1.910405,1.488531,-1.929411,-0.134473,-2.105514,0.852664,1.302405,-1.138526,1.677015,1.309865,1.250379,1.180407,-2.019839,1.602943,0.917688,0.937119,0.758224,0.865387,-1.740229,0.6612,1.061871,0.93209,1.045643,-1.65448,0.521222,0.715093,0.958208,0.653562,-1.527879,0.931884,-1.255854,1.433184,0.736695,0.154263,1.030717,-1.21397,1.124497,-1.723858,-1.365436,1.028716,2.062802,1.287637,-1.88791,-0.099817,0.342744,1.336028,1.267607,-1.922833,-0.286512,-2.458877,0.76667,1.301539,-0.598784,1.295413,0.944323,1.033638,0.822077,-1.843568,-1.591496,0.878226,0.849036,0.542327,1.364632,1.333886,1.07864,1.121835,0.66208,-1.790221,-2.256266,0.550003,-0.503565,0.332633,0.99397,1.680478,-2.017863,1.647682,-0.805966,-1.377857,1.197087,0.935841,2.184248,1.227863,1.221828,-1.240152,0.991131,1.45819,1.281496,2.34527,-0.802355,1.147004,1.191722,1.209561,-1.400259,1.068791,-2.054379,0.966606,1.153986,2.354381,1.570009,1.004701,0.908152,1.003349,-0.157684,-1.405834,0.764092,0.825116,0.640162,-1.560135,2.205923,0.590724,0.866448,0.379687,-2.026935,0.525983,0.749352,1.52017,-2.057066,-0.81365,1.107507,-1.860638,1.127911,0.451149,-0.606003,0.906483,0.82013,1.872619,1.438301,-1.097471,1.784294,0.851153,1.348353,1.231657,0.54357,-0.532639,0.935049,1.419533,1.30114,-0.977663,1.558102,1.388519,0.956486,1.072245,-1.277895,2.057488,-1.563186,0.963595,1.000722,-1.211603,-0.736076,-0.962907,0.674939,0.705133,1.57832,-1.923441,0.81134,0.585057,0.467461,-1.485352,1.183996,0.871703,1.778389,1.336227,1.283485,1.075455,1.195919,0.490121,0.510151,0.804531,1.541189,0.755417,1.026727,1.482487,2.046244,0.803155,0.674812,-2.165838,1.140741,-0.936093,1.458285,-2.804826,0.700886,1.14544,-1.162802,1.729601,-1.3622,0.753863,1.038379,-0.317856,1.60821,-1.696465,0.310269,0.656868,-0.293726
66.0,84.5,71.5,0.0,2.0,38041.0,38107.0,-0.24853,-1.914973,1.001682,0.114723,0.186072,0.331305,-1.94272,1.051365,-0.510033,-1.229764,0.481622,-1.879346,0.73987,-2.083863,1.29808,0.635837,-1.772743,0.98416,-0.867284,0.950086,-0.256483,-1.877005,0.962214,-1.073586,-1.609101,0.145932,-0.470992,1.212054,1.192047,1.113644,-1.414185,-1.693232,0.968831,0.99535,1.144591,-1.798445,-1.701162,0.947666,0.638313,1.204434,0.696367,-1.667684,1.09357,0.872603,1.295753,1.260262,-1.743137,1.08594,0.903991,1.482189,-0.755053,-1.717178,1.0539,-1.227801,1.265856,0.361356,-1.883152,0.942316,-1.403968,1.560418,-0.662473,-0.923799,0.443007,-1.910405,1.488531,-1.929411,-0.134473,-2.105514,0.852664,1.302405,-1.138526,1.677015,1.309865,1.250379,1.180407,-2.019839,1.602943,0.917688,0.937119,0.758224,0.865387,-1.740229,0.6612,1.061871,0.93209,1.045643,-1.65448,0.521222,0.715093,0.958208,0.653562,-1.527879,0.931884,-1.255854,1.433184,0.736695,0.154263,1.030717,-1.21397,1.124497,-1.723858,-1.365436,1.028716,2.062802,1.287637,-1.88791,-0.099817,0.342744,1.336028,1.267607,-1.922833,-0.286512,-2.458877,0.76667,1.301539,-0.598784,1.295413,0.944323,1.033638,0.822077,-1.843568,-1.591496,0.878226,0.849036,0.542327,1.364632,1.333886,1.07864,1.121835,0.66208,-1.790221,-2.256266,0.550003,-0.503565,0.332633,0.99397,1.680478,-2.017863,1.647682,-0.805966,-1.377857,1.197087,0.935841,2.184248,1.227863,1.221828,-1.240152,0.991131,1.45819,1.281496,2.34527,-0.802355,1.147004,1.191722,1.209561,-1.400259,1.068791,-2.054379,0.966606,1.153986,2.354381,1.570009,1.004701,0.908152,1.003349,-0.157684,-1.405834,0.764092,0.825116,0.640162,-1.560135,2.205923,0.590724,0.866448,0.379687,-2.026935,0.525983,0.749352,1.52017,-2.057066,-0.81365,1.107507,-1.860638,1.127911,0.451149,-0.606003,0.906483,0.82013,1.872619,1.438301,-1.097471,1.784294,0.851153,1.348353,1.231657,0.54357,-0.532639,0.935049,1.419533,1.30114,-0.977663,1.558102,1.388519,0.956486,1.072245,-1.277895,2.057488,-1.563186,0.963595,1.000722,-1.211603,-0.736076,-0.962907,0.674939,0.705133,1.57832,-1.923441,0.81134,0.585057,0.467461,-1.485352,1.183996,0.871703,1.778389,1.336227,1.283485,1.075455,1.195919,0.490121,0.510151,0.804531,1.541189,0.755417,1.026727,1.482487,2.046244,0.803155,0.674812,-2.165838,1.140741,-0.936093,1.458285,-2.804826,0.700886,1.14544,-1.162802,1.729601,-1.3622,0.753863,1.038379,-0.317856,1.60821,-1.696465,0.310269,0.656868,-0.293726
67.0,84.0,72.0,0.0,4.0,38107.0,38174.0,-0.24853,-1.914973,1.001682,0.114723,0.186072,0.331305,-1.94272,1.051365,-0.510033,-1.229764,0.481622,-1.879346,0.73987,-2.083863,1.29808,0.635837,-1.772743,0.98416,-0.867284,0.950086,-0.256483,-1.877005,0.962214,-1.073586,-1.609101,0.145932,-0.470992,1.212054,1.192047,1.113644,-1.414185,-1.693232,0.968831,0.99535,1.144591,-1.798445,-1.701162,0.947666,0.638313,1.204434,0.696367,-1.667684,1.09357,0.872603,1.295753,1.260262,-1.743137,1.08594,0.903991,1.482189,-0.755053,-1.717178,1.0539,-1.227801,1.265856,0.361356,-1.883152,0.942316,-1.403968,1.560418,-0.662473,-0.923799,0.443007,-1.910405,1.488531,-1.929411,-0.134473,-2.105514,0.852664,1.302405,-1.138526,1.677015,1.309865,1.250379,1.180407,-2.019839,1.602943,0.917688,0.937119,0.758224,0.865387,-1.740229,0.6612,1.061871,0.93209,1.045643,-1.65448,0.521222,0.715093,0.958208,0.653562,-1.527879,0.931884,-1.255854,1.433184,0.736695,0.154263,1.030717,-1.21397,1.124497,-1.723858,-1.365436,1.028716,2.062802,1.287637,-1.88791,-0.099817,0.342744,1.336028,1.267607,-1.922833,-0.286512,-2.458877,0.76667,1.301539,-0.598784,1.295413,0.944323,1.033638,0.822077,-1.843568,-1.591496,0.878226,0.849036,0.542327,1.364632,1.333886,1.07864,1.121835,0.66208,-1.790221,-2.256266,0.550003,-0.503565,0.332633,0.99397,1.680478,-2.017863,1.647682,-0.805966,-1.377857,1.197087,0.935841,2.184248,1.227863,1.221828,-1.240152,0.991131,1.45819,1.281496,2.34527,-0.802355,1.147004,1.191722,1.209561,-1.400259,1.068791,-2.054379,0.966606,1.153986,2.354381,1.570009,1.004701,0.908152,1.003349,-0.157684,-1.405834,0.764092,0.825116,0.640162,-1.560135,2.205923,0.590724,0.866448,0.379687,-2.026935,0.525983,0.749352,1.52017,-2.057066,-0.81365,1.107507,-1.860638,1.127911,0.451149,-0.606003,0.906483,0.82013,1.872619,1.438301,-1.097471,1.784294,0.851153,1.348353,1.231657,0.54357,-0.532639,0.935049,1.419533,1.30114,-0.977663,1.558102,1.388519,0.956486,1.072245,-1.277895,2.057488,-1.563186,0.963595,1.000722,-1.211603,-0.736076,-0.962907,0.674939,0.705133,1.57832,-1.923441,0.81134,0.585057,0.467461,-1.485352,1.183996,0.871703,1.778389,1.336227,1.283485,1.075455,1.195919,0.490121,0.510151,0.804531,1.541189,0.755417,1.026727,1.482487,2.046244,0.803155,0.674812,-2.165838,1.140741,-0.936093,1.458285,-2.804826,0.700886,1.14544,-1.162802,1.729601,-1.3622,0.753863,1.038379,-0.317856,1.60821,-1.696465,0.310269,0.656868,-0.293726
66.0,84.5,72.5,0.0,2.0,38174.0,38240.0,-0.24853,-1.914973,1.001682,0.114723,0.186072,0.331305,-1.94272,1.051365,-0.510033,-1.229764,0.481622,-1.879346,0.73987,-2.083863,1.29808,0.635837,-1.772743,0.98416,-0.867284,0.950086,-0.256483,-1.877005,0.962214,-1.073586,-1.609101,0.145932,-0.470992,1.212054,1.192047,1.113644,-1.414185,-1.693232,0.968831,0.99535,1.144591,-1.798445,-1.701162,0.947666,0.638313,1.204434,0.696367,-1.667684,1.09357,0.872603,1.295753,1.260262,-1.743137,1.08594,0.903991,1.482189,-0.755053,-1.717178,1.0539,-1.227801,1.265856,0.361356,-1.883152,0.942316,-1.403968,1.560418,-0.662473,-0.923799,0.443007,-1.910405,1.488531,-1.929411,-0.134473,-2.105514,0.852664,1.302405,-1.138526,1.677015,1.309865,1.250379,1.180407,-2.019839,1.602943,0.917688,0.937119,0.758224,0.865387,-1.740229,0.6612,1.061871,0.93209,1.045643,-1.65448,0.521222,0.715093,0.958208,0.653562,-1.527879,0.931884,-1.255854,1.433184,0.736695,0.154263,1.030717,-1.21397,1.124497,-1.723858,-1.365436,1.028716,2.062802,1.287637,-1.88791,-0.099817,0.342744,1.336028,1.267607,-1.922833,-0.286512,-2.458877,0.76667,1.301539,-0.598784,1.295413,0.944323,1.033638,0.822077,-1.843568,-1.591496,0.878226,0.849036,0.542327,1.364632,1.333886,1.07864,1.121835,0.66208,-1.790221,-2.256266,0.550003,-0.503565,0.332633,0.99397,1.680478,-2.017863,1.647682,-0.805966,-1.377857,1.197087,0.935841,2.184248,1.227863,1.221828,-1.240152,0.991131,1.45819,1.281496,2.34527,-0.802355,1.147004,1.191722,1.209561,-1.400259,1.068791,-2.054379,0.966606,1.153986,2.354381,1.570009,1.004701,0.908152,1.003349,-0.157684,-1.405834,0.764092,0.825116,0.640162,-1.560135,2.205923,0.590724,0.866448,0.379687,-2.026935,0.525983,0.749352,1.52017,-2.057066,-0.81365,1.107507,-1.860638,1.127911,0.451149,-0.606003,0.906483,0.82013,1.872619,1.438301,-1.097471,1.784294,0.851153,1.348353,1.231657,0.54357,-0.532639,0.935049,1.419533,1.30114,-0.977663,1.558102,1.388519,0.956486,1.072245,-1.277895,2.057488,-1.563186,0.963595,1.000722,-1.211603,-0.736076,-0.962907,0.674939,0.705133,1.57832,-1.923441,0.81134,0.585057,0.467461,-1.485352,1.183996,0.871703,1.778389,1.336227,1.283485,1.075455,1.195919,0.490121,0.510151,0.804531,1.541189,0.755417,1.026727,1.482487,2.046244,0.803155,0.674812,-2.165838,1.140741,-0.936093,1.458285,-2.804826,0.700886,1.14544,-1.162802,1.729601,-1.3622,0.753863,1.038379,-0.317856,1.60821,-1.696465,0.310269,0.656868,-0.293726
99.0,87.0,71.0,1.0,3.0,38240.0,38339.0,-0.24853,-1.914973,1.001682,0.114723,0.186072,0.331305,-1.94272,1.051365,-0.510033,-1.229764,0.481622,-1.879346,0.73987,-2.083863,1.29808,0.635837,-1.772743,0.98416,-0.867284,0.950086,-0.256483,-1.877005,0.962214,-1.073586,-1.609101,0.145932,-0.470992,1.212054,1.192047,1.113644,-1.414185,-1.693232,0.968831,0.99535,1.144591,-1.798445,-1.701162,0.947666,0.638313,1.204434,0.696367,-1.667684,1.09357,0.872603,1.295753,1.260262,-1.743137,1.08594,0.903991,1.482189,-0.755053,-1.717178,1.0539,-1.227801,1.265856,0.361356,-1.883152,0.942316,-1.403968,1.560418,-0.662473,-0.923799,0.443007,-1.910405,1.488531,-1.929411,-0.134473,-2.105514,0.852664,1.302405,-1.138526,1.677015,1.309865,1.250379,1.180407,-2.019839,1.602943,0.917688,0.937119,0.758224,0.865387,-1.740229,0.6612,1.061871,0.93209,1.045643,-1.65448,0.521222,0.715093,0.958208,0.653562,-1.527879,0.931884,-1.255854,1.433184,0.736695,0.154263,1.030717,-1.21397,1.124497,-1.723858,-1.365436,1.028716,2.062802,1.287637,-1.88791,-0.099817,0.342744,1.336028,1.267607,-1.922833,-0.286512,-2.458877,0.76667,1.301539,-0.598784,1.295413,0.944323,1.033638,0.822077,-1.843568,-1.591496,0.878226,0.849036,0.542327,1.364632,1.333886,1.07864,1.121835,0.66208,-1.790221,-2.256266,0.550003,-0.503565,0.332633,0.99397,1.680478,-2.017863,1.647682,-0.805966,-1.377857,1.197087,0.935841,2.184248,1.227863,1.221828,-1.240152,0.991131,1.45819,1.281496,2.34527,-0.802355,1.147004,1.191722,1.209561,-1.400259,1.068791,-2.054379,0.966606,1.153986,2.354381,1.570009,1.004701,0.908152,1.003349,-0.157684,-1.405834,0.764092,0.825116,0.640162,-1.560135,2.205923,0.590724,0.866448,0.379687,-2.026935,0.525983,0.749352,1.52017,-2.057066,-0.81365,1.107507,-1.860638,1.127911,0.451149,-0.606003,0.906483,0.82013,1.872619,1.438301,-1.097471,1.784294,0.851153,1.348353,1.231657,0.54357,-0.532639,0.935049,1.419533,1.30114,-0.977663,1.558102,1.388519,0.956486,1.072245,-1.277895,2.057488,-1.563186,0.963595,1.000722,-1.211603,-0.736076,-0.962907,0.674939,0.705133,1.57832,-1.923441,0.81134,0.585057,0.467461,-1.485352,1.183996,0.871703,1.778389,1.336227,1.283485,1.075455,1.195919,0.490121,0.510151,0.804531,1.541189,0.755417,1.026727,1.482487,2.046244,0.803155,0.674812,-2.165838,1.140741,-0.936093,1.458285,-2.804826,0.700886,1.14544,-1.162802,1.729601,-1.3622,0.753863,1.038379,-0.317856,1.60821,-1.696465,0.310269,0.656868,-0.293726
199.0,88.2,75.0,5.0,5.0,38339.0,38538.0,-0.24853,-1.914973,1.001682,0.114723,0.186072,0.331305,-1.94272,1.051365,-0.510033,-1.229764,0.481622,-1.879346,0.73987,-2.083863,1.29808,0.635837,-1.772743,0.98416,-0.867284,0.950086,-0.256483,-1.877005,0.962214,-1.073586,-1.609101,0.145932,-0.470992,1.212054,1.192047,1.113644,-1.414185,-1.693232,0.968831,0.99535,1.144591,-1.798445,-1.701162,0.947666,0.638313,1.204434,0.696367,-1.667684,1.09357,0.872603,1.295753,1.260262,-1.743137,1.08594,0.903991,1.482189,-0.755053,-1.717178,1.0539,-1.227801,1.265856,0.361356,-1.883152,0.942316,-1.403968,1.560418,-0.662473,-0.923799,0.443007,-1.910405,1.488531,-1.929411,-0.134473,-2.105514,0.852664,1.302405,-1.138526,1.677015,1.309865,1.250379,1.180407,-2.019839,1.602943,0.917688,0.937119,0.758224,0.865387,-1.740229,0.6612,1.061871,0.93209,1.045643,-1.65448,0.521222,0.715093,0.958208,0.653562,-1.527879,0.931884,-1.255854,1.433184,0.736695,0.154263,1.030717,-1.21397,1.124497,-1.723858,-1.365436,1.028716,2.062802,1.287637,-1.88791,-0.099817,0.342744,1.336028,1.267607,-1.922833,-0.286512,-2.458877,0.76667,1.301539,-0.598784,1.295413,0.944323,1.033638,0.822077,-1.843568,-1.591496,0.878226,0.849036,0.542327,1.364632,1.333886,1.07864,1.121835,0.66208,-1.790221,-2.256266,0.550003,-0.503565,0.332633,0.99397,1.680478,-2.017863,1.647682,-0.805966,-1.377857,1.197087,0.935841,2.184248,1.227863,1.221828,-1.240152,0.991131,1.45819,1.281496,2.34527,-0.802355,1.147004,1.191722,1.209561,-1.400259,1.068791,-2.054379,0.966606,1.153986,2.354381,1.570009,1.004701,0.908152,1.003349,-0.157684,-1.405834,0.764092,0.825116,0.640162,-1.560135,2.205923,0.590724,0.866448,0.379687,-2.026935,0.525983,0.749352,1.52017,-2.057066,-0.81365,1.107507,-1.860638,1.127911,0.451149,-0.606003,0.906483,0.82013,1.872619,1.438301,-1.097471,1.784294,0.851153,1.348353,1.231657,0.54357,-0.532639,0.935049,1.419533,1.30114,-0.977663,1.558102,1.388519,0.956486,1.072245,-1.277895,2.057488,-1.563186,0.963595,1.000722,-1.211603,-0.736076,-0.962907,0.674939,0.705133,1.57832,-1.923441,0.81134,0.585057,0.467461,-1.485352,1.183996,0.871703,1.778389,1.336227,1.283485,1.075455,1.195919,0.490121,0.510151,0.804531,1.541189,0.755417,1.026727,1.482487,2.046244,0.803155,0.674812,-2.165838,1.140741,-0.936093,1.458285,-2.804826,0.700886,1.14544,-1.162802,1.729601,-1.3622,0.753863,1.038379,-0.317856,1.60821,-1.696465,0.310269,0.656868,-0.293726
233.0,86.1,71.7,5.0,9.0,38538.0,38771.0,-0.24853,-1.914973,1.001682,0.114723,0.186072,0.331305,-1.94272,1.051365,-0.510033,-1.229764,0.481622,-1.879346,0.73987,-2.083863,1.29808,0.635837,-1.772743,0.98416,-0.867284,0.950086,-0.256483,-1.877005,0.962214,-1.073586,-1.609101,0.145932,-0.470992,1.212054,1.192047,1.113644,-1.414185,-1.693232,0.968831,0.99535,1.144591,-1.798445,-1.701162,0.947666,0.638313,1.204434,0.696367,-1.667684,1.09357,0.872603,1.295753,1.260262,-1.743137,1.08594,0.903991,1.482189,-0.755053,-1.717178,1.0539,-1.227801,1.265856,0.361356,-1.883152,0.942316,-1.403968,1.560418,-0.662473,-0.923799,0.443007,-1.910405,1.488531,-1.929411,-0.134473,-2.105514,0.852664,1.302405,-1.138526,1.677015,1.309865,1.250379,1.180407,-2.019839,1.602943,0.917688,0.937119,0.758224,0.865387,-1.740229,0.6612,1.061871,0.93209,1.045643,-1.65448,0.521222,0.715093,0.958208,0.653562,-1.527879,0.931884,-1.255854,1.433184,0.736695,0.154263,1.030717,-1.21397,1.124497,-1.723858,-1.365436,1.028716,2.062802,1.287637,-1.88791,-0.099817,0.342744,1.336028,1.267607,-1.922833,-0.286512,-2.458877,0.76667,1.301539,-0.598784,1.295413,0.944323,1.033638,0.822077,-1.843568,-1.591496,0.878226,0.849036,0.542327,1.364632,1.333886,1.07864,1.121835,0.66208,-1.790221,-2.256266,0.550003,-0.503565,0.332633,0.99397,1.680478,-2.017863,1.647682,-0.805966,-1.377857,1.197087,0.935841,2.184248,1.227863,1.221828,-1.240152,0.991131,1.45819,1.281496,2.34527,-0.802355,1.147004,1.191722,1.209561,-1.400259,1.068791,-2.054379,0.966606,1.153986,2.354381,1.570009,1.004701,0.908152,1.003349,-0.157684,-1.405834,0.764092,0.825116,0.640162,-1.560135,2.205923,0.590724,0.866448,0.379687,-2.026935,0.525983,0.749352,1.52017,-2.057066,-0.81365,1.107507,-1.860638,1.127911,0.451149,-0.606003,0.906483,0.82013,1.872619,1.438301,-1.097471,1.784294,0.851153,1.348353,1.231657,0.54357,-0.532639,0.935049,1.419533,1.30114,-0.977663,1.558102,1.388519,0.956486,1.072245,-1.277895,2.057488,-1.563186,0.963595,1.000722,-1.211603,-0.736076,-0.962907,0.674939,0.705133,1.57832,-1.923441,0.81134,0.585057,0.467461,-1.485352,1.183996,0.871703,1.778389,1.336227,1.283485,1.075455,1.195919,0.490121,0.510151,0.804531,1.541189,0.755417,1.026727,1.482487,2.046244,0.803155,0.674812,-2.165838,1.140741,-0.936093,1.458285,-2.804826,0.700886,1.14544,-1.162802,1.729601,-1.3622,0.753863,1.038379,-0.317856,1.60821,-1.696465,0.310269,0.656868,-0.293726
166.0,84.2,67.4,2.0,3.0,38771.0,38937.0,-0.24853,-1.914973,1.001682,0.114723,0.186072,0.331305,-1.94272,1.051365,-0.510033,-1.229764,0.481622,-1.879346,0.73987,-2.083863,1.29808,0.635837,-1.772743,0.98416,-0.867284,0.950086,-0.256483,-1.877005,0.962214,-1.073586,-1.609101,0.145932,-0.470992,1.212054,1.192047,1.113644,-1.414185,-1.693232,0.968831,0.99535,1.144591,-1.798445,-1.701162,0.947666,0.638313,1.204434,0.696367,-1.667684,1.09357,0.872603,1.295753,1.260262,-1.743137,1.08594,0.903991,1.482189,-0.755053,-1.717178,1.0539,-1.227801,1.265856,0.361356,-1.883152,0.942316,-1.403968,1.560418,-0.662473,-0.923799,0.443007,-1.910405,1.488531,-1.929411,-0.134473,-2.105514,0.852664,1.302405,-1.138526,1.677015,1.309865,1.250379,1.180407,-2.019839,1.602943,0.917688,0.937119,0.758224,0.865387,-1.740229,0.6612,1.061871,0.93209,1.045643,-1.65448,0.521222,0.715093,0.958208,0.653562,-1.527879,0.931884,-1.255854,1.433184,0.736695,0.154263,1.030717,-1.21397,1.124497,-1.723858,-1.365436,1.028716,2.062802,1.287637,-1.88791,-0.099817,0.342744,1.336028,1.267607,-1.922833,-0.286512,-2.458877,0.76667,1.301539,-0.598784,1.295413,0.944323,1.033638,0.822077,-1.843568,-1.591496,0.878226,0.849036,0.542327,1.364632,1.333886,1.07864,1.121835,0.66208,-1.790221,-2.256266,0.550003,-0.503565,0.332633,0.99397,1.680478,-2.017863,1.647682,-0.805966,-1.377857,1.197087,0.935841,2.184248,1.227863,1.221828,-1.240152,0.991131,1.45819,1.281496,2.34527,-0.802355,1.147004,1.191722,1.209561,-1.400259,1.068791,-2.054379,0.966606,1.153986,2.354381,1.570009,1.004701,0.908152,1.003349,-0.157684,-1.405834,0.764092,0.825116,0.640162,-1.560135,2.205923,0.590724,0.866448,0.379687,-2.026935,0.525983,0.749352,1.52017,-2.057066,-0.81365,1.107507,-1.860638,1.127911,0.451149,-0.606003,0.906483,0.82013,1.872619,1.438301,-1.097471,1.784294,0.851153,1.348353,1.231657,0.54357,-0.532639,0.935049,1.419533,1.30114,-0.977663,1.558102,1.388519,0.956486,1.072245,-1.277895,2.057488,-1.563186,0.963595,1.000722,-1.211603,-0.736076,-0.962907,0.674939,0.705133,1.57832,-1.923441,0.81134,0.585057,0.467461,-1.485352,1.183996,0.871703,1.778389,1.336227,1.283485,1.075455,1.195919,0.490121,0.510151,0.804531,1.541189,0.755417,1.026727,1.482487,2.046244,0.803155,0.674812,-2.165838,1.140741,-0.936093,1.458285,-2.804826,0.700886,1.14544,-1.162802,1.729601,-1.3622,0.753863,1.038379,-0.317856,1.60821,-1.696465,0.310269,0.656868,-0.293726
333.0,84.6,70.0,8.0,5.0,38937.0,39270.0,-0.609217,0.42691,-0.952284,-0.841843,-0.284103,-0.635108,0.317303,-1.004336,-0.903196,0.589124,-0.771591,0.133216,-0.967331,0.486651,-0.75929,-0.649622,0.743833,-0.842796,0.308066,-0.258579,-0.353466,0.778715,-0.879016,0.07371,0.897474,-0.370203,0.648885,-0.779067,-0.67804,-0.665036,0.201349,0.973153,-0.792183,-0.5734,-0.650362,0.442137,0.900382,-0.800876,-0.695085,-0.517775,-0.595303,0.95247,-0.826151,-1.395492,-0.443381,-0.596978,0.991051,-0.83277,-1.630905,-0.432319,-0.331376,0.958343,-0.863338,0.408191,-0.059208,-0.489001,0.631406,-0.856008,0.738851,-0.414772,-0.285619,-0.281306,-0.874631,1.344054,-0.4776,0.395504,-0.420284,-0.716126,-0.277633,-0.601156,0.960933,-0.736616,-0.82557,-0.639513,-0.642959,0.835522,-0.752486,-0.745126,-0.449282,-0.447741,-0.287782,1.087577,-0.768206,-0.504873,-0.446672,-0.441824,0.992381,-0.793083,-0.155947,-0.344636,-0.360352,1.080768,-0.810875,0.512387,-0.621762,-0.698451,-0.293472,-0.858566,0.854651,-0.441481,0.829131,0.783391,-0.897293,-0.19474,-0.518522,0.468378,-0.388491,-0.800395,-0.505807,-0.56425,0.401098,-0.35049,-0.39928,-0.229966,-0.597179,0.236503,-0.705717,-0.674621,-0.491431,-0.380578,0.929448,0.855831,-0.85635,-0.377704,-0.253942,-0.818124,-0.564455,-0.811347,-0.496833,-0.291394,0.72934,0.829194,-0.788226,-0.019797,-0.371403,-1.560464,-0.815442,0.763693,-0.882692,0.59923,0.494112,-0.643706,-0.753375,-0.586176,-0.563855,-0.752072,0.598114,-0.571277,-0.627748,-0.557504,-1.245815,0.100219,-0.632148,-0.458521,-0.531752,0.209306,-0.645955,0.85776,-0.311002,-0.479327,-0.629727,-0.745683,-0.779888,-0.532181,-0.449118,0.234956,0.707117,-1.08547,-0.620106,-0.431917,1.072398,-0.384937,-0.999743,-0.772711,-0.327545,0.857693,-0.871965,-0.847213,-0.970335,0.844923,0.21675,-0.20995,0.98109,-0.097998,-0.068591,0.702548,-0.941691,-0.594763,-0.864683,-0.638495,0.894997,0.142018,-0.504011,-0.71898,-0.563409,-0.641584,-0.051441,-0.583061,-0.768288,-0.559586,0.408146,-0.834011,-0.745748,-0.354529,-0.43937,0.796376,-0.061733,-0.620657,-0.623087,-0.571702,0.856354,0.756393,-1.793138,-0.504956,-0.424899,-0.650774,0.95161,-1.117633,-0.914823,-0.377127,0.499286,-0.795451,-1.139142,-1.094053,-0.630543,-0.758066,-0.607146,-0.833749,-0.151259,0.013546,-0.52499,-0.787329,-0.707598,-0.990625,-0.719305,0.106658,-0.78402,-0.400552,1.28856,-0.409143,0.423602,-0.838813,0.786399,-0.266536,-0.458972,0.157476,-0.941978,-0.041585,-0.258498,-0.402267,0.639257,-0.81564,-0.015941,-0.479172,-0.475818,0.641017
499.0,86.5,73.5,7.0,15.0,39270.0,39769.0,-0.24853,-1.914973,1.001682,0.114723,0.186072,0.331305,-1.94272,1.051365,-0.510033,-1.229764,0.481622,-1.879346,0.73987,-2.083863,1.29808,0.635837,-1.772743,0.98416,-0.867284,0.950086,-0.256483,-1.877005,0.962214,-1.073586,-1.609101,0.145932,-0.470992,1.212054,1.192047,1.113644,-1.414185,-1.693232,0.968831,0.99535,1.144591,-1.798445,-1.701162,0.947666,0.638313,1.204434,0.696367,-1.667684,1.09357,0.872603,1.295753,1.260262,-1.743137,1.08594,0.903991,1.482189,-0.755053,-1.717178,1.0539,-1.227801,1.265856,0.361356,-1.883152,0.942316,-1.403968,1.560418,-0.662473,-0.923799,0.443007,-1.910405,1.488531,-1.929411,-0.134473,-2.105514,0.852664,1.302405,-1.138526,1.677015,1.309865,1.250379,1.180407,-2.019839,1.602943,0.917688,0.937119,0.758224,0.865387,-1.740229,0.6612,1.061871,0.93209,1.045643,-1.65448,0.521222,0.715093,0.958208,0.653562,-1.527879,0.931884,-1.255854,1.433184,0.736695,0.154263,1.030717,-1.21397,1.124497,-1.723858,-1.365436,1.028716,2.062802,1.287637,-1.88791,-0.099817,0.342744,1.336028,1.267607,-1.922833,-0.286512,-2.458877,0.76667,1.301539,-0.598784,1.295413,0.944323,1.033638,0.822077,-1.843568,-1.591496,0.878226,0.849036,0.542327,1.364632,1.333886,1.07864,1.121835,0.66208,-1.790221,-2.256266,0.550003,-0.503565,0.332633,0.99397,1.680478,-2.017863,1.647682,-0.805966,-1.377857,1.197087,0.935841,2.184248,1.227863,1.221828,-1.240152,0.991131,1.45819,1.281496,2.34527,-0.802355,1.147004,1.191722,1.209561,-1.400259,1.068791,-2.054379,0.966606,1.153986,2.354381,1.570009,1.004701,0.908152,1.003349,-0.157684,-1.405834,0.764092,0.825116,0.640162,-1.560135,2.205923,0.590724,0.866448,0.379687,-2.026935,0.525983,0.749352,1.52017,-2.057066,-0.81365,1.107507,-1.860638,1.127911,0.451149,-0.606003,0.906483,0.82013,1.872619,1.438301,-1.097471,1.784294,0.851153,1.348353,1.231657,0.54357,-0.532639,0.935049,1.419533,1.30114,-0.977663,1.558102,1.388519,0.956486,1.072245,-1.277895,2.057488,-1.563186,0.963595,1.000722,-1.211603,-0.736076,-0.962907,0.674939,0.705133,1.57832,-1.923441,0.81134,0.585057,0.467461,-1.485352,1.183996,0.871703,1.778389,1.336227,1.283485,1.075455,1.195919,0.490121,0.510151,0.804531,1.541189,0.755417,1.026727,1.482487,2.046244,0.803155,0.674812,-2.165838,1.140741,-0.936093,1.458285,-2.804826,0.700886,1.14544,-1.162802,1.729601,-1.3622,0.753863,1.038379,-0.317856,1.60821,-1.696465,0.310269,0.656868,-0.293726
332.0,86.7,73.8,4.0,3.0,39769.0,40101.0,-0.24853,-1.914973,1.001682,0.114723,0.186072,0.331305,-1.94272,1.051365,-0.510033,-1.229764,0.481622,-1.879346,0.73987,-2.083863,1.29808,0.635837,-1.772743,0.98416,-0.867284,0.950086,-0.256483,-1.877005,0.962214,-1.073586,-1.609101,0.145932,-0.470992,1.212054,1.192047,1.113644,-1.414185,-1.693232,0.968831,0.99535,1.144591,-1.798445,-1.701162,0.947666,0.638313,1.204434,0.696367,-1.667684,1.09357,0.872603,1.295753,1.260262,-1.743137,1.08594,0.903991,1.482189,-0.755053,-1.717178,1.0539,-1.227801,1.265856,0.361356,-1.883152,0.942316,-1.403968,1.560418,-0.662473,-0.923799,0.443007,-1.910405,1.488531,-1.929411,-0.134473,-2.105514,0.852664,1.302405,-1.138526,1.677015,1.309865,1.250379,1.180407,-2.019839,1.602943,0.917688,0.937119,0.758224,0.865387,-1.740229,0.6612,1.061871,0.93209,1.045643,-1.65448,0.521222,0.715093,0.958208,0.653562,-1.527879,0.931884,-1.255854,1.433184,0.736695,0.154263,1.030717,-1.21397,1.124497,-1.723858,-1.365436,1.028716,2.062802,1.287637,-1.88791,-0.099817,0.342744,1.336028,1.267607,-1.922833,-0.286512,-2.458877,0.76667,1.301539,-0.598784,1.295413,0.944323,1.033638,0.822077,-1.843568,-1.591496,0.878226,0.849036,0.542327,1.364632,1.333886,1.07864,1.121835,0.66208,-1.790221,-2.256266,0.550003,-0.503565,0.332633,0.99397,1.680478,-2.017863,1.647682,-0.805966,-1.377857,1.197087,0.935841,2.184248,1.227863,1.221828,-1.240152,0.991131,1.45819,1.281496,2.34527,-0.802355,1.147004,1.191722,1.209561,-1.400259,1.068791,-2.054379,0.966606,1.153986,2.354381,1.570009,1.004701,0.908152,1.003349,-0.157684,-1.405834,0.764092,0.825116,0.640162,-1.560135,2.205923,0.590724,0.866448,0.379687,-2.026935,0.525983,0.749352,1.52017,-2.057066,-0.81365,1.107507,-1.860638,1.127911,0.451149,-0.606003,0.906483,0.82013,1.872619,1.438301,-1.097471,1.784294,0.851153,1.348353,1.231657,0.54357,-0.532639,0.935049,1.419533,1.30114,-0.977663,1.558102,1.388519,0.956486,1.072245,-1.277895,2.057488,-1.563186,0.963595,1.000722,-1.211603,-0.736076,-0.962907,0.674939,0.705133,1.57832,-1.923441,0.81134,0.585057,0.467461,-1.485352,1.183996,0.871703,1.778389,1.336227,1.283485,1.075455,1.195919,0.490121,0.510151,0.804531,1.541189,0.755417,1.026727,1.482487,2.046244,0.803155,0.674812,-2.165838,1.140741,-0.936093,1.458285,-2.804826,0.700886,1.14544,-1.162802,1.729601,-1.3622,0.753863,1.038379,-0.317856,1.60821,-1.696465,0.310269,0.656868,-0.293726
198.0,65.0,56.0,0.0,1.0,6579.0,6777.0,-0.24853,-1.914973,1.001682,0.114723,0.186072,0.331305,-1.94272,1.051365,-0.510033,-1.229764,0.481622,-1.879346,0.73987,-2.083863,1.29808,0.635837,-1.772743,0.98416,-0.867284,0.950086,-0.256483,-1.877005,0.962214,-1.073586,-1.609101,0.145932,-0.470992,1.212054,1.192047,1.113644,-1.414185,-1.693232,0.968831,0.99535,1.144591,-1.798445,-1.701162,0.947666,0.638313,1.204434,0.696367,-1.667684,1.09357,0.872603,1.295753,1.260262,-1.743137,1.08594,0.903991,1.482189,-0.755053,-1.717178,1.0539,-1.227801,1.265856,0.361356,-1.883152,0.942316,-1.403968,1.560418,-0.662473,-0.923799,0.443007,-1.910405,1.488531,-1.929411,-0.134473,-2.105514,0.852664,1.302405,-1.138526,1.677015,1.309865,1.250379,1.180407,-2.019839,1.602943,0.917688,0.937119,0.758224,0.865387,-1.740229,0.6612,1.061871,0.93209,1.045643,-1.65448,0.521222,0.715093,0.958208,0.653562,-1.527879,0.931884,-1.255854,1.433184,0.736695,0.154263,1.030717,-1.21397,1.124497,-1.723858,-1.365436,1.028716,2.062802,1.287637,-1.88791,-0.099817,0.342744,1.336028,1.267607,-1.922833,-0.286512,-2.458877,0.76667,1.301539,-0.598784,1.295413,0.944323,1.033638,0.822077,-1.843568,-1.591496,0.878226,0.849036,0.542327,1.364632,1.333886,1.07864,1.121835,0.66208,-1.790221,-2.256266,0.550003,-0.503565,0.332633,0.99397,1.680478,-2.017863,1.647682,-0.805966,-1.377857,1.197087,0.935841,2.184248,1.227863,1.221828,-1.240152,0.991131,1.45819,1.281496,2.34527,-0.802355,1.147004,1.191722,1.209561,-1.400259,1.068791,-2.054379,0.966606,1.153986,2.354381,1.570009,1.004701,0.908152,1.003349,-0.157684,-1.405834,0.764092,0.825116,0.640162,-1.560135,2.205923,0.590724,0.866448,0.379687,-2.026935,0.525983,0.749352,1.52017,-2.057066,-0.81365,1.107507,-1.860638,1.127911,0.451149,-0.606003,0.906483,0.82013,1.872619,1.438301,-1.097471,1.784294,0.851153,1.348353,1.231657,0.54357,-0.532639,0.935049,1.419533,1.30114,-0.977663,1.558102,1.388519,0.956486,1.072245,-1.277895,2.057488,-1.563186,0.963595,1.000722,-1.211603,-0.736076,-0.962907,0.674939,0.705133,1.57832,-1.923441,0.81134,0.585057,0.467461,-1.485352,1.183996,0.871703,1.778389,1.336227,1.283485,1.075455,1.195919,0.490121,0.510151,0.804531,1.541189,0.755417,1.026727,1.482487,2.046244,0.803155,0.674812,-2.165838,1.140741,-0.936093,1.458285,-2.804826,0.700886,1.14544,-1.162802,1.729601,-1.3622,0.753863,1.038379,-0.317856,1.60821,-1.696465,0.310269,0.656868,-0.293726
266.0,82.1,66.1,5.0,4.0,40101.0,40367.0,-0.24853,-1.914973,1.001682,0.114723,0.186072,0.331305,-1.94272,1.051365,-0.510033,-1.229764,0.481622,-1.879346,0.73987,-2.083863,1.29808,0.635837,-1.772743,0.98416,-0.867284,0.950086,-0.256483,-1.877005,0.962214,-1.073586,-1.609101,0.145932,-0.470992,1.212054,1.192047,1.113644,-1.414185,-1.693232,0.968831,0.99535,1.144591,-1.798445,-1.701162,0.947666,0.638313,1.204434,0.696367,-1.667684,1.09357,0.872603,1.295753,1.260262,-1.743137,1.08594,0.903991,1.482189,-0.755053,-1.717178,1.0539,-1.227801,1.265856,0.361356,-1.883152,0.942316,-1.403968,1.560418,-0.662473,-0.923799,0.443007,-1.910405,1.488531,-1.929411,-0.134473,-2.105514,0.852664,1.302405,-1.138526,1.677015,1.309865,1.250379,1.180407,-2.019839,1.602943,0.917688,0.937119,0.758224,0.865387,-1.740229,0.6612,1.061871,0.93209,1.045643,-1.65448,0.521222,0.715093,0.958208,0.653562,-1.527879,0.931884,-1.255854,1.433184,0.736695,0.154263,1.030717,-1.21397,1.124497,-1.723858,-1.365436,1.028716,2.062802,1.287637,-1.88791,-0.099817,0.342744,1.336028,1.267607,-1.922833,-0.286512,-2.458877,0.76667,1.301539,-0.598784,1.295413,0.944323,1.033638,0.822077,-1.843568,-1.591496,0.878226,0.849036,0.542327,1.364632,1.333886,1.07864,1.121835,0.66208,-1.790221,-2.256266,0.550003,-0.503565,0.332633,0.99397,1.680478,-2.017863,1.647682,-0.805966,-1.377857,1.197087,0.935841,2.184248,1.227863,1.221828,-1.240152,0.991131,1.45819,1.281496,2.34527,-0.802355,1.147004,1.191722,1.209561,-1.400259,1.068791,-2.054379,0.966606,1.153986,2.354381,1.570009,1.004701,0.908152,1.003349,-0.157684,-1.405834,0.764092,0.825116,0.640162,-1.560135,2.205923,0.590724,0.866448,0.379687,-2.026935,0.525983,0.749352,1.52017,-2.057066,-0.81365,1.107507,-1.860638,1.127911,0.451149,-0.606003,0.906483,0.82013,1.872619,1.438301,-1.097471,1.784294,0.851153,1.348353,1.231657,0.54357,-0.532639,0.935049,1.419533,1.30114,-0.977663,1.558102,1.388519,0.956486,1.072245,-1.277895,2.057488,-1.563186,0.963595,1.000722,-1.211603,-0.736076,-0.962907,0.674939,0.705133,1.57832,-1.923441,0.81134,0.585057,0.467461,-1.485352,1.183996,0.871703,1.778389,1.336227,1.283485,1.075455,1.195919,0.490121,0.510151,0.804531,1.541189,0.755417,1.026727,1.482487,2.046244,0.803155,0.674812,-2.165838,1.140741,-0.936093,1.458285,-2.804826,0.700886,1.14544,-1.162802,1.729601,-1.3622,0.753863,1.038379,-0.317856,1.60821,-1.696465,0.310269,0.656868,-0.293726
133.0,83.3,74.0,5.0,2.0,40367.0,40500.0,-0.24853,-1.914973,1.001682,0.114723,0.186072,0.331305,-1.94272,1.051365,-0.510033,-1.229764,0.481622,-1.879346,0.73987,-2.083863,1.29808,0.635837,-1.772743,0.98416,-0.867284,0.950086,-0.256483,-1.877005,0.962214,-1.073586,-1.609101,0.145932,-0.470992,1.212054,1.192047,1.113644,-1.414185,-1.693232,0.968831,0.99535,1.144591,-1.798445,-1.701162,0.947666,0.638313,1.204434,0.696367,-1.667684,1.09357,0.872603,1.295753,1.260262,-1.743137,1.08594,0.903991,1.482189,-0.755053,-1.717178,1.0539,-1.227801,1.265856,0.361356,-1.883152,0.942316,-1.403968,1.560418,-0.662473,-0.923799,0.443007,-1.910405,1.488531,-1.929411,-0.134473,-2.105514,0.852664,1.302405,-1.138526,1.677015,1.309865,1.250379,1.180407,-2.019839,1.602943,0.917688,0.937119,0.758224,0.865387,-1.740229,0.6612,1.061871,0.93209,1.045643,-1.65448,0.521222,0.715093,0.958208,0.653562,-1.527879,0.931884,-1.255854,1.433184,0.736695,0.154263,1.030717,-1.21397,1.124497,-1.723858,-1.365436,1.028716,2.062802,1.287637,-1.88791,-0.099817,0.342744,1.336028,1.267607,-1.922833,-0.286512,-2.458877,0.76667,1.301539,-0.598784,1.295413,0.944323,1.033638,0.822077,-1.843568,-1.591496,0.878226,0.849036,0.542327,1.364632,1.333886,1.07864,1.121835,0.66208,-1.790221,-2.256266,0.550003,-0.503565,0.332633,0.99397,1.680478,-2.017863,1.647682,-0.805966,-1.377857,1.197087,0.935841,2.184248,1.227863,1.221828,-1.240152,0.991131,1.45819,1.281496,2.34527,-0.802355,1.147004,1.191722,1.209561,-1.400259,1.068791,-2.054379,0.966606,1.153986,2.354381,1.570009,1.004701,0.908152,1.003349,-0.157684,-1.405834,0.764092,0.825116,0.640162,-1.560135,2.205923,0.590724,0.866448,0.379687,-2.026935,0.525983,0.749352,1.52017,-2.057066,-0.81365,1.107507,-1.860638,1.127911,0.451149,-0.606003,0.906483,0.82013,1.872619,1.438301,-1.097471,1.784294,0.851153,1.348353,1.231657,0.54357,-0.532639,0.935049,1.419533,1.30114,-0.977663,1.558102,1.388519,0.956486,1.072245,-1.277895,2.057488,-1.563186,0.963595,1.000722,-1.211603,-0.736076,-0.962907,0.674939,0.705133,1.57832,-1.923441,0.81134,0.585057,0.467461,-1.485352,1.183996,0.871703,1.778389,1.336227,1.283485,1.075455,1.195919,0.490121,0.510151,0.804531,1.541189,0.755417,1.026727,1.482487,2.046244,0.803155,0.674812,-2.165838,1.140741,-0.936093,1.458285,-2.804826,0.700886,1.14544,-1.162802,1.729601,-1.3622,0.753863,1.038379,-0.317856,1.60821,-1.696465,0.310269,0.656868,-0.293726
66.0,82.0,70.5,2.0,0.0,40500.0,40566.0,-0.24853,-1.914973,1.001682,0.114723,0.186072,0.331305,-1.94272,1.051365,-0.510033,-1.229764,0.481622,-1.879346,0.73987,-2.083863,1.29808,0.635837,-1.772743,0.98416,-0.867284,0.950086,-0.256483,-1.877005,0.962214,-1.073586,-1.609101,0.145932,-0.470992,1.212054,1.192047,1.113644,-1.414185,-1.693232,0.968831,0.99535,1.144591,-1.798445,-1.701162,0.947666,0.638313,1.204434,0.696367,-1.667684,1.09357,0.872603,1.295753,1.260262,-1.743137,1.08594,0.903991,1.482189,-0.755053,-1.717178,1.0539,-1.227801,1.265856,0.361356,-1.883152,0.942316,-1.403968,1.560418,-0.662473,-0.923799,0.443007,-1.910405,1.488531,-1.929411,-0.134473,-2.105514,0.852664,1.302405,-1.138526,1.677015,1.309865,1.250379,1.180407,-2.019839,1.602943,0.917688,0.937119,0.758224,0.865387,-1.740229,0.6612,1.061871,0.93209,1.045643,-1.65448,0.521222,0.715093,0.958208,0.653562,-1.527879,0.931884,-1.255854,1.433184,0.736695,0.154263,1.030717,-1.21397,1.124497,-1.723858,-1.365436,1.028716,2.062802,1.287637,-1.88791,-0.099817,0.342744,1.336028,1.267607,-1.922833,-0.286512,-2.458877,0.76667,1.301539,-0.598784,1.295413,0.944323,1.033638,0.822077,-1.843568,-1.591496,0.878226,0.849036,0.542327,1.364632,1.333886,1.07864,1.121835,0.66208,-1.790221,-2.256266,0.550003,-0.503565,0.332633,0.99397,1.680478,-2.017863,1.647682,-0.805966,-1.377857,1.197087,0.935841,2.184248,1.227863,1.221828,-1.240152,0.991131,1.45819,1.281496,2.34527,-0.802355,1.147004,1.191722,1.209561,-1.400259,1.068791,-2.054379,0.966606,1.153986,2.354381,1.570009,1.004701,0.908152,1.003349,-0.157684,-1.405834,0.764092,0.825116,0.640162,-1.560135,2.205923,0.590724,0.866448,0.379687,-2.026935,0.525983,0.749352,1.52017,-2.057066,-0.81365,1.107507,-1.860638,1.127911,0.451149,-0.606003,0.906483,0.82013,1.872619,1.438301,-1.097471,1.784294,0.851153,1.348353,1.231657,0.54357,-0.532639,0.935049,1.419533,1.30114,-0.977663,1.558102,1.388519,0.956486,1.072245,-1.277895,2.057488,-1.563186,0.963595,1.000722,-1.211603,-0.736076,-0.962907,0.674939,0.705133,1.57832,-1.923441,0.81134,0.585057,0.467461,-1.485352,1.183996,0.871703,1.778389,1.336227,1.283485,1.075455,1.195919,0.490121,0.510151,0.804531,1.541189,0.755417,1.026727,1.482487,2.046244,0.803155,0.674812,-2.165838,1.140741,-0.936093,1.458285,-2.804826,0.700886,1.14544,-1.162802,1.729601,-1.3622,0.753863,1.038379,-0.317856,1.60821,-1.696465,0.310269,0.656868,-0.293726
300.0,80.9,66.7,5.0,5.0,40566.0,40866.0,-0.24853,-1.914973,1.001682,0.114723,0.186072,0.331305,-1.94272,1.051365,-0.510033,-1.229764,0.481622,-1.879346,0.73987,-2.083863,1.29808,0.635837,-1.772743,0.98416,-0.867284,0.950086,-0.256483,-1.877005,0.962214,-1.073586,-1.609101,0.145932,-0.470992,1.212054,1.192047,1.113644,-1.414185,-1.693232,0.968831,0.99535,1.144591,-1.798445,-1.701162,0.947666,0.638313,1.204434,0.696367,-1.667684,1.09357,0.872603,1.295753,1.260262,-1.743137,1.08594,0.903991,1.482189,-0.755053,-1.717178,1.0539,-1.227801,1.265856,0.361356,-1.883152,0.942316,-1.403968,1.560418,-0.662473,-0.923799,0.443007,-1.910405,1.488531,-1.929411,-0.134473,-2.105514,0.852664,1.302405,-1.138526,1.677015,1.309865,1.250379,1.180407,-2.019839,1.602943,0.917688,0.937119,0.758224,0.865387,-1.740229,0.6612,1.061871,0.93209,1.045643,-1.65448,0.521222,0.715093,0.958208,0.653562,-1.527879,0.931884,-1.255854,1.433184,0.736695,0.154263,1.030717,-1.21397,1.124497,-1.723858,-1.365436,1.028716,2.062802,1.287637,-1.88791,-0.099817,0.342744,1.336028,1.267607,-1.922833,-0.286512,-2.458877,0.76667,1.301539,-0.598784,1.295413,0.944323,1.033638,0.822077,-1.843568,-1.591496,0.878226,0.849036,0.542327,1.364632,1.333886,1.07864,1.121835,0.66208,-1.790221,-2.256266,0.550003,-0.503565,0.332633,0.99397,1.680478,-2.017863,1.647682,-0.805966,-1.377857,1.197087,0.935841,2.184248,1.227863,1.221828,-1.240152,0.991131,1.45819,1.281496,2.34527,-0.802355,1.147004,1.191722,1.209561,-1.400259,1.068791,-2.054379,0.966606,1.153986,2.354381,1.570009,1.004701,0.908152,1.003349,-0.157684,-1.405834,0.764092,0.825116,0.640162,-1.560135,2.205923,0.590724,0.866448,0.379687,-2.026935,0.525983,0.749352,1.52017,-2.057066,-0.81365,1.107507,-1.860638,1.127911,0.451149,-0.606003,0.906483,0.82013,1.872619,1.438301,-1.097471,1.784294,0.851153,1.348353,1.231657,0.54357,-0.532639,0.935049,1.419533,1.30114,-0.977663,1.558102,1.388519,0.956486,1.072245,-1.277895,2.057488,-1.563186,0.963595,1.000722,-1.211603,-0.736076,-0.962907,0.674939,0.705133,1.57832,-1.923441,0.81134,0.585057,0.467461,-1.485352,1.183996,0.871703,1.778389,1.336227,1.283485,1.075455,1.195919,0.490121,0.510151,0.804531,1.541189,0.755417,1.026727,1.482487,2.046244,0.803155,0.674812,-2.165838,1.140741,-0.936093,1.458285,-2.804826,0.700886,1.14544,-1.162802,1.729601,-1.3622,0.753863,1.038379,-0.317856,1.60821,-1.696465,0.310269,0.656868,-0.293726
265.0,82.5,64.4,3.0,2.0,40866.0,41131.0,-0.24853,-1.914973,1.001682,0.114723,0.186072,0.331305,-1.94272,1.051365,-0.510033,-1.229764,0.481622,-1.879346,0.73987,-2.083863,1.29808,0.635837,-1.772743,0.98416,-0.867284,0.950086,-0.256483,-1.877005,0.962214,-1.073586,-1.609101,0.145932,-0.470992,1.212054,1.192047,1.113644,-1.414185,-1.693232,0.968831,0.99535,1.144591,-1.798445,-1.701162,0.947666,0.638313,1.204434,0.696367,-1.667684,1.09357,0.872603,1.295753,1.260262,-1.743137,1.08594,0.903991,1.482189,-0.755053,-1.717178,1.0539,-1.227801,1.265856,0.361356,-1.883152,0.942316,-1.403968,1.560418,-0.662473,-0.923799,0.443007,-1.910405,1.488531,-1.929411,-0.134473,-2.105514,0.852664,1.302405,-1.138526,1.677015,1.309865,1.250379,1.180407,-2.019839,1.602943,0.917688,0.937119,0.758224,0.865387,-1.740229,0.6612,1.061871,0.93209,1.045643,-1.65448,0.521222,0.715093,0.958208,0.653562,-1.527879,0.931884,-1.255854,1.433184,0.736695,0.154263,1.030717,-1.21397,1.124497,-1.723858,-1.365436,1.028716,2.062802,1.287637,-1.88791,-0.099817,0.342744,1.336028,1.267607,-1.922833,-0.286512,-2.458877,0.76667,1.301539,-0.598784,1.295413,0.944323,1.033638,0.822077,-1.843568,-1.591496,0.878226,0.849036,0.542327,1.364632,1.333886,1.07864,1.121835,0.66208,-1.790221,-2.256266,0.550003,-0.503565,0.332633,0.99397,1.680478,-2.017863,1.647682,-0.805966,-1.377857,1.197087,0.935841,2.184248,1.227863,1.221828,-1.240152,0.991131,1.45819,1.281496,2.34527,-0.802355,1.147004,1.191722,1.209561,-1.400259,1.068791,-2.054379,0.966606,1.153986,2.354381,1.570009,1.004701,0.908152,1.003349,-0.157684,-1.405834,0.764092,0.825116,0.640162,-1.560135,2.205923,0.590724,0.866448,0.379687,-2.026935,0.525983,0.749352,1.52017,-2.057066,-0.81365,1.107507,-1.860638,1.127911,0.451149,-0.606003,0.906483,0.82013,1.872619,1.438301,-1.097471,1.784294,0.851153,1.348353,1.231657,0.54357,-0.532639,0.935049,1.419533,1.30114,-0.977663,1.558102,1.388519,0.956486,1.072245,-1.277895,2.057488,-1.563186,0.963595,1.000722,-1.211603,-0.736076,-0.962907,0.674939,0.705133,1.57832,-1.923441,0.81134,0.585057,0.467461,-1.485352,1.183996,0.871703,1.778389,1.336227,1.283485,1.075455,1.195919,0.490121,0.510151,0.804531,1.541189,0.755417,1.026727,1.482487,2.046244,0.803155,0.674812,-2.165838,1.140741,-0.936093,1.458285,-2.804826,0.700886,1.14544,-1.162802,1.729601,-1.3622,0.753863,1.038379,-0.317856,1.60821,-1.696465,0.310269,0.656868,-0.293726
266.0,80.8,63.8,5.0,12.0,41131.0,41397.0,-0.24853,-1.914973,1.001682,0.114723,0.186072,0.331305,-1.94272,1.051365,-0.510033,-1.229764,0.481622,-1.879346,0.73987,-2.083863,1.29808,0.635837,-1.772743,0.98416,-0.867284,0.950086,-0.256483,-1.877005,0.962214,-1.073586,-1.609101,0.145932,-0.470992,1.212054,1.192047,1.113644,-1.414185,-1.693232,0.968831,0.99535,1.144591,-1.798445,-1.701162,0.947666,0.638313,1.204434,0.696367,-1.667684,1.09357,0.872603,1.295753,1.260262,-1.743137,1.08594,0.903991,1.482189,-0.755053,-1.717178,1.0539,-1.227801,1.265856,0.361356,-1.883152,0.942316,-1.403968,1.560418,-0.662473,-0.923799,0.443007,-1.910405,1.488531,-1.929411,-0.134473,-2.105514,0.852664,1.302405,-1.138526,1.677015,1.309865,1.250379,1.180407,-2.019839,1.602943,0.917688,0.937119,0.758224,0.865387,-1.740229,0.6612,1.061871,0.93209,1.045643,-1.65448,0.521222,0.715093,0.958208,0.653562,-1.527879,0.931884,-1.255854,1.433184,0.736695,0.154263,1.030717,-1.21397,1.124497,-1.723858,-1.365436,1.028716,2.062802,1.287637,-1.88791,-0.099817,0.342744,1.336028,1.267607,-1.922833,-0.286512,-2.458877,0.76667,1.301539,-0.598784,1.295413,0.944323,1.033638,0.822077,-1.843568,-1.591496,0.878226,0.849036,0.542327,1.364632,1.333886,1.07864,1.121835,0.66208,-1.790221,-2.256266,0.550003,-0.503565,0.332633,0.99397,1.680478,-2.017863,1.647682,-0.805966,-1.377857,1.197087,0.935841,2.184248,1.227863,1.221828,-1.240152,0.991131,1.45819,1.281496,2.34527,-0.802355,1.147004,1.191722,1.209561,-1.400259,1.068791,-2.054379,0.966606,1.153986,2.354381,1.570009,1.004701,0.908152,1.003349,-0.157684,-1.405834,0.764092,0.825116,0.640162,-1.560135,2.205923,0.590724,0.866448,0.379687,-2.026935,0.525983,0.749352,1.52017,-2.057066,-0.81365,1.107507,-1.860638,1.127911,0.451149,-0.606003,0.906483,0.82013,1.872619,1.438301,-1.097471,1.784294,0.851153,1.348353,1.231657,0.54357,-0.532639,0.935049,1.419533,1.30114,-0.977663,1.558102,1.388519,0.956486,1.072245,-1.277895,2.057488,-1.563186,0.963595,1.000722,-1.211603,-0.736076,-0.962907,0.674939,0.705133,1.57832,-1.923441,0.81134,0.585057,0.467461,-1.485352,1.183996,0.871703,1.778389,1.336227,1.283485,1.075455,1.195919,0.490121,0.510151,0.804531,1.541189,0.755417,1.026727,1.482487,2.046244,0.803155,0.674812,-2.165838,1.140741,-0.936093,1.458285,-2.804826,0.700886,1.14544,-1.162802,1.729601,-1.3622,0.753863,1.038379,-0.317856,1.60821,-1.696465,0.310269,0.656868,-0.293726
66.0,83.0,73.5,0.0,2.0,41397.0,41463.0,-0.24853,-1.914973,1.001682,0.114723,0.186072,0.331305,-1.94272,1.051365,-0.510033,-1.229764,0.481622,-1.879346,0.73987,-2.083863,1.29808,0.635837,-1.772743,0.98416,-0.867284,0.950086,-0.256483,-1.877005,0.962214,-1.073586,-1.609101,0.145932,-0.470992,1.212054,1.192047,1.113644,-1.414185,-1.693232,0.968831,0.99535,1.144591,-1.798445,-1.701162,0.947666,0.638313,1.204434,0.696367,-1.667684,1.09357,0.872603,1.295753,1.260262,-1.743137,1.08594,0.903991,1.482189,-0.755053,-1.717178,1.0539,-1.227801,1.265856,0.361356,-1.883152,0.942316,-1.403968,1.560418,-0.662473,-0.923799,0.443007,-1.910405,1.488531,-1.929411,-0.134473,-2.105514,0.852664,1.302405,-1.138526,1.677015,1.309865,1.250379,1.180407,-2.019839,1.602943,0.917688,0.937119,0.758224,0.865387,-1.740229,0.6612,1.061871,0.93209,1.045643,-1.65448,0.521222,0.715093,0.958208,0.653562,-1.527879,0.931884,-1.255854,1.433184,0.736695,0.154263,1.030717,-1.21397,1.124497,-1.723858,-1.365436,1.028716,2.062802,1.287637,-1.88791,-0.099817,0.342744,1.336028,1.267607,-1.922833,-0.286512,-2.458877,0.76667,1.301539,-0.598784,1.295413,0.944323,1.033638,0.822077,-1.843568,-1.591496,0.878226,0.849036,0.542327,1.364632,1.333886,1.07864,1.121835,0.66208,-1.790221,-2.256266,0.550003,-0.503565,0.332633,0.99397,1.680478,-2.017863,1.647682,-0.805966,-1.377857,1.197087,0.935841,2.184248,1.227863,1.221828,-1.240152,0.991131,1.45819,1.281496,2.34527,-0.802355,1.147004,1.191722,1.209561,-1.400259,1.068791,-2.054379,0.966606,1.153986,2.354381,1.570009,1.004701,0.908152,1.003349,-0.157684,-1.405834,0.764092,0.825116,0.640162,-1.560135,2.205923,0.590724,0.866448,0.379687,-2.026935,0.525983,0.749352,1.52017,-2.057066,-0.81365,1.107507,-1.860638,1.127911,0.451149,-0.606003,0.906483,0.82013,1.872619,1.438301,-1.097471,1.784294,0.851153,1.348353,1.231657,0.54357,-0.532639,0.935049,1.419533,1.30114,-0.977663,1.558102,1.388519,0.956486,1.072245,-1.277895,2.057488,-1.563186,0.963595,1.000722,-1.211603,-0.736076,-0.962907,0.674939,0.705133,1.57832,-1.923441,0.81134,0.585057,0.467461,-1.485352,1.183996,0.871703,1.778389,1.336227,1.283485,1.075455,1.195919,0.490121,0.510151,0.804531,1.541189,0.755417,1.026727,1.482487,2.046244,0.803155,0.674812,-2.165838,1.140741,-0.936093,1.458285,-2.804826,0.700886,1.14544,-1.162802,1.729601,-1.3622,0.753863,1.038379,-0.317856,1.60821,-1.696465,0.310269,0.656868,-0.293726
133.0,82.5,66.0,7.0,5.0,41463.0,41596.0,-0.24853,-1.914973,1.001682,0.114723,0.186072,0.331305,-1.94272,1.051365,-0.510033,-1.229764,0.481622,-1.879346,0.73987,-2.083863,1.29808,0.635837,-1.772743,0.98416,-0.867284,0.950086,-0.256483,-1.877005,0.962214,-1.073586,-1.609101,0.145932,-0.470992,1.212054,1.192047,1.113644,-1.414185,-1.693232,0.968831,0.99535,1.144591,-1.798445,-1.701162,0.947666,0.638313,1.204434,0.696367,-1.667684,1.09357,0.872603,1.295753,1.260262,-1.743137,1.08594,0.903991,1.482189,-0.755053,-1.717178,1.0539,-1.227801,1.265856,0.361356,-1.883152,0.942316,-1.403968,1.560418,-0.662473,-0.923799,0.443007,-1.910405,1.488531,-1.929411,-0.134473,-2.105514,0.852664,1.302405,-1.138526,1.677015,1.309865,1.250379,1.180407,-2.019839,1.602943,0.917688,0.937119,0.758224,0.865387,-1.740229,0.6612,1.061871,0.93209,1.045643,-1.65448,0.521222,0.715093,0.958208,0.653562,-1.527879,0.931884,-1.255854,1.433184,0.736695,0.154263,1.030717,-1.21397,1.124497,-1.723858,-1.365436,1.028716,2.062802,1.287637,-1.88791,-0.099817,0.342744,1.336028,1.267607,-1.922833,-0.286512,-2.458877,0.76667,1.301539,-0.598784,1.295413,0.944323,1.033638,0.822077,-1.843568,-1.591496,0.878226,0.849036,0.542327,1.364632,1.333886,1.07864,1.121835,0.66208,-1.790221,-2.256266,0.550003,-0.503565,0.332633,0.99397,1.680478,-2.017863,1.647682,-0.805966,-1.377857,1.197087,0.935841,2.184248,1.227863,1.221828,-1.240152,0.991131,1.45819,1.281496,2.34527,-0.802355,1.147004,1.191722,1.209561,-1.400259,1.068791,-2.054379,0.966606,1.153986,2.354381,1.570009,1.004701,0.908152,1.003349,-0.157684,-1.405834,0.764092,0.825116,0.640162,-1.560135,2.205923,0.590724,0.866448,0.379687,-2.026935,0.525983,0.749352,1.52017,-2.057066,-0.81365,1.107507,-1.860638,1.127911,0.451149,-0.606003,0.906483,0.82013,1.872619,1.438301,-1.097471,1.784294,0.851153,1.348353,1.231657,0.54357,-0.532639,0.935049,1.419533,1.30114,-0.977663,1.558102,1.388519,0.956486,1.072245,-1.277895,2.057488,-1.563186,0.963595,1.000722,-1.211603,-0.736076,-0.962907,0.674939,0.705133,1.57832,-1.923441,0.81134,0.585057,0.467461,-1.485352,1.183996,0.871703,1.778389,1.336227,1.283485,1.075455,1.195919,0.490121,0.510151,0.804531,1.541189,0.755417,1.026727,1.482487,2.046244,0.803155,0.674812,-2.165838,1.140741,-0.936093,1.458285,-2.804826,0.700886,1.14544,-1.162802,1.729601,-1.3622,0.753863,1.038379,-0.317856,1.60821,-1.696465,0.310269,0.656868,-0.293726
266.0,78.3,63.0,6.0,8.0,41596.0,41862.0,-0.584267,0.43084,-0.929558,-0.823043,-0.229587,-0.604333,0.330694,-0.980216,-0.862318,0.603003,-0.739662,0.163458,-0.941724,0.486447,-0.73555,-0.627834,0.745579,-0.826749,0.290373,-0.257393,-0.315071,0.78448,-0.860946,0.048089,0.898249,-0.351123,0.677598,-0.759527,-0.65399,-0.642117,0.217792,0.993788,-0.770827,-0.548855,-0.629848,0.456112,0.898447,-0.780649,-0.67013,-0.497021,-0.569206,0.95121,-0.808705,-1.38317,-0.419628,-0.575529,0.996165,-0.817053,-1.624179,-0.408262,-0.299222,0.953646,-0.847711,0.392916,-0.026492,-0.458623,0.654548,-0.839335,0.733587,-0.386628,-0.240163,-0.240649,-0.852946,1.33335,-0.455344,0.416175,-0.378696,-0.66303,-0.243678,-0.584171,0.959318,-0.718844,-0.810384,-0.621428,-0.623961,0.83006,-0.72679,-0.721253,-0.427155,-0.423319,-0.26204,1.107296,-0.746126,-0.484198,-0.423447,-0.4249,0.992478,-0.770371,-0.134545,-0.319835,-0.335772,1.110601,-0.793979,0.49182,-0.603987,-0.671899,-0.252564,-0.843229,0.840285,-0.417402,0.855069,0.816074,-0.883706,-0.20107,-0.497888,0.504902,-0.355544,-0.777217,-0.487818,-0.545364,0.421683,-0.307973,-0.351918,-0.194832,-0.579919,0.266591,-0.679821,-0.652621,-0.469071,-0.3584,0.924212,0.895838,-0.836953,-0.354117,-0.227185,-0.801292,-0.535764,-0.795209,-0.474238,-0.262692,0.714034,0.847395,-0.767198,0.009315,-0.353705,-1.543119,-0.797954,0.7632,-0.866708,0.578835,0.49026,-0.626308,-0.737684,-0.578247,-0.544149,-0.715572,0.648091,-0.55262,-0.615976,-0.540032,-1.232333,0.134551,-0.613662,-0.440304,-0.514238,0.219034,-0.61817,0.892825,-0.289186,-0.459956,-0.617345,-0.722993,-0.756992,-0.510802,-0.429026,0.195785,0.716678,-1.070396,-0.595522,-0.405968,1.059549,-0.326077,-0.98242,-0.752801,-0.301216,0.873328,-0.842248,-0.830547,-0.971814,0.860393,0.204842,-0.182257,0.971085,-0.127025,-0.03368,0.664116,-0.957599,-0.574058,-0.857971,-0.630595,0.884537,0.124523,-0.481891,-0.704312,-0.5451,-0.674401,-0.028955,-0.562934,-0.753354,-0.543764,0.392819,-0.818097,-0.730403,-0.332661,-0.419995,0.786766,-0.043341,-0.565788,-0.603046,-0.550443,0.843296,0.753201,-1.752413,-0.485205,-0.398508,-0.65023,0.963335,-1.10362,-0.893987,-0.348279,0.520089,-0.77022,-1.122887,-1.086981,-0.614639,-0.736517,-0.585264,-0.811019,-0.163954,0.022475,-0.499479,-0.779064,-0.679871,-1.006819,-0.707664,0.099143,-0.76572,-0.376403,1.297146,-0.39165,0.399478,-0.834838,0.79453,-0.240463,-0.440095,0.153607,-0.934524,-0.037634,-0.23353,-0.381879,0.622982,-0.801926,0.017257,-0.446406,-0.448713,0.6243
66.0,75.5,61.0,1.0,0.0,41862.0,41928.0,-0.24853,-1.914973,1.001682,0.114723,0.186072,0.331305,-1.94272,1.051365,-0.510033,-1.229764,0.481622,-1.879346,0.73987,-2.083863,1.29808,0.635837,-1.772743,0.98416,-0.867284,0.950086,-0.256483,-1.877005,0.962214,-1.073586,-1.609101,0.145932,-0.470992,1.212054,1.192047,1.113644,-1.414185,-1.693232,0.968831,0.99535,1.144591,-1.798445,-1.701162,0.947666,0.638313,1.204434,0.696367,-1.667684,1.09357,0.872603,1.295753,1.260262,-1.743137,1.08594,0.903991,1.482189,-0.755053,-1.717178,1.0539,-1.227801,1.265856,0.361356,-1.883152,0.942316,-1.403968,1.560418,-0.662473,-0.923799,0.443007,-1.910405,1.488531,-1.929411,-0.134473,-2.105514,0.852664,1.302405,-1.138526,1.677015,1.309865,1.250379,1.180407,-2.019839,1.602943,0.917688,0.937119,0.758224,0.865387,-1.740229,0.6612,1.061871,0.93209,1.045643,-1.65448,0.521222,0.715093,0.958208,0.653562,-1.527879,0.931884,-1.255854,1.433184,0.736695,0.154263,1.030717,-1.21397,1.124497,-1.723858,-1.365436,1.028716,2.062802,1.287637,-1.88791,-0.099817,0.342744,1.336028,1.267607,-1.922833,-0.286512,-2.458877,0.76667,1.301539,-0.598784,1.295413,0.944323,1.033638,0.822077,-1.843568,-1.591496,0.878226,0.849036,0.542327,1.364632,1.333886,1.07864,1.121835,0.66208,-1.790221,-2.256266,0.550003,-0.503565,0.332633,0.99397,1.680478,-2.017863,1.647682,-0.805966,-1.377857,1.197087,0.935841,2.184248,1.227863,1.221828,-1.240152,0.991131,1.45819,1.281496,2.34527,-0.802355,1.147004,1.191722,1.209561,-1.400259,1.068791,-2.054379,0.966606,1.153986,2.354381,1.570009,1.004701,0.908152,1.003349,-0.157684,-1.405834,0.764092,0.825116,0.640162,-1.560135,2.205923,0.590724,0.866448,0.379687,-2.026935,0.525983,0.749352,1.52017,-2.057066,-0.81365,1.107507,-1.860638,1.127911,0.451149,-0.606003,0.906483,0.82013,1.872619,1.438301,-1.097471,1.784294,0.851153,1.348353,1.231657,0.54357,-0.532639,0.935049,1.419533,1.30114,-0.977663,1.558102,1.388519,0.956486,1.072245,-1.277895,2.057488,-1.563186,0.963595,1.000722,-1.211603,-0.736076,-0.962907,0.674939,0.705133,1.57832,-1.923441,0.81134,0.585057,0.467461,-1.485352,1.183996,0.871703,1.778389,1.336227,1.283485,1.075455,1.195919,0.490121,0.510151,0.804531,1.541189,0.755417,1.026727,1.482487,2.046244,0.803155,0.674812,-2.165838,1.140741,-0.936093,1.458285,-2.804826,0.700886,1.14544,-1.162802,1.729601,-1.3622,0.753863,1.038379,-0.317856,1.60821,-1.696465,0.310269,0.656868,-0.293726
131.0,65.0,56.5,1.0,3.0,6777.0,6908.0,-0.24853,-1.914973,1.001682,0.114723,0.186072,0.331305,-1.94272,1.051365,-0.510033,-1.229764,0.481622,-1.879346,0.73987,-2.083863,1.29808,0.635837,-1.772743,0.98416,-0.867284,0.950086,-0.256483,-1.877005,0.962214,-1.073586,-1.609101,0.145932,-0.470992,1.212054,1.192047,1.113644,-1.414185,-1.693232,0.968831,0.99535,1.144591,-1.798445,-1.701162,0.947666,0.638313,1.204434,0.696367,-1.667684,1.09357,0.872603,1.295753,1.260262,-1.743137,1.08594,0.903991,1.482189,-0.755053,-1.717178,1.0539,-1.227801,1.265856,0.361356,-1.883152,0.942316,-1.403968,1.560418,-0.662473,-0.923799,0.443007,-1.910405,1.488531,-1.929411,-0.134473,-2.105514,0.852664,1.302405,-1.138526,1.677015,1.309865,1.250379,1.180407,-2.019839,1.602943,0.917688,0.937119,0.758224,0.865387,-1.740229,0.6612,1.061871,0.93209,1.045643,-1.65448,0.521222,0.715093,0.958208,0.653562,-1.527879,0.931884,-1.255854,1.433184,0.736695,0.154263,1.030717,-1.21397,1.124497,-1.723858,-1.365436,1.028716,2.062802,1.287637,-1.88791,-0.099817,0.342744,1.336028,1.267607,-1.922833,-0.286512,-2.458877,0.76667,1.301539,-0.598784,1.295413,0.944323,1.033638,0.822077,-1.843568,-1.591496,0.878226,0.849036,0.542327,1.364632,1.333886,1.07864,1.121835,0.66208,-1.790221,-2.256266,0.550003,-0.503565,0.332633,0.99397,1.680478,-2.017863,1.647682,-0.805966,-1.377857,1.197087,0.935841,2.184248,1.227863,1.221828,-1.240152,0.991131,1.45819,1.281496,2.34527,-0.802355,1.147004,1.191722,1.209561,-1.400259,1.068791,-2.054379,0.966606,1.153986,2.354381,1.570009,1.004701,0.908152,1.003349,-0.157684,-1.405834,0.764092,0.825116,0.640162,-1.560135,2.205923,0.590724,0.866448,0.379687,-2.026935,0.525983,0.749352,1.52017,-2.057066,-0.81365,1.107507,-1.860638,1.127911,0.451149,-0.606003,0.906483,0.82013,1.872619,1.438301,-1.097471,1.784294,0.851153,1.348353,1.231657,0.54357,-0.532639,0.935049,1.419533,1.30114,-0.977663,1.558102,1.388519,0.956486,1.072245,-1.277895,2.057488,-1.563186,0.963595,1.000722,-1.211603,-0.736076,-0.962907,0.674939,0.705133,1.57832,-1.923441,0.81134,0.585057,0.467461,-1.485352,1.183996,0.871703,1.778389,1.336227,1.283485,1.075455,1.195919,0.490121,0.510151,0.804531,1.541189,0.755417,1.026727,1.482487,2.046244,0.803155,0.674812,-2.165838,1.140741,-0.936093,1.458285,-2.804826,0.700886,1.14544,-1.162802,1.729601,-1.3622,0.753863,1.038379,-0.317856,1.60821,-1.696465,0.310269,0.656868,-0.293726
132.0,78.3,65.8,3.0,2.0,41928.0,42060.0,-0.24853,-1.914973,1.001682,0.114723,0.186072,0.331305,-1.94272,1.051365,-0.510033,-1.229764,0.481622,-1.879346,0.73987,-2.083863,1.29808,0.635837,-1.772743,0.98416,-0.867284,0.950086,-0.256483,-1.877005,0.962214,-1.073586,-1.609101,0.145932,-0.470992,1.212054,1.192047,1.113644,-1.414185,-1.693232,0.968831,0.99535,1.144591,-1.798445,-1.701162,0.947666,0.638313,1.204434,0.696367,-1.667684,1.09357,0.872603,1.295753,1.260262,-1.743137,1.08594,0.903991,1.482189,-0.755053,-1.717178,1.0539,-1.227801,1.265856,0.361356,-1.883152,0.942316,-1.403968,1.560418,-0.662473,-0.923799,0.443007,-1.910405,1.488531,-1.929411,-0.134473,-2.105514,0.852664,1.302405,-1.138526,1.677015,1.309865,1.250379,1.180407,-2.019839,1.602943,0.917688,0.937119,0.758224,0.865387,-1.740229,0.6612,1.061871,0.93209,1.045643,-1.65448,0.521222,0.715093,0.958208,0.653562,-1.527879,0.931884,-1.255854,1.433184,0.736695,0.154263,1.030717,-1.21397,1.124497,-1.723858,-1.365436,1.028716,2.062802,1.287637,-1.88791,-0.099817,0.342744,1.336028,1.267607,-1.922833,-0.286512,-2.458877,0.76667,1.301539,-0.598784,1.295413,0.944323,1.033638,0.822077,-1.843568,-1.591496,0.878226,0.849036,0.542327,1.364632,1.333886,1.07864,1.121835,0.66208,-1.790221,-2.256266,0.550003,-0.503565,0.332633,0.99397,1.680478,-2.017863,1.647682,-0.805966,-1.377857,1.197087,0.935841,2.184248,1.227863,1.221828,-1.240152,0.991131,1.45819,1.281496,2.34527,-0.802355,1.147004,1.191722,1.209561,-1.400259,1.068791,-2.054379,0.966606,1.153986,2.354381,1.570009,1.004701,0.908152,1.003349,-0.157684,-1.405834,0.764092,0.825116,0.640162,-1.560135,2.205923,0.590724,0.866448,0.379687,-2.026935,0.525983,0.749352,1.52017,-2.057066,-0.81365,1.107507,-1.860638,1.127911,0.451149,-0.606003,0.906483,0.82013,1.872619,1.438301,-1.097471,1.784294,0.851153,1.348353,1.231657,0.54357,-0.532639,0.935049,1.419533,1.30114,-0.977663,1.558102,1.388519,0.956486,1.072245,-1.277895,2.057488,-1.563186,0.963595,1.000722,-1.211603,-0.736076,-0.962907,0.674939,0.705133,1.57832,-1.923441,0.81134,0.585057,0.467461,-1.485352,1.183996,0.871703,1.778389,1.336227,1.283485,1.075455,1.195919,0.490121,0.510151,0.804531,1.541189,0.755417,1.026727,1.482487,2.046244,0.803155,0.674812,-2.165838,1.140741,-0.936093,1.458285,-2.804826,0.700886,1.14544,-1.162802,1.729601,-1.3622,0.753863,1.038379,-0.317856,1.60821,-1.696465,0.310269,0.656868,-0.293726
399.0,80.4,66.7,4.0,5.0,42060.0,42459.0,-0.24853,-1.914973,1.001682,0.114723,0.186072,0.331305,-1.94272,1.051365,-0.510033,-1.229764,0.481622,-1.879346,0.73987,-2.083863,1.29808,0.635837,-1.772743,0.98416,-0.867284,0.950086,-0.256483,-1.877005,0.962214,-1.073586,-1.609101,0.145932,-0.470992,1.212054,1.192047,1.113644,-1.414185,-1.693232,0.968831,0.99535,1.144591,-1.798445,-1.701162,0.947666,0.638313,1.204434,0.696367,-1.667684,1.09357,0.872603,1.295753,1.260262,-1.743137,1.08594,0.903991,1.482189,-0.755053,-1.717178,1.0539,-1.227801,1.265856,0.361356,-1.883152,0.942316,-1.403968,1.560418,-0.662473,-0.923799,0.443007,-1.910405,1.488531,-1.929411,-0.134473,-2.105514,0.852664,1.302405,-1.138526,1.677015,1.309865,1.250379,1.180407,-2.019839,1.602943,0.917688,0.937119,0.758224,0.865387,-1.740229,0.6612,1.061871,0.93209,1.045643,-1.65448,0.521222,0.715093,0.958208,0.653562,-1.527879,0.931884,-1.255854,1.433184,0.736695,0.154263,1.030717,-1.21397,1.124497,-1.723858,-1.365436,1.028716,2.062802,1.287637,-1.88791,-0.099817,0.342744,1.336028,1.267607,-1.922833,-0.286512,-2.458877,0.76667,1.301539,-0.598784,1.295413,0.944323,1.033638,0.822077,-1.843568,-1.591496,0.878226,0.849036,0.542327,1.364632,1.333886,1.07864,1.121835,0.66208,-1.790221,-2.256266,0.550003,-0.503565,0.332633,0.99397,1.680478,-2.017863,1.647682,-0.805966,-1.377857,1.197087,0.935841,2.184248,1.227863,1.221828,-1.240152,0.991131,1.45819,1.281496,2.34527,-0.802355,1.147004,1.191722,1.209561,-1.400259,1.068791,-2.054379,0.966606,1.153986,2.354381,1.570009,1.004701,0.908152,1.003349,-0.157684,-1.405834,0.764092,0.825116,0.640162,-1.560135,2.205923,0.590724,0.866448,0.379687,-2.026935,0.525983,0.749352,1.52017,-2.057066,-0.81365,1.107507,-1.860638,1.127911,0.451149,-0.606003,0.906483,0.82013,1.872619,1.438301,-1.097471,1.784294,0.851153,1.348353,1.231657,0.54357,-0.532639,0.935049,1.419533,1.30114,-0.977663,1.558102,1.388519,0.956486,1.072245,-1.277895,2.057488,-1.563186,0.963595,1.000722,-1.211603,-0.736076,-0.962907,0.674939,0.705133,1.57832,-1.923441,0.81134,0.585057,0.467461,-1.485352,1.183996,0.871703,1.778389,1.336227,1.283485,1.075455,1.195919,0.490121,0.510151,0.804531,1.541189,0.755417,1.026727,1.482487,2.046244,0.803155,0.674812,-2.165838,1.140741,-0.936093,1.458285,-2.804826,0.700886,1.14544,-1.162802,1.729601,-1.3622,0.753863,1.038379,-0.317856,1.60821,-1.696465,0.310269,0.656868,-0.293726
299.0,80.6,64.9,4.0,3.0,42459.0,42758.0,-0.24853,-1.914973,1.001682,0.114723,0.186072,0.331305,-1.94272,1.051365,-0.510033,-1.229764,0.481622,-1.879346,0.73987,-2.083863,1.29808,0.635837,-1.772743,0.98416,-0.867284,0.950086,-0.256483,-1.877005,0.962214,-1.073586,-1.609101,0.145932,-0.470992,1.212054,1.192047,1.113644,-1.414185,-1.693232,0.968831,0.99535,1.144591,-1.798445,-1.701162,0.947666,0.638313,1.204434,0.696367,-1.667684,1.09357,0.872603,1.295753,1.260262,-1.743137,1.08594,0.903991,1.482189,-0.755053,-1.717178,1.0539,-1.227801,1.265856,0.361356,-1.883152,0.942316,-1.403968,1.560418,-0.662473,-0.923799,0.443007,-1.910405,1.488531,-1.929411,-0.134473,-2.105514,0.852664,1.302405,-1.138526,1.677015,1.309865,1.250379,1.180407,-2.019839,1.602943,0.917688,0.937119,0.758224,0.865387,-1.740229,0.6612,1.061871,0.93209,1.045643,-1.65448,0.521222,0.715093,0.958208,0.653562,-1.527879,0.931884,-1.255854,1.433184,0.736695,0.154263,1.030717,-1.21397,1.124497,-1.723858,-1.365436,1.028716,2.062802,1.287637,-1.88791,-0.099817,0.342744,1.336028,1.267607,-1.922833,-0.286512,-2.458877,0.76667,1.301539,-0.598784,1.295413,0.944323,1.033638,0.822077,-1.843568,-1.591496,0.878226,0.849036,0.542327,1.364632,1.333886,1.07864,1.121835,0.66208,-1.790221,-2.256266,0.550003,-0.503565,0.332633,0.99397,1.680478,-2.017863,1.647682,-0.805966,-1.377857,1.197087,0.935841,2.184248,1.227863,1.221828,-1.240152,0.991131,1.45819,1.281496,2.34527,-0.802355,1.147004,1.191722,1.209561,-1.400259,1.068791,-2.054379,0.966606,1.153986,2.354381,1.570009,1.004701,0.908152,1.003349,-0.157684,-1.405834,0.764092,0.825116,0.640162,-1.560135,2.205923,0.590724,0.866448,0.379687,-2.026935,0.525983,0.749352,1.52017,-2.057066,-0.81365,1.107507,-1.860638,1.127911,0.451149,-0.606003,0.906483,0.82013,1.872619,1.438301,-1.097471,1.784294,0.851153,1.348353,1.231657,0.54357,-0.532639,0.935049,1.419533,1.30114,-0.977663,1.558102,1.388519,0.956486,1.072245,-1.277895,2.057488,-1.563186,0.963595,1.000722,-1.211603,-0.736076,-0.962907,0.674939,0.705133,1.57832,-1.923441,0.81134,0.585057,0.467461,-1.485352,1.183996,0.871703,1.778389,1.336227,1.283485,1.075455,1.195919,0.490121,0.510151,0.804531,1.541189,0.755417,1.026727,1.482487,2.046244,0.803155,0.674812,-2.165838,1.140741,-0.936093,1.458285,-2.804826,0.700886,1.14544,-1.162802,1.729601,-1.3622,0.753863,1.038379,-0.317856,1.60821,-1.696465,0.310269,0.656868,-0.293726
99.0,80.3,65.0,1.0,4.0,42758.0,42857.0,-0.24853,-1.914973,1.001682,0.114723,0.186072,0.331305,-1.94272,1.051365,-0.510033,-1.229764,0.481622,-1.879346,0.73987,-2.083863,1.29808,0.635837,-1.772743,0.98416,-0.867284,0.950086,-0.256483,-1.877005,0.962214,-1.073586,-1.609101,0.145932,-0.470992,1.212054,1.192047,1.113644,-1.414185,-1.693232,0.968831,0.99535,1.144591,-1.798445,-1.701162,0.947666,0.638313,1.204434,0.696367,-1.667684,1.09357,0.872603,1.295753,1.260262,-1.743137,1.08594,0.903991,1.482189,-0.755053,-1.717178,1.0539,-1.227801,1.265856,0.361356,-1.883152,0.942316,-1.403968,1.560418,-0.662473,-0.923799,0.443007,-1.910405,1.488531,-1.929411,-0.134473,-2.105514,0.852664,1.302405,-1.138526,1.677015,1.309865,1.250379,1.180407,-2.019839,1.602943,0.917688,0.937119,0.758224,0.865387,-1.740229,0.6612,1.061871,0.93209,1.045643,-1.65448,0.521222,0.715093,0.958208,0.653562,-1.527879,0.931884,-1.255854,1.433184,0.736695,0.154263,1.030717,-1.21397,1.124497,-1.723858,-1.365436,1.028716,2.062802,1.287637,-1.88791,-0.099817,0.342744,1.336028,1.267607,-1.922833,-0.286512,-2.458877,0.76667,1.301539,-0.598784,1.295413,0.944323,1.033638,0.822077,-1.843568,-1.591496,0.878226,0.849036,0.542327,1.364632,1.333886,1.07864,1.121835,0.66208,-1.790221,-2.256266,0.550003,-0.503565,0.332633,0.99397,1.680478,-2.017863,1.647682,-0.805966,-1.377857,1.197087,0.935841,2.184248,1.227863,1.221828,-1.240152,0.991131,1.45819,1.281496,2.34527,-0.802355,1.147004,1.191722,1.209561,-1.400259,1.068791,-2.054379,0.966606,1.153986,2.354381,1.570009,1.004701,0.908152,1.003349,-0.157684,-1.405834,0.764092,0.825116,0.640162,-1.560135,2.205923,0.590724,0.866448,0.379687,-2.026935,0.525983,0.749352,1.52017,-2.057066,-0.81365,1.107507,-1.860638,1.127911,0.451149,-0.606003,0.906483,0.82013,1.872619,1.438301,-1.097471,1.784294,0.851153,1.348353,1.231657,0.54357,-0.532639,0.935049,1.419533,1.30114,-0.977663,1.558102,1.388519,0.956486,1.072245,-1.277895,2.057488,-1.563186,0.963595,1.000722,-1.211603,-0.736076,-0.962907,0.674939,0.705133,1.57832,-1.923441,0.81134,0.585057,0.467461,-1.485352,1.183996,0.871703,1.778389,1.336227,1.283485,1.075455,1.195919,0.490121,0.510151,0.804531,1.541189,0.755417,1.026727,1.482487,2.046244,0.803155,0.674812,-2.165838,1.140741,-0.936093,1.458285,-2.804826,0.700886,1.14544,-1.162802,1.729601,-1.3622,0.753863,1.038379,-0.317856,1.60821,-1.696465,0.310269,0.656868,-0.293726
232.0,79.7,67.0,4.0,10.0,42857.0,43089.0,-0.24853,-1.914973,1.001682,0.114723,0.186072,0.331305,-1.94272,1.051365,-0.510033,-1.229764,0.481622,-1.879346,0.73987,-2.083863,1.29808,0.635837,-1.772743,0.98416,-0.867284,0.950086,-0.256483,-1.877005,0.962214,-1.073586,-1.609101,0.145932,-0.470992,1.212054,1.192047,1.113644,-1.414185,-1.693232,0.968831,0.99535,1.144591,-1.798445,-1.701162,0.947666,0.638313,1.204434,0.696367,-1.667684,1.09357,0.872603,1.295753,1.260262,-1.743137,1.08594,0.903991,1.482189,-0.755053,-1.717178,1.0539,-1.227801,1.265856,0.361356,-1.883152,0.942316,-1.403968,1.560418,-0.662473,-0.923799,0.443007,-1.910405,1.488531,-1.929411,-0.134473,-2.105514,0.852664,1.302405,-1.138526,1.677015,1.309865,1.250379,1.180407,-2.019839,1.602943,0.917688,0.937119,0.758224,0.865387,-1.740229,0.6612,1.061871,0.93209,1.045643,-1.65448,0.521222,0.715093,0.958208,0.653562,-1.527879,0.931884,-1.255854,1.433184,0.736695,0.154263,1.030717,-1.21397,1.124497,-1.723858,-1.365436,1.028716,2.062802,1.287637,-1.88791,-0.099817,0.342744,1.336028,1.267607,-1.922833,-0.286512,-2.458877,0.76667,1.301539,-0.598784,1.295413,0.944323,1.033638,0.822077,-1.843568,-1.591496,0.878226,0.849036,0.542327,1.364632,1.333886,1.07864,1.121835,0.66208,-1.790221,-2.256266,0.550003,-0.503565,0.332633,0.99397,1.680478,-2.017863,1.647682,-0.805966,-1.377857,1.197087,0.935841,2.184248,1.227863,1.221828,-1.240152,0.991131,1.45819,1.281496,2.34527,-0.802355,1.147004,1.191722,1.209561,-1.400259,1.068791,-2.054379,0.966606,1.153986,2.354381,1.570009,1.004701,0.908152,1.003349,-0.157684,-1.405834,0.764092,0.825116,0.640162,-1.560135,2.205923,0.590724,0.866448,0.379687,-2.026935,0.525983,0.749352,1.52017,-2.057066,-0.81365,1.107507,-1.860638,1.127911,0.451149,-0.606003,0.906483,0.82013,1.872619,1.438301,-1.097471,1.784294,0.851153,1.348353,1.231657,0.54357,-0.532639,0.935049,1.419533,1.30114,-0.977663,1.558102,1.388519,0.956486,1.072245,-1.277895,2.057488,-1.563186,0.963595,1.000722,-1.211603,-0.736076,-0.962907,0.674939,0.705133,1.57832,-1.923441,0.81134,0.585057,0.467461,-1.485352,1.183996,0.871703,1.778389,1.336227,1.283485,1.075455,1.195919,0.490121,0.510151,0.804531,1.541189,0.755417,1.026727,1.482487,2.046244,0.803155,0.674812,-2.165838,1.140741,-0.936093,1.458285,-2.804826,0.700886,1.14544,-1.162802,1.729601,-1.3622,0.753863,1.038379,-0.317856,1.60821,-1.696465,0.310269,0.656868,-0.293726
331.0,78.2,64.3,19.0,9.0,43089.0,43420.0,-0.24853,-1.914973,1.001682,0.114723,0.186072,0.331305,-1.94272,1.051365,-0.510033,-1.229764,0.481622,-1.879346,0.73987,-2.083863,1.29808,0.635837,-1.772743,0.98416,-0.867284,0.950086,-0.256483,-1.877005,0.962214,-1.073586,-1.609101,0.145932,-0.470992,1.212054,1.192047,1.113644,-1.414185,-1.693232,0.968831,0.99535,1.144591,-1.798445,-1.701162,0.947666,0.638313,1.204434,0.696367,-1.667684,1.09357,0.872603,1.295753,1.260262,-1.743137,1.08594,0.903991,1.482189,-0.755053,-1.717178,1.0539,-1.227801,1.265856,0.361356,-1.883152,0.942316,-1.403968,1.560418,-0.662473,-0.923799,0.443007,-1.910405,1.488531,-1.929411,-0.134473,-2.105514,0.852664,1.302405,-1.138526,1.677015,1.309865,1.250379,1.180407,-2.019839,1.602943,0.917688,0.937119,0.758224,0.865387,-1.740229,0.6612,1.061871,0.93209,1.045643,-1.65448,0.521222,0.715093,0.958208,0.653562,-1.527879,0.931884,-1.255854,1.433184,0.736695,0.154263,1.030717,-1.21397,1.124497,-1.723858,-1.365436,1.028716,2.062802,1.287637,-1.88791,-0.099817,0.342744,1.336028,1.267607,-1.922833,-0.286512,-2.458877,0.76667,1.301539,-0.598784,1.295413,0.944323,1.033638,0.822077,-1.843568,-1.591496,0.878226,0.849036,0.542327,1.364632,1.333886,1.07864,1.121835,0.66208,-1.790221,-2.256266,0.550003,-0.503565,0.332633,0.99397,1.680478,-2.017863,1.647682,-0.805966,-1.377857,1.197087,0.935841,2.184248,1.227863,1.221828,-1.240152,0.991131,1.45819,1.281496,2.34527,-0.802355,1.147004,1.191722,1.209561,-1.400259,1.068791,-2.054379,0.966606,1.153986,2.354381,1.570009,1.004701,0.908152,1.003349,-0.157684,-1.405834,0.764092,0.825116,0.640162,-1.560135,2.205923,0.590724,0.866448,0.379687,-2.026935,0.525983,0.749352,1.52017,-2.057066,-0.81365,1.107507,-1.860638,1.127911,0.451149,-0.606003,0.906483,0.82013,1.872619,1.438301,-1.097471,1.784294,0.851153,1.348353,1.231657,0.54357,-0.532639,0.935049,1.419533,1.30114,-0.977663,1.558102,1.388519,0.956486,1.072245,-1.277895,2.057488,-1.563186,0.963595,1.000722,-1.211603,-0.736076,-0.962907,0.674939,0.705133,1.57832,-1.923441,0.81134,0.585057,0.467461,-1.485352,1.183996,0.871703,1.778389,1.336227,1.283485,1.075455,1.195919,0.490121,0.510151,0.804531,1.541189,0.755417,1.026727,1.482487,2.046244,0.803155,0.674812,-2.165838,1.140741,-0.936093,1.458285,-2.804826,0.700886,1.14544,-1.162802,1.729601,-1.3622,0.753863,1.038379,-0.317856,1.60821,-1.696465,0.310269,0.656868,-0.293726
232.0,84.3,69.1,5.0,33.0,43420.0,43652.0,-0.24853,-1.914973,1.001682,0.114723,0.186072,0.331305,-1.94272,1.051365,-0.510033,-1.229764,0.481622,-1.879346,0.73987,-2.083863,1.29808,0.635837,-1.772743,0.98416,-0.867284,0.950086,-0.256483,-1.877005,0.962214,-1.073586,-1.609101,0.145932,-0.470992,1.212054,1.192047,1.113644,-1.414185,-1.693232,0.968831,0.99535,1.144591,-1.798445,-1.701162,0.947666,0.638313,1.204434,0.696367,-1.667684,1.09357,0.872603,1.295753,1.260262,-1.743137,1.08594,0.903991,1.482189,-0.755053,-1.717178,1.0539,-1.227801,1.265856,0.361356,-1.883152,0.942316,-1.403968,1.560418,-0.662473,-0.923799,0.443007,-1.910405,1.488531,-1.929411,-0.134473,-2.105514,0.852664,1.302405,-1.138526,1.677015,1.309865,1.250379,1.180407,-2.019839,1.602943,0.917688,0.937119,0.758224,0.865387,-1.740229,0.6612,1.061871,0.93209,1.045643,-1.65448,0.521222,0.715093,0.958208,0.653562,-1.527879,0.931884,-1.255854,1.433184,0.736695,0.154263,1.030717,-1.21397,1.124497,-1.723858,-1.365436,1.028716,2.062802,1.287637,-1.88791,-0.099817,0.342744,1.336028,1.267607,-1.922833,-0.286512,-2.458877,0.76667,1.301539,-0.598784,1.295413,0.944323,1.033638,0.822077,-1.843568,-1.591496,0.878226,0.849036,0.542327,1.364632,1.333886,1.07864,1.121835,0.66208,-1.790221,-2.256266,0.550003,-0.503565,0.332633,0.99397,1.680478,-2.017863,1.647682,-0.805966,-1.377857,1.197087,0.935841,2.184248,1.227863,1.221828,-1.240152,0.991131,1.45819,1.281496,2.34527,-0.802355,1.147004,1.191722,1.209561,-1.400259,1.068791,-2.054379,0.966606,1.153986,2.354381,1.570009,1.004701,0.908152,1.003349,-0.157684,-1.405834,0.764092,0.825116,0.640162,-1.560135,2.205923,0.590724,0.866448,0.379687,-2.026935,0.525983,0.749352,1.52017,-2.057066,-0.81365,1.107507,-1.860638,1.127911,0.451149,-0.606003,0.906483,0.82013,1.872619,1.438301,-1.097471,1.784294,0.851153,1.348353,1.231657,0.54357,-0.532639,0.935049,1.419533,1.30114,-0.977663,1.558102,1.388519,0.956486,1.072245,-1.277895,2.057488,-1.563186,0.963595,1.000722,-1.211603,-0.736076,-0.962907,0.674939,0.705133,1.57832,-1.923441,0.81134,0.585057,0.467461,-1.485352,1.183996,0.871703,1.778389,1.336227,1.283485,1.075455,1.195919,0.490121,0.510151,0.804531,1.541189,0.755417,1.026727,1.482487,2.046244,0.803155,0.674812,-2.165838,1.140741,-0.936093,1.458285,-2.804826,0.700886,1.14544,-1.162802,1.729601,-1.3622,0.753863,1.038379,-0.317856,1.60821,-1.696465,0.310269,0.656868,-0.293726
166.0,83.0,66.2,2.0,8.0,43652.0,43818.0,-0.24853,-1.914973,1.001682,0.114723,0.186072,0.331305,-1.94272,1.051365,-0.510033,-1.229764,0.481622,-1.879346,0.73987,-2.083863,1.29808,0.635837,-1.772743,0.98416,-0.867284,0.950086,-0.256483,-1.877005,0.962214,-1.073586,-1.609101,0.145932,-0.470992,1.212054,1.192047,1.113644,-1.414185,-1.693232,0.968831,0.99535,1.144591,-1.798445,-1.701162,0.947666,0.638313,1.204434,0.696367,-1.667684,1.09357,0.872603,1.295753,1.260262,-1.743137,1.08594,0.903991,1.482189,-0.755053,-1.717178,1.0539,-1.227801,1.265856,0.361356,-1.883152,0.942316,-1.403968,1.560418,-0.662473,-0.923799,0.443007,-1.910405,1.488531,-1.929411,-0.134473,-2.105514,0.852664,1.302405,-1.138526,1.677015,1.309865,1.250379,1.180407,-2.019839,1.602943,0.917688,0.937119,0.758224,0.865387,-1.740229,0.6612,1.061871,0.93209,1.045643,-1.65448,0.521222,0.715093,0.958208,0.653562,-1.527879,0.931884,-1.255854,1.433184,0.736695,0.154263,1.030717,-1.21397,1.124497,-1.723858,-1.365436,1.028716,2.062802,1.287637,-1.88791,-0.099817,0.342744,1.336028,1.267607,-1.922833,-0.286512,-2.458877,0.76667,1.301539,-0.598784,1.295413,0.944323,1.033638,0.822077,-1.843568,-1.591496,0.878226,0.849036,0.542327,1.364632,1.333886,1.07864,1.121835,0.66208,-1.790221,-2.256266,0.550003,-0.503565,0.332633,0.99397,1.680478,-2.017863,1.647682,-0.805966,-1.377857,1.197087,0.935841,2.184248,1.227863,1.221828,-1.240152,0.991131,1.45819,1.281496,2.34527,-0.802355,1.147004,1.191722,1.209561,-1.400259,1.068791,-2.054379,0.966606,1.153986,2.354381,1.570009,1.004701,0.908152,1.003349,-0.157684,-1.405834,0.764092,0.825116,0.640162,-1.560135,2.205923,0.590724,0.866448,0.379687,-2.026935,0.525983,0.749352,1.52017,-2.057066,-0.81365,1.107507,-1.860638,1.127911,0.451149,-0.606003,0.906483,0.82013,1.872619,1.438301,-1.097471,1.784294,0.851153,1.348353,1.231657,0.54357,-0.532639,0.935049,1.419533,1.30114,-0.977663,1.558102,1.388519,0.956486,1.072245,-1.277895,2.057488,-1.563186,0.963595,1.000722,-1.211603,-0.736076,-0.962907,0.674939,0.705133,1.57832,-1.923441,0.81134,0.585057,0.467461,-1.485352,1.183996,0.871703,1.778389,1.336227,1.283485,1.075455,1.195919,0.490121,0.510151,0.804531,1.541189,0.755417,1.026727,1.482487,2.046244,0.803155,0.674812,-2.165838,1.140741,-0.936093,1.458285,-2.804826,0.700886,1.14544,-1.162802,1.729601,-1.3622,0.753863,1.038379,-0.317856,1.60821,-1.696465,0.310269,0.656868,-0.293726
232.0,80.1,65.0,5.0,5.0,43818.0,44050.0,-0.24853,-1.914973,1.001682,0.114723,0.186072,0.331305,-1.94272,1.051365,-0.510033,-1.229764,0.481622,-1.879346,0.73987,-2.083863,1.29808,0.635837,-1.772743,0.98416,-0.867284,0.950086,-0.256483,-1.877005,0.962214,-1.073586,-1.609101,0.145932,-0.470992,1.212054,1.192047,1.113644,-1.414185,-1.693232,0.968831,0.99535,1.144591,-1.798445,-1.701162,0.947666,0.638313,1.204434,0.696367,-1.667684,1.09357,0.872603,1.295753,1.260262,-1.743137,1.08594,0.903991,1.482189,-0.755053,-1.717178,1.0539,-1.227801,1.265856,0.361356,-1.883152,0.942316,-1.403968,1.560418,-0.662473,-0.923799,0.443007,-1.910405,1.488531,-1.929411,-0.134473,-2.105514,0.852664,1.302405,-1.138526,1.677015,1.309865,1.250379,1.180407,-2.019839,1.602943,0.917688,0.937119,0.758224,0.865387,-1.740229,0.6612,1.061871,0.93209,1.045643,-1.65448,0.521222,0.715093,0.958208,0.653562,-1.527879,0.931884,-1.255854,1.433184,0.736695,0.154263,1.030717,-1.21397,1.124497,-1.723858,-1.365436,1.028716,2.062802,1.287637,-1.88791,-0.099817,0.342744,1.336028,1.267607,-1.922833,-0.286512,-2.458877,0.76667,1.301539,-0.598784,1.295413,0.944323,1.033638,0.822077,-1.843568,-1.591496,0.878226,0.849036,0.542327,1.364632,1.333886,1.07864,1.121835,0.66208,-1.790221,-2.256266,0.550003,-0.503565,0.332633,0.99397,1.680478,-2.017863,1.647682,-0.805966,-1.377857,1.197087,0.935841,2.184248,1.227863,1.221828,-1.240152,0.991131,1.45819,1.281496,2.34527,-0.802355,1.147004,1.191722,1.209561,-1.400259,1.068791,-2.054379,0.966606,1.153986,2.354381,1.570009,1.004701,0.908152,1.003349,-0.157684,-1.405834,0.764092,0.825116,0.640162,-1.560135,2.205923,0.590724,0.866448,0.379687,-2.026935,0.525983,0.749352,1.52017,-2.057066,-0.81365,1.107507,-1.860638,1.127911,0.451149,-0.606003,0.906483,0.82013,1.872619,1.438301,-1.097471,1.784294,0.851153,1.348353,1.231657,0.54357,-0.532639,0.935049,1.419533,1.30114,-0.977663,1.558102,1.388519,0.956486,1.072245,-1.277895,2.057488,-1.563186,0.963595,1.000722,-1.211603,-0.736076,-0.962907,0.674939,0.705133,1.57832,-1.923441,0.81134,0.585057,0.467461,-1.485352,1.183996,0.871703,1.778389,1.336227,1.283485,1.075455,1.195919,0.490121,0.510151,0.804531,1.541189,0.755417,1.026727,1.482487,2.046244,0.803155,0.674812,-2.165838,1.140741,-0.936093,1.458285,-2.804826,0.700886,1.14544,-1.162802,1.729601,-1.3622,0.753863,1.038379,-0.317856,1.60821,-1.696465,0.310269,0.656868,-0.293726
232.0,84.6,66.0,11.0,15.0,44050.0,44282.0,-0.55019,0.43651,-0.898761,-0.79517,-0.155194,-0.562718,0.348922,-0.94754,-0.805366,0.621782,-0.696282,0.204288,-0.906936,0.486309,-0.703876,-0.598393,0.748048,-0.805158,0.26721,-0.257026,-0.263338,0.792246,-0.836534,0.013663,0.897159,-0.324826,0.716336,-0.733181,-0.621794,-0.611484,0.24092,1.02094,-0.742041,-0.516147,-0.602453,0.475388,0.895785,-0.753441,-0.636751,-0.469544,-0.534067,0.949461,-0.785231,-1.366075,-0.388581,-0.546743,1.002901,-0.79587,-1.6136,-0.377216,-0.25546,0.947214,-0.826594,0.372879,0.01469,-0.417568,0.685732,-0.816806,0.726186,-0.350463,-0.178354,-0.185829,-0.823668,1.316746,-0.426212,0.445195,-0.322895,-0.590375,-0.198854,-0.561631,0.957983,-0.695136,-0.789847,-0.597401,-0.598667,0.823219,-0.692509,-0.689213,-0.397855,-0.390988,-0.227777,1.133134,-0.716416,-0.456702,-0.392755,-0.402192,0.992839,-0.739859,-0.106301,-0.28719,-0.3028,1.149741,-0.771207,0.464946,-0.580741,-0.63605,-0.19765,-0.822463,0.821186,-0.385921,0.890304,0.860014,-0.865166,-0.210117,-0.470832,0.554943,-0.311587,-0.745828,-0.464043,-0.520303,0.450566,-0.250987,-0.287038,-0.148444,-0.557012,0.307989,-0.644832,-0.623186,-0.439363,-0.329163,0.917318,0.948917,-0.810753,-0.322971,-0.191946,-0.778141,-0.497439,-0.773496,-0.444381,-0.224768,0.692903,0.871642,-0.738816,0.048247,-0.330286,-1.51835,-0.774278,0.761763,-0.844714,0.551324,0.485949,-0.602966,-0.716592,-0.567513,-0.518066,-0.666249,0.714074,-0.527805,-0.600444,-0.516879,-1.212592,0.180005,-0.588878,-0.416265,-0.490983,0.233529,-0.581112,0.939295,-0.260522,-0.434308,-0.599193,-0.692674,-0.725744,-0.48241,-0.402475,0.145569,0.729626,-1.049467,-0.562802,-0.371475,1.042644,-0.247334,-0.958651,-0.726684,-0.266173,0.894409,-0.802072,-0.807993,-0.973343,0.880512,0.190034,-0.145707,0.957415,-0.165196,0.012273,0.613273,-0.979199,-0.546529,-0.849159,-0.620264,0.870252,0.097028,-0.45251,-0.684996,-0.520718,-0.717866,-0.000383,-0.53634,-0.73359,-0.522708,0.373484,-0.796744,-0.709922,-0.303717,-0.394293,0.774234,-0.018405,-0.490435,-0.576469,-0.52219,0.82581,0.749119,-1.694038,-0.459516,-0.363529,-0.649016,0.978664,-1.084051,-0.866864,-0.30999,0.548208,-0.736638,-1.10077,-1.077667,-0.593435,-0.70759,-0.556156,-0.780221,-0.181763,0.032527,-0.465736,-0.768456,-0.643031,-1.029532,-0.692458,0.089651,-0.741942,-0.344711,1.306727,-0.368596,0.367644,-0.829842,0.803733,-0.206122,-0.415082,0.150239,-0.924552,-0.034503,-0.200499,-0.354879,0.601919,-0.783408,0.061235,-0.403076,-0.412689,0.602635
165.0,67.2,55.8,4.0,3.0,6908.0,7073.0,-0.24853,-1.914973,1.001682,0.114723,0.186072,0.331305,-1.94272,1.051365,-0.510033,-1.229764,0.481622,-1.879346,0.73987,-2.083863,1.29808,0.635837,-1.772743,0.98416,-0.867284,0.950086,-0.256483,-1.877005,0.962214,-1.073586,-1.609101,0.145932,-0.470992,1.212054,1.192047,1.113644,-1.414185,-1.693232,0.968831,0.99535,1.144591,-1.798445,-1.701162,0.947666,0.638313,1.204434,0.696367,-1.667684,1.09357,0.872603,1.295753,1.260262,-1.743137,1.08594,0.903991,1.482189,-0.755053,-1.717178,1.0539,-1.227801,1.265856,0.361356,-1.883152,0.942316,-1.403968,1.560418,-0.662473,-0.923799,0.443007,-1.910405,1.488531,-1.929411,-0.134473,-2.105514,0.852664,1.302405,-1.138526,1.677015,1.309865,1.250379,1.180407,-2.019839,1.602943,0.917688,0.937119,0.758224,0.865387,-1.740229,0.6612,1.061871,0.93209,1.045643,-1.65448,0.521222,0.715093,0.958208,0.653562,-1.527879,0.931884,-1.255854,1.433184,0.736695,0.154263,1.030717,-1.21397,1.124497,-1.723858,-1.365436,1.028716,2.062802,1.287637,-1.88791,-0.099817,0.342744,1.336028,1.267607,-1.922833,-0.286512,-2.458877,0.76667,1.301539,-0.598784,1.295413,0.944323,1.033638,0.822077,-1.843568,-1.591496,0.878226,0.849036,0.542327,1.364632,1.333886,1.07864,1.121835,0.66208,-1.790221,-2.256266,0.550003,-0.503565,0.332633,0.99397,1.680478,-2.017863,1.647682,-0.805966,-1.377857,1.197087,0.935841,2.184248,1.227863,1.221828,-1.240152,0.991131,1.45819,1.281496,2.34527,-0.802355,1.147004,1.191722,1.209561,-1.400259,1.068791,-2.054379,0.966606,1.153986,2.354381,1.570009,1.004701,0.908152,1.003349,-0.157684,-1.405834,0.764092,0.825116,0.640162,-1.560135,2.205923,0.590724,0.866448,0.379687,-2.026935,0.525983,0.749352,1.52017,-2.057066,-0.81365,1.107507,-1.860638,1.127911,0.451149,-0.606003,0.906483,0.82013,1.872619,1.438301,-1.097471,1.784294,0.851153,1.348353,1.231657,0.54357,-0.532639,0.935049,1.419533,1.30114,-0.977663,1.558102,1.388519,0.956486,1.072245,-1.277895,2.057488,-1.563186,0.963595,1.000722,-1.211603,-0.736076,-0.962907,0.674939,0.705133,1.57832,-1.923441,0.81134,0.585057,0.467461,-1.485352,1.183996,0.871703,1.778389,1.336227,1.283485,1.075455,1.195919,0.490121,0.510151,0.804531,1.541189,0.755417,1.026727,1.482487,2.046244,0.803155,0.674812,-2.165838,1.140741,-0.936093,1.458285,-2.804826,0.700886,1.14544,-1.162802,1.729601,-1.3622,0.753863,1.038379,-0.317856,1.60821,-1.696465,0.310269,0.656868,-0.293726
199.0,84.3,67.0,5.0,10.0,44282.0,44481.0,-0.24853,-1.914973,1.001682,0.114723,0.186072,0.331305,-1.94272,1.051365,-0.510033,-1.229764,0.481622,-1.879346,0.73987,-2.083863,1.29808,0.635837,-1.772743,0.98416,-0.867284,0.950086,-0.256483,-1.877005,0.962214,-1.073586,-1.609101,0.145932,-0.470992,1.212054,1.192047,1.113644,-1.414185,-1.693232,0.968831,0.99535,1.144591,-1.798445,-1.701162,0.947666,0.638313,1.204434,0.696367,-1.667684,1.09357,0.872603,1.295753,1.260262,-1.743137,1.08594,0.903991,1.482189,-0.755053,-1.717178,1.0539,-1.227801,1.265856,0.361356,-1.883152,0.942316,-1.403968,1.560418,-0.662473,-0.923799,0.443007,-1.910405,1.488531,-1.929411,-0.134473,-2.105514,0.852664,1.302405,-1.138526,1.677015,1.309865,1.250379,1.180407,-2.019839,1.602943,0.917688,0.937119,0.758224,0.865387,-1.740229,0.6612,1.061871,0.93209,1.045643,-1.65448,0.521222,0.715093,0.958208,0.653562,-1.527879,0.931884,-1.255854,1.433184,0.736695,0.154263,1.030717,-1.21397,1.124497,-1.723858,-1.365436,1.028716,2.062802,1.287637,-1.88791,-0.099817,0.342744,1.336028,1.267607,-1.922833,-0.286512,-2.458877,0.76667,1.301539,-0.598784,1.295413,0.944323,1.033638,0.822077,-1.843568,-1.591496,0.878226,0.849036,0.542327,1.364632,1.333886,1.07864,1.121835,0.66208,-1.790221,-2.256266,0.550003,-0.503565,0.332633,0.99397,1.680478,-2.017863,1.647682,-0.805966,-1.377857,1.197087,0.935841,2.184248,1.227863,1.221828,-1.240152,0.991131,1.45819,1.281496,2.34527,-0.802355,1.147004,1.191722,1.209561,-1.400259,1.068791,-2.054379,0.966606,1.153986,2.354381,1.570009,1.004701,0.908152,1.003349,-0.157684,-1.405834,0.764092,0.825116,0.640162,-1.560135,2.205923,0.590724,0.866448,0.379687,-2.026935,0.525983,0.749352,1.52017,-2.057066,-0.81365,1.107507,-1.860638,1.127911,0.451149,-0.606003,0.906483,0.82013,1.872619,1.438301,-1.097471,1.784294,0.851153,1.348353,1.231657,0.54357,-0.532639,0.935049,1.419533,1.30114,-0.977663,1.558102,1.388519,0.956486,1.072245,-1.277895,2.057488,-1.563186,0.963595,1.000722,-1.211603,-0.736076,-0.962907,0.674939,0.705133,1.57832,-1.923441,0.81134,0.585057,0.467461,-1.485352,1.183996,0.871703,1.778389,1.336227,1.283485,1.075455,1.195919,0.490121,0.510151,0.804531,1.541189,0.755417,1.026727,1.482487,2.046244,0.803155,0.674812,-2.165838,1.140741,-0.936093,1.458285,-2.804826,0.700886,1.14544,-1.162802,1.729601,-1.3622,0.753863,1.038379,-0.317856,1.60821,-1.696465,0.310269,0.656868,-0.293726
133.0,84.5,68.5,3.0,15.0,44481.0,44614.0,-0.24853,-1.914973,1.001682,0.114723,0.186072,0.331305,-1.94272,1.051365,-0.510033,-1.229764,0.481622,-1.879346,0.73987,-2.083863,1.29808,0.635837,-1.772743,0.98416,-0.867284,0.950086,-0.256483,-1.877005,0.962214,-1.073586,-1.609101,0.145932,-0.470992,1.212054,1.192047,1.113644,-1.414185,-1.693232,0.968831,0.99535,1.144591,-1.798445,-1.701162,0.947666,0.638313,1.204434,0.696367,-1.667684,1.09357,0.872603,1.295753,1.260262,-1.743137,1.08594,0.903991,1.482189,-0.755053,-1.717178,1.0539,-1.227801,1.265856,0.361356,-1.883152,0.942316,-1.403968,1.560418,-0.662473,-0.923799,0.443007,-1.910405,1.488531,-1.929411,-0.134473,-2.105514,0.852664,1.302405,-1.138526,1.677015,1.309865,1.250379,1.180407,-2.019839,1.602943,0.917688,0.937119,0.758224,0.865387,-1.740229,0.6612,1.061871,0.93209,1.045643,-1.65448,0.521222,0.715093,0.958208,0.653562,-1.527879,0.931884,-1.255854,1.433184,0.736695,0.154263,1.030717,-1.21397,1.124497,-1.723858,-1.365436,1.028716,2.062802,1.287637,-1.88791,-0.099817,0.342744,1.336028,1.267607,-1.922833,-0.286512,-2.458877,0.76667,1.301539,-0.598784,1.295413,0.944323,1.033638,0.822077,-1.843568,-1.591496,0.878226,0.849036,0.542327,1.364632,1.333886,1.07864,1.121835,0.66208,-1.790221,-2.256266,0.550003,-0.503565,0.332633,0.99397,1.680478,-2.017863,1.647682,-0.805966,-1.377857,1.197087,0.935841,2.184248,1.227863,1.221828,-1.240152,0.991131,1.45819,1.281496,2.34527,-0.802355,1.147004,1.191722,1.209561,-1.400259,1.068791,-2.054379,0.966606,1.153986,2.354381,1.570009,1.004701,0.908152,1.003349,-0.157684,-1.405834,0.764092,0.825116,0.640162,-1.560135,2.205923,0.590724,0.866448,0.379687,-2.026935,0.525983,0.749352,1.52017,-2.057066,-0.81365,1.107507,-1.860638,1.127911,0.451149,-0.606003,0.906483,0.82013,1.872619,1.438301,-1.097471,1.784294,0.851153,1.348353,1.231657,0.54357,-0.532639,0.935049,1.419533,1.30114,-0.977663,1.558102,1.388519,0.956486,1.072245,-1.277895,2.057488,-1.563186,0.963595,1.000722,-1.211603,-0.736076,-0.962907,0.674939,0.705133,1.57832,-1.923441,0.81134,0.585057,0.467461,-1.485352,1.183996,0.871703,1.778389,1.336227,1.283485,1.075455,1.195919,0.490121,0.510151,0.804531,1.541189,0.755417,1.026727,1.482487,2.046244,0.803155,0.674812,-2.165838,1.140741,-0.936093,1.458285,-2.804826,0.700886,1.14544,-1.162802,1.729601,-1.3622,0.753863,1.038379,-0.317856,1.60821,-1.696465,0.310269,0.656868,-0.293726
100.0,87.3,65.7,3.0,2.0,44614.0,44714.0,-0.24853,-1.914973,1.001682,0.114723,0.186072,0.331305,-1.94272,1.051365,-0.510033,-1.229764,0.481622,-1.879346,0.73987,-2.083863,1.29808,0.635837,-1.772743,0.98416,-0.867284,0.950086,-0.256483,-1.877005,0.962214,-1.073586,-1.609101,0.145932,-0.470992,1.212054,1.192047,1.113644,-1.414185,-1.693232,0.968831,0.99535,1.144591,-1.798445,-1.701162,0.947666,0.638313,1.204434,0.696367,-1.667684,1.09357,0.872603,1.295753,1.260262,-1.743137,1.08594,0.903991,1.482189,-0.755053,-1.717178,1.0539,-1.227801,1.265856,0.361356,-1.883152,0.942316,-1.403968,1.560418,-0.662473,-0.923799,0.443007,-1.910405,1.488531,-1.929411,-0.134473,-2.105514,0.852664,1.302405,-1.138526,1.677015,1.309865,1.250379,1.180407,-2.019839,1.602943,0.917688,0.937119,0.758224,0.865387,-1.740229,0.6612,1.061871,0.93209,1.045643,-1.65448,0.521222,0.715093,0.958208,0.653562,-1.527879,0.931884,-1.255854,1.433184,0.736695,0.154263,1.030717,-1.21397,1.124497,-1.723858,-1.365436,1.028716,2.062802,1.287637,-1.88791,-0.099817,0.342744,1.336028,1.267607,-1.922833,-0.286512,-2.458877,0.76667,1.301539,-0.598784,1.295413,0.944323,1.033638,0.822077,-1.843568,-1.591496,0.878226,0.849036,0.542327,1.364632,1.333886,1.07864,1.121835,0.66208,-1.790221,-2.256266,0.550003,-0.503565,0.332633,0.99397,1.680478,-2.017863,1.647682,-0.805966,-1.377857,1.197087,0.935841,2.184248,1.227863,1.221828,-1.240152,0.991131,1.45819,1.281496,2.34527,-0.802355,1.147004,1.191722,1.209561,-1.400259,1.068791,-2.054379,0.966606,1.153986,2.354381,1.570009,1.004701,0.908152,1.003349,-0.157684,-1.405834,0.764092,0.825116,0.640162,-1.560135,2.205923,0.590724,0.866448,0.379687,-2.026935,0.525983,0.749352,1.52017,-2.057066,-0.81365,1.107507,-1.860638,1.127911,0.451149,-0.606003,0.906483,0.82013,1.872619,1.438301,-1.097471,1.784294,0.851153,1.348353,1.231657,0.54357,-0.532639,0.935049,1.419533,1.30114,-0.977663,1.558102,1.388519,0.956486,1.072245,-1.277895,2.057488,-1.563186,0.963595,1.000722,-1.211603,-0.736076,-0.962907,0.674939,0.705133,1.57832,-1.923441,0.81134,0.585057,0.467461,-1.485352,1.183996,0.871703,1.778389,1.336227,1.283485,1.075455,1.195919,0.490121,0.510151,0.804531,1.541189,0.755417,1.026727,1.482487,2.046244,0.803155,0.674812,-2.165838,1.140741,-0.936093,1.458285,-2.804826,0.700886,1.14544,-1.162802,1.729601,-1.3622,0.753863,1.038379,-0.317856,1.60821,-1.696465,0.310269,0.656868,-0.293726
101.0,88.0,67.7,1.0,4.0,44714.0,44815.0,-0.24853,-1.914973,1.001682,0.114723,0.186072,0.331305,-1.94272,1.051365,-0.510033,-1.229764,0.481622,-1.879346,0.73987,-2.083863,1.29808,0.635837,-1.772743,0.98416,-0.867284,0.950086,-0.256483,-1.877005,0.962214,-1.073586,-1.609101,0.145932,-0.470992,1.212054,1.192047,1.113644,-1.414185,-1.693232,0.968831,0.99535,1.144591,-1.798445,-1.701162,0.947666,0.638313,1.204434,0.696367,-1.667684,1.09357,0.872603,1.295753,1.260262,-1.743137,1.08594,0.903991,1.482189,-0.755053,-1.717178,1.0539,-1.227801,1.265856,0.361356,-1.883152,0.942316,-1.403968,1.560418,-0.662473,-0.923799,0.443007,-1.910405,1.488531,-1.929411,-0.134473,-2.105514,0.852664,1.302405,-1.138526,1.677015,1.309865,1.250379,1.180407,-2.019839,1.602943,0.917688,0.937119,0.758224,0.865387,-1.740229,0.6612,1.061871,0.93209,1.045643,-1.65448,0.521222,0.715093,0.958208,0.653562,-1.527879,0.931884,-1.255854,1.433184,0.736695,0.154263,1.030717,-1.21397,1.124497,-1.723858,-1.365436,1.028716,2.062802,1.287637,-1.88791,-0.099817,0.342744,1.336028,1.267607,-1.922833,-0.286512,-2.458877,0.76667,1.301539,-0.598784,1.295413,0.944323,1.033638,0.822077,-1.843568,-1.591496,0.878226,0.849036,0.542327,1.364632,1.333886,1.07864,1.121835,0.66208,-1.790221,-2.256266,0.550003,-0.503565,0.332633,0.99397,1.680478,-2.017863,1.647682,-0.805966,-1.377857,1.197087,0.935841,2.184248,1.227863,1.221828,-1.240152,0.991131,1.45819,1.281496,2.34527,-0.802355,1.147004,1.191722,1.209561,-1.400259,1.068791,-2.054379,0.966606,1.153986,2.354381,1.570009,1.004701,0.908152,1.003349,-0.157684,-1.405834,0.764092,0.825116,0.640162,-1.560135,2.205923,0.590724,0.866448,0.379687,-2.026935,0.525983,0.749352,1.52017,-2.057066,-0.81365,1.107507,-1.860638,1.127911,0.451149,-0.606003,0.906483,0.82013,1.872619,1.438301,-1.097471,1.784294,0.851153,1.348353,1.231657,0.54357,-0.532639,0.935049,1.419533,1.30114,-0.977663,1.558102,1.388519,0.956486,1.072245,-1.277895,2.057488,-1.563186,0.963595,1.000722,-1.211603,-0.736076,-0.962907,0.674939,0.705133,1.57832,-1.923441,0.81134,0.585057,0.467461,-1.485352,1.183996,0.871703,1.778389,1.336227,1.283485,1.075455,1.195919,0.490121,0.510151,0.804531,1.541189,0.755417,1.026727,1.482487,2.046244,0.803155,0.674812,-2.165838,1.140741,-0.936093,1.458285,-2.804826,0.700886,1.14544,-1.162802,1.729601,-1.3622,0.753863,1.038379,-0.317856,1.60821,-1.696465,0.310269,0.656868,-0.293726
99.0,91.7,71.7,1.0,2.0,44815.0,44914.0,-0.24853,-1.914973,1.001682,0.114723,0.186072,0.331305,-1.94272,1.051365,-0.510033,-1.229764,0.481622,-1.879346,0.73987,-2.083863,1.29808,0.635837,-1.772743,0.98416,-0.867284,0.950086,-0.256483,-1.877005,0.962214,-1.073586,-1.609101,0.145932,-0.470992,1.212054,1.192047,1.113644,-1.414185,-1.693232,0.968831,0.99535,1.144591,-1.798445,-1.701162,0.947666,0.638313,1.204434,0.696367,-1.667684,1.09357,0.872603,1.295753,1.260262,-1.743137,1.08594,0.903991,1.482189,-0.755053,-1.717178,1.0539,-1.227801,1.265856,0.361356,-1.883152,0.942316,-1.403968,1.560418,-0.662473,-0.923799,0.443007,-1.910405,1.488531,-1.929411,-0.134473,-2.105514,0.852664,1.302405,-1.138526,1.677015,1.309865,1.250379,1.180407,-2.019839,1.602943,0.917688,0.937119,0.758224,0.865387,-1.740229,0.6612,1.061871,0.93209,1.045643,-1.65448,0.521222,0.715093,0.958208,0.653562,-1.527879,0.931884,-1.255854,1.433184,0.736695,0.154263,1.030717,-1.21397,1.124497,-1.723858,-1.365436,1.028716,2.062802,1.287637,-1.88791,-0.099817,0.342744,1.336028,1.267607,-1.922833,-0.286512,-2.458877,0.76667,1.301539,-0.598784,1.295413,0.944323,1.033638,0.822077,-1.843568,-1.591496,0.878226,0.849036,0.542327,1.364632,1.333886,1.07864,1.121835,0.66208,-1.790221,-2.256266,0.550003,-0.503565,0.332633,0.99397,1.680478,-2.017863,1.647682,-0.805966,-1.377857,1.197087,0.935841,2.184248,1.227863,1.221828,-1.240152,0.991131,1.45819,1.281496,2.34527,-0.802355,1.147004,1.191722,1.209561,-1.400259,1.068791,-2.054379,0.966606,1.153986,2.354381,1.570009,1.004701,0.908152,1.003349,-0.157684,-1.405834,0.764092,0.825116,0.640162,-1.560135,2.205923,0.590724,0.866448,0.379687,-2.026935,0.525983,0.749352,1.52017,-2.057066,-0.81365,1.107507,-1.860638,1.127911,0.451149,-0.606003,0.906483,0.82013,1.872619,1.438301,-1.097471,1.784294,0.851153,1.348353,1.231657,0.54357,-0.532639,0.935049,1.419533,1.30114,-0.977663,1.558102,1.388519,0.956486,1.072245,-1.277895,2.057488,-1.563186,0.963595,1.000722,-1.211603,-0.736076,-0.962907,0.674939,0.705133,1.57832,-1.923441,0.81134,0.585057,0.467461,-1.485352,1.183996,0.871703,1.778389,1.336227,1.283485,1.075455,1.195919,0.490121,0.510151,0.804531,1.541189,0.755417,1.026727,1.482487,2.046244,0.803155,0.674812,-2.165838,1.140741,-0.936093,1.458285,-2.804826,0.700886,1.14544,-1.162802,1.729601,-1.3622,0.753863,1.038379,-0.317856,1.60821,-1.696465,0.310269,0.656868,-0.293726
565.0,83.1,64.9,5.0,4.0,44914.0,45479.0,-0.24853,-1.914973,1.001682,0.114723,0.186072,0.331305,-1.94272,1.051365,-0.510033,-1.229764,0.481622,-1.879346,0.73987,-2.083863,1.29808,0.635837,-1.772743,0.98416,-0.867284,0.950086,-0.256483,-1.877005,0.962214,-1.073586,-1.609101,0.145932,-0.470992,1.212054,1.192047,1.113644,-1.414185,-1.693232,0.968831,0.99535,1.144591,-1.798445,-1.701162,0.947666,0.638313,1.204434,0.696367,-1.667684,1.09357,0.872603,1.295753,1.260262,-1.743137,1.08594,0.903991,1.482189,-0.755053,-1.717178,1.0539,-1.227801,1.265856,0.361356,-1.883152,0.942316,-1.403968,1.560418,-0.662473,-0.923799,0.443007,-1.910405,1.488531,-1.929411,-0.134473,-2.105514,0.852664,1.302405,-1.138526,1.677015,1.309865,1.250379,1.180407,-2.019839,1.602943,0.917688,0.937119,0.758224,0.865387,-1.740229,0.6612,1.061871,0.93209,1.045643,-1.65448,0.521222,0.715093,0.958208,0.653562,-1.527879,0.931884,-1.255854,1.433184,0.736695,0.154263,1.030717,-1.21397,1.124497,-1.723858,-1.365436,1.028716,2.062802,1.287637,-1.88791,-0.099817,0.342744,1.336028,1.267607,-1.922833,-0.286512,-2.458877,0.76667,1.301539,-0.598784,1.295413,0.944323,1.033638,0.822077,-1.843568,-1.591496,0.878226,0.849036,0.542327,1.364632,1.333886,1.07864,1.121835,0.66208,-1.790221,-2.256266,0.550003,-0.503565,0.332633,0.99397,1.680478,-2.017863,1.647682,-0.805966,-1.377857,1.197087,0.935841,2.184248,1.227863,1.221828,-1.240152,0.991131,1.45819,1.281496,2.34527,-0.802355,1.147004,1.191722,1.209561,-1.400259,1.068791,-2.054379,0.966606,1.153986,2.354381,1.570009,1.004701,0.908152,1.003349,-0.157684,-1.405834,0.764092,0.825116,0.640162,-1.560135,2.205923,0.590724,0.866448,0.379687,-2.026935,0.525983,0.749352,1.52017,-2.057066,-0.81365,1.107507,-1.860638,1.127911,0.451149,-0.606003,0.906483,0.82013,1.872619,1.438301,-1.097471,1.784294,0.851153,1.348353,1.231657,0.54357,-0.532639,0.935049,1.419533,1.30114,-0.977663,1.558102,1.388519,0.956486,1.072245,-1.277895,2.057488,-1.563186,0.963595,1.000722,-1.211603,-0.736076,-0.962907,0.674939,0.705133,1.57832,-1.923441,0.81134,0.585057,0.467461,-1.485352,1.183996,0.871703,1.778389,1.336227,1.283485,1.075455,1.195919,0.490121,0.510151,0.804531,1.541189,0.755417,1.026727,1.482487,2.046244,0.803155,0.674812,-2.165838,1.140741,-0.936093,1.458285,-2.804826,0.700886,1.14544,-1.162802,1.729601,-1.3622,0.753863,1.038379,-0.317856,1.60821,-1.696465,0.310269,0.656868,-0.293726
199.0,80.5,68.0,3.0,10.0,45479.0,45678.0,-0.24853,-1.914973,1.001682,0.114723,0.186072,0.331305,-1.94272,1.051365,-0.510033,-1.229764,0.481622,-1.879346,0.73987,-2.083863,1.29808,0.635837,-1.772743,0.98416,-0.867284,0.950086,-0.256483,-1.877005,0.962214,-1.073586,-1.609101,0.145932,-0.470992,1.212054,1.192047,1.113644,-1.414185,-1.693232,0.968831,0.99535,1.144591,-1.798445,-1.701162,0.947666,0.638313,1.204434,0.696367,-1.667684,1.09357,0.872603,1.295753,1.260262,-1.743137,1.08594,0.903991,1.482189,-0.755053,-1.717178,1.0539,-1.227801,1.265856,0.361356,-1.883152,0.942316,-1.403968,1.560418,-0.662473,-0.923799,0.443007,-1.910405,1.488531,-1.929411,-0.134473,-2.105514,0.852664,1.302405,-1.138526,1.677015,1.309865,1.250379,1.180407,-2.019839,1.602943,0.917688,0.937119,0.758224,0.865387,-1.740229,0.6612,1.061871,0.93209,1.045643,-1.65448,0.521222,0.715093,0.958208,0.653562,-1.527879,0.931884,-1.255854,1.433184,0.736695,0.154263,1.030717,-1.21397,1.124497,-1.723858,-1.365436,1.028716,2.062802,1.287637,-1.88791,-0.099817,0.342744,1.336028,1.267607,-1.922833,-0.286512,-2.458877,0.76667,1.301539,-0.598784,1.295413,0.944323,1.033638,0.822077,-1.843568,-1.591496,0.878226,0.849036,0.542327,1.364632,1.333886,1.07864,1.121835,0.66208,-1.790221,-2.256266,0.550003,-0.503565,0.332633,0.99397,1.680478,-2.017863,1.647682,-0.805966,-1.377857,1.197087,0.935841,2.184248,1.227863,1.221828,-1.240152,0.991131,1.45819,1.281496,2.34527,-0.802355,1.147004,1.191722,1.209561,-1.400259,1.068791,-2.054379,0.966606,1.153986,2.354381,1.570009,1.004701,0.908152,1.003349,-0.157684,-1.405834,0.764092,0.825116,0.640162,-1.560135,2.205923,0.590724,0.866448,0.379687,-2.026935,0.525983,0.749352,1.52017,-2.057066,-0.81365,1.107507,-1.860638,1.127911,0.451149,-0.606003,0.906483,0.82013,1.872619,1.438301,-1.097471,1.784294,0.851153,1.348353,1.231657,0.54357,-0.532639,0.935049,1.419533,1.30114,-0.977663,1.558102,1.388519,0.956486,1.072245,-1.277895,2.057488,-1.563186,0.963595,1.000722,-1.211603,-0.736076,-0.962907,0.674939,0.705133,1.57832,-1.923441,0.81134,0.585057,0.467461,-1.485352,1.183996,0.871703,1.778389,1.336227,1.283485,1.075455,1.195919,0.490121,0.510151,0.804531,1.541189,0.755417,1.026727,1.482487,2.046244,0.803155,0.674812,-2.165838,1.140741,-0.936093,1.458285,-2.804826,0.700886,1.14544,-1.162802,1.729601,-1.3622,0.753863,1.038379,-0.317856,1.60821,-1.696465,0.310269,0.656868,-0.293726
232.0,69.4,60.6,7.0,6.0,45678.0,45910.0,-0.24853,-1.914973,1.001682,0.114723,0.186072,0.331305,-1.94272,1.051365,-0.510033,-1.229764,0.481622,-1.879346,0.73987,-2.083863,1.29808,0.635837,-1.772743,0.98416,-0.867284,0.950086,-0.256483,-1.877005,0.962214,-1.073586,-1.609101,0.145932,-0.470992,1.212054,1.192047,1.113644,-1.414185,-1.693232,0.968831,0.99535,1.144591,-1.798445,-1.701162,0.947666,0.638313,1.204434,0.696367,-1.667684,1.09357,0.872603,1.295753,1.260262,-1.743137,1.08594,0.903991,1.482189,-0.755053,-1.717178,1.0539,-1.227801,1.265856,0.361356,-1.883152,0.942316,-1.403968,1.560418,-0.662473,-0.923799,0.443007,-1.910405,1.488531,-1.929411,-0.134473,-2.105514,0.852664,1.302405,-1.138526,1.677015,1.309865,1.250379,1.180407,-2.019839,1.602943,0.917688,0.937119,0.758224,0.865387,-1.740229,0.6612,1.061871,0.93209,1.045643,-1.65448,0.521222,0.715093,0.958208,0.653562,-1.527879,0.931884,-1.255854,1.433184,0.736695,0.154263,1.030717,-1.21397,1.124497,-1.723858,-1.365436,1.028716,2.062802,1.287637,-1.88791,-0.099817,0.342744,1.336028,1.267607,-1.922833,-0.286512,-2.458877,0.76667,1.301539,-0.598784,1.295413,0.944323,1.033638,0.822077,-1.843568,-1.591496,0.878226,0.849036,0.542327,1.364632,1.333886,1.07864,1.121835,0.66208,-1.790221,-2.256266,0.550003,-0.503565,0.332633,0.99397,1.680478,-2.017863,1.647682,-0.805966,-1.377857,1.197087,0.935841,2.184248,1.227863,1.221828,-1.240152,0.991131,1.45819,1.281496,2.34527,-0.802355,1.147004,1.191722,1.209561,-1.400259,1.068791,-2.054379,0.966606,1.153986,2.354381,1.570009,1.004701,0.908152,1.003349,-0.157684,-1.405834,0.764092,0.825116,0.640162,-1.560135,2.205923,0.590724,0.866448,0.379687,-2.026935,0.525983,0.749352,1.52017,-2.057066,-0.81365,1.107507,-1.860638,1.127911,0.451149,-0.606003,0.906483,0.82013,1.872619,1.438301,-1.097471,1.784294,0.851153,1.348353,1.231657,0.54357,-0.532639,0.935049,1.419533,1.30114,-0.977663,1.558102,1.388519,0.956486,1.072245,-1.277895,2.057488,-1.563186,0.963595,1.000722,-1.211603,-0.736076,-0.962907,0.674939,0.705133,1.57832,-1.923441,0.81134,0.585057,0.467461,-1.485352,1.183996,0.871703,1.778389,1.336227,1.283485,1.075455,1.195919,0.490121,0.510151,0.804531,1.541189,0.755417,1.026727,1.482487,2.046244,0.803155,0.674812,-2.165838,1.140741,-0.936093,1.458285,-2.804826,0.700886,1.14544,-1.162802,1.729601,-1.3622,0.753863,1.038379,-0.317856,1.60821,-1.696465,0.310269,0.656868,-0.293726
264.0,74.0,60.5,4.0,8.0,45910.0,46174.0,-0.24853,-1.914973,1.001682,0.114723,0.186072,0.331305,-1.94272,1.051365,-0.510033,-1.229764,0.481622,-1.879346,0.73987,-2.083863,1.29808,0.635837,-1.772743,0.98416,-0.867284,0.950086,-0.256483,-1.877005,0.962214,-1.073586,-1.609101,0.145932,-0.470992,1.212054,1.192047,1.113644,-1.414185,-1.693232,0.968831,0.99535,1.144591,-1.798445,-1.701162,0.947666,0.638313,1.204434,0.696367,-1.667684,1.09357,0.872603,1.295753,1.260262,-1.743137,1.08594,0.903991,1.482189,-0.755053,-1.717178,1.0539,-1.227801,1.265856,0.361356,-1.883152,0.942316,-1.403968,1.560418,-0.662473,-0.923799,0.443007,-1.910405,1.488531,-1.929411,-0.134473,-2.105514,0.852664,1.302405,-1.138526,1.677015,1.309865,1.250379,1.180407,-2.019839,1.602943,0.917688,0.937119,0.758224,0.865387,-1.740229,0.6612,1.061871,0.93209,1.045643,-1.65448,0.521222,0.715093,0.958208,0.653562,-1.527879,0.931884,-1.255854,1.433184,0.736695,0.154263,1.030717,-1.21397,1.124497,-1.723858,-1.365436,1.028716,2.062802,1.287637,-1.88791,-0.099817,0.342744,1.336028,1.267607,-1.922833,-0.286512,-2.458877,0.76667,1.301539,-0.598784,1.295413,0.944323,1.033638,0.822077,-1.843568,-1.591496,0.878226,0.849036,0.542327,1.364632,1.333886,1.07864,1.121835,0.66208,-1.790221,-2.256266,0.550003,-0.503565,0.332633,0.99397,1.680478,-2.017863,1.647682,-0.805966,-1.377857,1.197087,0.935841,2.184248,1.227863,1.221828,-1.240152,0.991131,1.45819,1.281496,2.34527,-0.802355,1.147004,1.191722,1.209561,-1.400259,1.068791,-2.054379,0.966606,1.153986,2.354381,1.570009,1.004701,0.908152,1.003349,-0.157684,-1.405834,0.764092,0.825116,0.640162,-1.560135,2.205923,0.590724,0.866448,0.379687,-2.026935,0.525983,0.749352,1.52017,-2.057066,-0.81365,1.107507,-1.860638,1.127911,0.451149,-0.606003,0.906483,0.82013,1.872619,1.438301,-1.097471,1.784294,0.851153,1.348353,1.231657,0.54357,-0.532639,0.935049,1.419533,1.30114,-0.977663,1.558102,1.388519,0.956486,1.072245,-1.277895,2.057488,-1.563186,0.963595,1.000722,-1.211603,-0.736076,-0.962907,0.674939,0.705133,1.57832,-1.923441,0.81134,0.585057,0.467461,-1.485352,1.183996,0.871703,1.778389,1.336227,1.283485,1.075455,1.195919,0.490121,0.510151,0.804531,1.541189,0.755417,1.026727,1.482487,2.046244,0.803155,0.674812,-2.165838,1.140741,-0.936093,1.458285,-2.804826,0.700886,1.14544,-1.162802,1.729601,-1.3622,0.753863,1.038379,-0.317856,1.60821,-1.696465,0.310269,0.656868,-0.293726
532.0,74.9,60.5,4.0,8.0,46174.0,46706.0,-0.24853,-1.914973,1.001682,0.114723,0.186072,0.331305,-1.94272,1.051365,-0.510033,-1.229764,0.481622,-1.879346,0.73987,-2.083863,1.29808,0.635837,-1.772743,0.98416,-0.867284,0.950086,-0.256483,-1.877005,0.962214,-1.073586,-1.609101,0.145932,-0.470992,1.212054,1.192047,1.113644,-1.414185,-1.693232,0.968831,0.99535,1.144591,-1.798445,-1.701162,0.947666,0.638313,1.204434,0.696367,-1.667684,1.09357,0.872603,1.295753,1.260262,-1.743137,1.08594,0.903991,1.482189,-0.755053,-1.717178,1.0539,-1.227801,1.265856,0.361356,-1.883152,0.942316,-1.403968,1.560418,-0.662473,-0.923799,0.443007,-1.910405,1.488531,-1.929411,-0.134473,-2.105514,0.852664,1.302405,-1.138526,1.677015,1.309865,1.250379,1.180407,-2.019839,1.602943,0.917688,0.937119,0.758224,0.865387,-1.740229,0.6612,1.061871,0.93209,1.045643,-1.65448,0.521222,0.715093,0.958208,0.653562,-1.527879,0.931884,-1.255854,1.433184,0.736695,0.154263,1.030717,-1.21397,1.124497,-1.723858,-1.365436,1.028716,2.062802,1.287637,-1.88791,-0.099817,0.342744,1.336028,1.267607,-1.922833,-0.286512,-2.458877,0.76667,1.301539,-0.598784,1.295413,0.944323,1.033638,0.822077,-1.843568,-1.591496,0.878226,0.849036,0.542327,1.364632,1.333886,1.07864,1.121835,0.66208,-1.790221,-2.256266,0.550003,-0.503565,0.332633,0.99397,1.680478,-2.017863,1.647682,-0.805966,-1.377857,1.197087,0.935841,2.184248,1.227863,1.221828,-1.240152,0.991131,1.45819,1.281496,2.34527,-0.802355,1.147004,1.191722,1.209561,-1.400259,1.068791,-2.054379,0.966606,1.153986,2.354381,1.570009,1.004701,0.908152,1.003349,-0.157684,-1.405834,0.764092,0.825116,0.640162,-1.560135,2.205923,0.590724,0.866448,0.379687,-2.026935,0.525983,0.749352,1.52017,-2.057066,-0.81365,1.107507,-1.860638,1.127911,0.451149,-0.606003,0.906483,0.82013,1.872619,1.438301,-1.097471,1.784294,0.851153,1.348353,1.231657,0.54357,-0.532639,0.935049,1.419533,1.30114,-0.977663,1.558102,1.388519,0.956486,1.072245,-1.277895,2.057488,-1.563186,0.963595,1.000722,-1.211603,-0.736076,-0.962907,0.674939,0.705133,1.57832,-1.923441,0.81134,0.585057,0.467461,-1.485352,1.183996,0.871703,1.778389,1.336227,1.283485,1.075455,1.195919,0.490121,0.510151,0.804531,1.541189,0.755417,1.026727,1.482487,2.046244,0.803155,0.674812,-2.165838,1.140741,-0.936093,1.458285,-2.804826,0.700886,1.14544,-1.162802,1.729601,-1.3622,0.753863,1.038379,-0.317856,1.60821,-1.696465,0.310269,0.656868,-0.293726
99.0,68.7,56.0,1.0,0.0,7073.0,7172.0,-0.24853,-1.914973,1.001682,0.114723,0.186072,0.331305,-1.94272,1.051365,-0.510033,-1.229764,0.481622,-1.879346,0.73987,-2.083863,1.29808,0.635837,-1.772743,0.98416,-0.867284,0.950086,-0.256483,-1.877005,0.962214,-1.073586,-1.609101,0.145932,-0.470992,1.212054,1.192047,1.113644,-1.414185,-1.693232,0.968831,0.99535,1.144591,-1.798445,-1.701162,0.947666,0.638313,1.204434,0.696367,-1.667684,1.09357,0.872603,1.295753,1.260262,-1.743137,1.08594,0.903991,1.482189,-0.755053,-1.717178,1.0539,-1.227801,1.265856,0.361356,-1.883152,0.942316,-1.403968,1.560418,-0.662473,-0.923799,0.443007,-1.910405,1.488531,-1.929411,-0.134473,-2.105514,0.852664,1.302405,-1.138526,1.677015,1.309865,1.250379,1.180407,-2.019839,1.602943,0.917688,0.937119,0.758224,0.865387,-1.740229,0.6612,1.061871,0.93209,1.045643,-1.65448,0.521222,0.715093,0.958208,0.653562,-1.527879,0.931884,-1.255854,1.433184,0.736695,0.154263,1.030717,-1.21397,1.124497,-1.723858,-1.365436,1.028716,2.062802,1.287637,-1.88791,-0.099817,0.342744,1.336028,1.267607,-1.922833,-0.286512,-2.458877,0.76667,1.301539,-0.598784,1.295413,0.944323,1.033638,0.822077,-1.843568,-1.591496,0.878226,0.849036,0.542327,1.364632,1.333886,1.07864,1.121835,0.66208,-1.790221,-2.256266,0.550003,-0.503565,0.332633,0.99397,1.680478,-2.017863,1.647682,-0.805966,-1.377857,1.197087,0.935841,2.184248,1.227863,1.221828,-1.240152,0.991131,1.45819,1.281496,2.34527,-0.802355,1.147004,1.191722,1.209561,-1.400259,1.068791,-2.054379,0.966606,1.153986,2.354381,1.570009,1.004701,0.908152,1.003349,-0.157684,-1.405834,0.764092,0.825116,0.640162,-1.560135,2.205923,0.590724,0.866448,0.379687,-2.026935,0.525983,0.749352,1.52017,-2.057066,-0.81365,1.107507,-1.860638,1.127911,0.451149,-0.606003,0.906483,0.82013,1.872619,1.438301,-1.097471,1.784294,0.851153,1.348353,1.231657,0.54357,-0.532639,0.935049,1.419533,1.30114,-0.977663,1.558102,1.388519,0.956486,1.072245,-1.277895,2.057488,-1.563186,0.963595,1.000722,-1.211603,-0.736076,-0.962907,0.674939,0.705133,1.57832,-1.923441,0.81134,0.585057,0.467461,-1.485352,1.183996,0.871703,1.778389,1.336227,1.283485,1.075455,1.195919,0.490121,0.510151,0.804531,1.541189,0.755417,1.026727,1.482487,2.046244,0.803155,0.674812,-2.165838,1.140741,-0.936093,1.458285,-2.804826,0.700886,1.14544,-1.162802,1.729601,-1.3622,0.753863,1.038379,-0.317856,1.60821,-1.696465,0.310269,0.656868,-0.293726
299.0,74.2,60.1,31.0,18.0,46706.0,47005.0,-0.511725,0.442909,-0.863999,-0.763707,-0.07122,-0.515744,0.369498,-0.910654,-0.741079,0.64298,-0.647315,0.250376,-0.867667,0.486154,-0.668123,-0.565161,0.750836,-0.780786,0.241064,-0.256611,-0.204943,0.801011,-0.808979,-0.025196,0.895929,-0.295142,0.760063,-0.703441,-0.585452,-0.576906,0.267026,1.051588,-0.709548,-0.479227,-0.571531,0.497148,0.89278,-0.72273,-0.599074,-0.438529,-0.494403,0.947488,-0.758733,-1.346778,-0.353537,-0.514249,1.010504,-0.771959,-1.601657,-0.342172,-0.206062,0.939954,-0.802757,0.350262,0.061176,-0.371224,0.720933,-0.791374,0.717832,-0.30964,-0.108584,-0.123948,-0.790619,1.298003,-0.393328,0.477953,-0.259907,-0.508363,-0.148257,-0.536189,0.956475,-0.668376,-0.766664,-0.570278,-0.570116,0.815497,-0.653814,-0.653046,-0.364782,-0.354493,-0.189102,1.162299,-0.682879,-0.425664,-0.358111,-0.37656,0.993247,-0.705417,-0.074419,-0.25034,-0.265583,1.193922,-0.745503,0.43461,-0.554502,-0.595584,-0.135664,-0.799021,0.799628,-0.350386,0.930076,0.909613,-0.844238,-0.22033,-0.440292,0.611429,-0.261969,-0.710395,-0.437207,-0.492014,0.483169,-0.186662,-0.213803,-0.096083,-0.531155,0.354719,-0.605338,-0.58996,-0.405829,-0.29616,0.909537,1.008833,-0.781178,-0.287814,-0.15217,-0.752009,-0.45418,-0.748987,-0.410679,-0.18196,0.66905,0.899012,-0.706778,0.092192,-0.303852,-1.490391,-0.747553,0.760142,-0.819886,0.520269,0.481083,-0.576618,-0.692784,-0.555396,-0.488624,-0.610575,0.788555,-0.499794,-0.582913,-0.490745,-1.190308,0.231312,-0.560901,-0.389129,-0.464733,0.24989,-0.539281,0.991751,-0.228165,-0.405358,-0.578704,-0.658449,-0.690471,-0.450361,-0.372505,0.088886,0.744241,-1.025843,-0.525868,-0.332539,1.023563,-0.15845,-0.93182,-0.697204,-0.226617,0.918205,-0.756721,-0.782535,-0.975069,0.903221,0.173319,-0.10445,0.941985,-0.208284,0.064145,0.555881,-1.003581,-0.515455,-0.839213,-0.608602,0.854128,0.065992,-0.419344,-0.663192,-0.493195,-0.76693,0.031868,-0.50632,-0.71128,-0.498939,0.351659,-0.772641,-0.686804,-0.271045,-0.365281,0.760089,0.009744,-0.405377,-0.54647,-0.490298,0.806072,0.744512,-1.628145,-0.430518,-0.324044,-0.647645,0.995968,-1.061961,-0.836247,-0.266769,0.579949,-0.69873,-1.075805,-1.067153,-0.5695,-0.674939,-0.523299,-0.745457,-0.201867,0.043874,-0.427647,-0.756482,-0.601447,-1.05517,-0.675294,0.078937,-0.715102,-0.308938,1.317542,-0.342572,0.33171,-0.824203,0.814122,-0.167357,-0.386848,0.146438,-0.913297,-0.030969,-0.163214,-0.324401,0.578144,-0.762505,0.110878,-0.354166,-0.372026,0.57818
265.0,80.9,67.1,7.0,11.0,47005.0,47270.0,-0.24853,-1.914973,1.001682,0.114723,0.186072,0.331305,-1.94272,1.051365,-0.510033,-1.229764,0.481622,-1.879346,0.73987,-2.083863,1.29808,0.635837,-1.772743,0.98416,-0.867284,0.950086,-0.256483,-1.877005,0.962214,-1.073586,-1.609101,0.145932,-0.470992,1.212054,1.192047,1.113644,-1.414185,-1.693232,0.968831,0.99535,1.144591,-1.798445,-1.701162,0.947666,0.638313,1.204434,0.696367,-1.667684,1.09357,0.872603,1.295753,1.260262,-1.743137,1.08594,0.903991,1.482189,-0.755053,-1.717178,1.0539,-1.227801,1.265856,0.361356,-1.883152,0.942316,-1.403968,1.560418,-0.662473,-0.923799,0.443007,-1.910405,1.488531,-1.929411,-0.134473,-2.105514,0.852664,1.302405,-1.138526,1.677015,1.309865,1.250379,1.180407,-2.019839,1.602943,0.917688,0.937119,0.758224,0.865387,-1.740229,0.6612,1.061871,0.93209,1.045643,-1.65448,0.521222,0.715093,0.958208,0.653562,-1.527879,0.931884,-1.255854,1.433184,0.736695,0.154263,1.030717,-1.21397,1.124497,-1.723858,-1.365436,1.028716,2.062802,1.287637,-1.88791,-0.099817,0.342744,1.336028,1.267607,-1.922833,-0.286512,-2.458877,0.76667,1.301539,-0.598784,1.295413,0.944323,1.033638,0.822077,-1.843568,-1.591496,0.878226,0.849036,0.542327,1.364632,1.333886,1.07864,1.121835,0.66208,-1.790221,-2.256266,0.550003,-0.503565,0.332633,0.99397,1.680478,-2.017863,1.647682,-0.805966,-1.377857,1.197087,0.935841,2.184248,1.227863,1.221828,-1.240152,0.991131,1.45819,1.281496,2.34527,-0.802355,1.147004,1.191722,1.209561,-1.400259,1.068791,-2.054379,0.966606,1.153986,2.354381,1.570009,1.004701,0.908152,1.003349,-0.157684,-1.405834,0.764092,0.825116,0.640162,-1.560135,2.205923,0.590724,0.866448,0.379687,-2.026935,0.525983,0.749352,1.52017,-2.057066,-0.81365,1.107507,-1.860638,1.127911,0.451149,-0.606003,0.906483,0.82013,1.872619,1.438301,-1.097471,1.784294,0.851153,1.348353,1.231657,0.54357,-0.532639,0.935049,1.419533,1.30114,-0.977663,1.558102,1.388519,0.956486,1.072245,-1.277895,2.057488,-1.563186,0.963595,1.000722,-1.211603,-0.736076,-0.962907,0.674939,0.705133,1.57832,-1.923441,0.81134,0.585057,0.467461,-1.485352,1.183996,0.871703,1.778389,1.336227,1.283485,1.075455,1.195919,0.490121,0.510151,0.804531,1.541189,0.755417,1.026727,1.482487,2.046244,0.803155,0.674812,-2.165838,1.140741,-0.936093,1.458285,-2.804826,0.700886,1.14544,-1.162802,1.729601,-1.3622,0.753863,1.038379,-0.317856,1.60821,-1.696465,0.310269,0.656868,-0.293726
266.0,85.0,71.9,10.0,12.0,47270.0,47536.0,-0.24853,-1.914973,1.001682,0.114723,0.186072,0.331305,-1.94272,1.051365,-0.510033,-1.229764,0.481622,-1.879346,0.73987,-2.083863,1.29808,0.635837,-1.772743,0.98416,-0.867284,0.950086,-0.256483,-1.877005,0.962214,-1.073586,-1.609101,0.145932,-0.470992,1.212054,1.192047,1.113644,-1.414185,-1.693232,0.968831,0.99535,1.144591,-1.798445,-1.701162,0.947666,0.638313,1.204434,0.696367,-1.667684,1.09357,0.872603,1.295753,1.260262,-1.743137,1.08594,0.903991,1.482189,-0.755053,-1.717178,1.0539,-1.227801,1.265856,0.361356,-1.883152,0.942316,-1.403968,1.560418,-0.662473,-0.923799,0.443007,-1.910405,1.488531,-1.929411,-0.134473,-2.105514,0.852664,1.302405,-1.138526,1.677015,1.309865,1.250379,1.180407,-2.019839,1.602943,0.917688,0.937119,0.758224,0.865387,-1.740229,0.6612,1.061871,0.93209,1.045643,-1.65448,0.521222,0.715093,0.958208,0.653562,-1.527879,0.931884,-1.255854,1.433184,0.736695,0.154263,1.030717,-1.21397,1.124497,-1.723858,-1.365436,1.028716,2.062802,1.287637,-1.88791,-0.099817,0.342744,1.336028,1.267607,-1.922833,-0.286512,-2.458877,0.76667,1.301539,-0.598784,1.295413,0.944323,1.033638,0.822077,-1.843568,-1.591496,0.878226,0.849036,0.542327,1.364632,1.333886,1.07864,1.121835,0.66208,-1.790221,-2.256266,0.550003,-0.503565,0.332633,0.99397,1.680478,-2.017863,1.647682,-0.805966,-1.377857,1.197087,0.935841,2.184248,1.227863,1.221828,-1.240152,0.991131,1.45819,1.281496,2.34527,-0.802355,1.147004,1.191722,1.209561,-1.400259,1.068791,-2.054379,0.966606,1.153986,2.354381,1.570009,1.004701,0.908152,1.003349,-0.157684,-1.405834,0.764092,0.825116,0.640162,-1.560135,2.205923,0.590724,0.866448,0.379687,-2.026935,0.525983,0.749352,1.52017,-2.057066,-0.81365,1.107507,-1.860638,1.127911,0.451149,-0.606003,0.906483,0.82013,1.872619,1.438301,-1.097471,1.784294,0.851153,1.348353,1.231657,0.54357,-0.532639,0.935049,1.419533,1.30114,-0.977663,1.558102,1.388519,0.956486,1.072245,-1.277895,2.057488,-1.563186,0.963595,1.000722,-1.211603,-0.736076,-0.962907,0.674939,0.705133,1.57832,-1.923441,0.81134,0.585057,0.467461,-1.485352,1.183996,0.871703,1.778389,1.336227,1.283485,1.075455,1.195919,0.490121,0.510151,0.804531,1.541189,0.755417,1.026727,1.482487,2.046244,0.803155,0.674812,-2.165838,1.140741,-0.936093,1.458285,-2.804826,0.700886,1.14544,-1.162802,1.729601,-1.3622,0.753863,1.038379,-0.317856,1.60821,-1.696465,0.310269,0.656868,-0.293726
301.0,86.8,71.6,5.0,13.0,47536.0,47837.0,-0.24853,-1.914973,1.001682,0.114723,0.186072,0.331305,-1.94272,1.051365,-0.510033,-1.229764,0.481622,-1.879346,0.73987,-2.083863,1.29808,0.635837,-1.772743,0.98416,-0.867284,0.950086,-0.256483,-1.877005,0.962214,-1.073586,-1.609101,0.145932,-0.470992,1.212054,1.192047,1.113644,-1.414185,-1.693232,0.968831,0.99535,1.144591,-1.798445,-1.701162,0.947666,0.638313,1.204434,0.696367,-1.667684,1.09357,0.872603,1.295753,1.260262,-1.743137,1.08594,0.903991,1.482189,-0.755053,-1.717178,1.0539,-1.227801,1.265856,0.361356,-1.883152,0.942316,-1.403968,1.560418,-0.662473,-0.923799,0.443007,-1.910405,1.488531,-1.929411,-0.134473,-2.105514,0.852664,1.302405,-1.138526,1.677015,1.309865,1.250379,1.180407,-2.019839,1.602943,0.917688,0.937119,0.758224,0.865387,-1.740229,0.6612,1.061871,0.93209,1.045643,-1.65448,0.521222,0.715093,0.958208,0.653562,-1.527879,0.931884,-1.255854,1.433184,0.736695,0.154263,1.030717,-1.21397,1.124497,-1.723858,-1.365436,1.028716,2.062802,1.287637,-1.88791,-0.099817,0.342744,1.336028,1.267607,-1.922833,-0.286512,-2.458877,0.76667,1.301539,-0.598784,1.295413,0.944323,1.033638,0.822077,-1.843568,-1.591496,0.878226,0.849036,0.542327,1.364632,1.333886,1.07864,1.121835,0.66208,-1.790221,-2.256266,0.550003,-0.503565,0.332633,0.99397,1.680478,-2.017863,1.647682,-0.805966,-1.377857,1.197087,0.935841,2.184248,1.227863,1.221828,-1.240152,0.991131,1.45819,1.281496,2.34527,-0.802355,1.147004,1.191722,1.209561,-1.400259,1.068791,-2.054379,0.966606,1.153986,2.354381,1.570009,1.004701,0.908152,1.003349,-0.157684,-1.405834,0.764092,0.825116,0.640162,-1.560135,2.205923,0.590724,0.866448,0.379687,-2.026935,0.525983,0.749352,1.52017,-2.057066,-0.81365,1.107507,-1.860638,1.127911,0.451149,-0.606003,0.906483,0.82013,1.872619,1.438301,-1.097471,1.784294,0.851153,1.348353,1.231657,0.54357,-0.532639,0.935049,1.419533,1.30114,-0.977663,1.558102,1.388519,0.956486,1.072245,-1.277895,2.057488,-1.563186,0.963595,1.000722,-1.211603,-0.736076,-0.962907,0.674939,0.705133,1.57832,-1.923441,0.81134,0.585057,0.467461,-1.485352,1.183996,0.871703,1.778389,1.336227,1.283485,1.075455,1.195919,0.490121,0.510151,0.804531,1.541189,0.755417,1.026727,1.482487,2.046244,0.803155,0.674812,-2.165838,1.140741,-0.936093,1.458285,-2.804826,0.700886,1.14544,-1.162802,1.729601,-1.3622,0.753863,1.038379,-0.317856,1.60821,-1.696465,0.310269,0.656868,-0.293726
199.0,87.3,74.2,2.0,8.0,47837.0,48036.0,-0.24853,-1.914973,1.001682,0.114723,0.186072,0.331305,-1.94272,1.051365,-0.510033,-1.229764,0.481622,-1.879346,0.73987,-2.083863,1.29808,0.635837,-1.772743,0.98416,-0.867284,0.950086,-0.256483,-1.877005,0.962214,-1.073586,-1.609101,0.145932,-0.470992,1.212054,1.192047,1.113644,-1.414185,-1.693232,0.968831,0.99535,1.144591,-1.798445,-1.701162,0.947666,0.638313,1.204434,0.696367,-1.667684,1.09357,0.872603,1.295753,1.260262,-1.743137,1.08594,0.903991,1.482189,-0.755053,-1.717178,1.0539,-1.227801,1.265856,0.361356,-1.883152,0.942316,-1.403968,1.560418,-0.662473,-0.923799,0.443007,-1.910405,1.488531,-1.929411,-0.134473,-2.105514,0.852664,1.302405,-1.138526,1.677015,1.309865,1.250379,1.180407,-2.019839,1.602943,0.917688,0.937119,0.758224,0.865387,-1.740229,0.6612,1.061871,0.93209,1.045643,-1.65448,0.521222,0.715093,0.958208,0.653562,-1.527879,0.931884,-1.255854,1.433184,0.736695,0.154263,1.030717,-1.21397,1.124497,-1.723858,-1.365436,1.028716,2.062802,1.287637,-1.88791,-0.099817,0.342744,1.336028,1.267607,-1.922833,-0.286512,-2.458877,0.76667,1.301539,-0.598784,1.295413,0.944323,1.033638,0.822077,-1.843568,-1.591496,0.878226,0.849036,0.542327,1.364632,1.333886,1.07864,1.121835,0.66208,-1.790221,-2.256266,0.550003,-0.503565,0.332633,0.99397,1.680478,-2.017863,1.647682,-0.805966,-1.377857,1.197087,0.935841,2.184248,1.227863,1.221828,-1.240152,0.991131,1.45819,1.281496,2.34527,-0.802355,1.147004,1.191722,1.209561,-1.400259,1.068791,-2.054379,0.966606,1.153986,2.354381,1.570009,1.004701,0.908152,1.003349,-0.157684,-1.405834,0.764092,0.825116,0.640162,-1.560135,2.205923,0.590724,0.866448,0.379687,-2.026935,0.525983,0.749352,1.52017,-2.057066,-0.81365,1.107507,-1.860638,1.127911,0.451149,-0.606003,0.906483,0.82013,1.872619,1.438301,-1.097471,1.784294,0.851153,1.348353,1.231657,0.54357,-0.532639,0.935049,1.419533,1.30114,-0.977663,1.558102,1.388519,0.956486,1.072245,-1.277895,2.057488,-1.563186,0.963595,1.000722,-1.211603,-0.736076,-0.962907,0.674939,0.705133,1.57832,-1.923441,0.81134,0.585057,0.467461,-1.485352,1.183996,0.871703,1.778389,1.336227,1.283485,1.075455,1.195919,0.490121,0.510151,0.804531,1.541189,0.755417,1.026727,1.482487,2.046244,0.803155,0.674812,-2.165838,1.140741,-0.936093,1.458285,-2.804826,0.700886,1.14544,-1.162802,1.729601,-1.3622,0.753863,1.038379,-0.317856,1.60821,-1.696465,0.310269,0.656868,-0.293726
166.0,87.2,76.0,12.0,10.0,48036.0,48202.0,-0.24853,-1.914973,1.001682,0.114723,0.186072,0.331305,-1.94272,1.051365,-0.510033,-1.229764,0.481622,-1.879346,0.73987,-2.083863,1.29808,0.635837,-1.772743,0.98416,-0.867284,0.950086,-0.256483,-1.877005,0.962214,-1.073586,-1.609101,0.145932,-0.470992,1.212054,1.192047,1.113644,-1.414185,-1.693232,0.968831,0.99535,1.144591,-1.798445,-1.701162,0.947666,0.638313,1.204434,0.696367,-1.667684,1.09357,0.872603,1.295753,1.260262,-1.743137,1.08594,0.903991,1.482189,-0.755053,-1.717178,1.0539,-1.227801,1.265856,0.361356,-1.883152,0.942316,-1.403968,1.560418,-0.662473,-0.923799,0.443007,-1.910405,1.488531,-1.929411,-0.134473,-2.105514,0.852664,1.302405,-1.138526,1.677015,1.309865,1.250379,1.180407,-2.019839,1.602943,0.917688,0.937119,0.758224,0.865387,-1.740229,0.6612,1.061871,0.93209,1.045643,-1.65448,0.521222,0.715093,0.958208,0.653562,-1.527879,0.931884,-1.255854,1.433184,0.736695,0.154263,1.030717,-1.21397,1.124497,-1.723858,-1.365436,1.028716,2.062802,1.287637,-1.88791,-0.099817,0.342744,1.336028,1.267607,-1.922833,-0.286512,-2.458877,0.76667,1.301539,-0.598784,1.295413,0.944323,1.033638,0.822077,-1.843568,-1.591496,0.878226,0.849036,0.542327,1.364632,1.333886,1.07864,1.121835,0.66208,-1.790221,-2.256266,0.550003,-0.503565,0.332633,0.99397,1.680478,-2.017863,1.647682,-0.805966,-1.377857,1.197087,0.935841,2.184248,1.227863,1.221828,-1.240152,0.991131,1.45819,1.281496,2.34527,-0.802355,1.147004,1.191722,1.209561,-1.400259,1.068791,-2.054379,0.966606,1.153986,2.354381,1.570009,1.004701,0.908152,1.003349,-0.157684,-1.405834,0.764092,0.825116,0.640162,-1.560135,2.205923,0.590724,0.866448,0.379687,-2.026935,0.525983,0.749352,1.52017,-2.057066,-0.81365,1.107507,-1.860638,1.127911,0.451149,-0.606003,0.906483,0.82013,1.872619,1.438301,-1.097471,1.784294,0.851153,1.348353,1.231657,0.54357,-0.532639,0.935049,1.419533,1.30114,-0.977663,1.558102,1.388519,0.956486,1.072245,-1.277895,2.057488,-1.563186,0.963595,1.000722,-1.211603,-0.736076,-0.962907,0.674939,0.705133,1.57832,-1.923441,0.81134,0.585057,0.467461,-1.485352,1.183996,0.871703,1.778389,1.336227,1.283485,1.075455,1.195919,0.490121,0.510151,0.804531,1.541189,0.755417,1.026727,1.482487,2.046244,0.803155,0.674812,-2.165838,1.140741,-0.936093,1.458285,-2.804826,0.700886,1.14544,-1.162802,1.729601,-1.3622,0.753863,1.038379,-0.317856,1.60821,-1.696465,0.310269,0.656868,-0.293726
262.0,86.5,74.0,25.0,11.0,48202.0,48464.0,-0.24853,-1.914973,1.001682,0.114723,0.186072,0.331305,-1.94272,1.051365,-0.510033,-1.229764,0.481622,-1.879346,0.73987,-2.083863,1.29808,0.635837,-1.772743,0.98416,-0.867284,0.950086,-0.256483,-1.877005,0.962214,-1.073586,-1.609101,0.145932,-0.470992,1.212054,1.192047,1.113644,-1.414185,-1.693232,0.968831,0.99535,1.144591,-1.798445,-1.701162,0.947666,0.638313,1.204434,0.696367,-1.667684,1.09357,0.872603,1.295753,1.260262,-1.743137,1.08594,0.903991,1.482189,-0.755053,-1.717178,1.0539,-1.227801,1.265856,0.361356,-1.883152,0.942316,-1.403968,1.560418,-0.662473,-0.923799,0.443007,-1.910405,1.488531,-1.929411,-0.134473,-2.105514,0.852664,1.302405,-1.138526,1.677015,1.309865,1.250379,1.180407,-2.019839,1.602943,0.917688,0.937119,0.758224,0.865387,-1.740229,0.6612,1.061871,0.93209,1.045643,-1.65448,0.521222,0.715093,0.958208,0.653562,-1.527879,0.931884,-1.255854,1.433184,0.736695,0.154263,1.030717,-1.21397,1.124497,-1.723858,-1.365436,1.028716,2.062802,1.287637,-1.88791,-0.099817,0.342744,1.336028,1.267607,-1.922833,-0.286512,-2.458877,0.76667,1.301539,-0.598784,1.295413,0.944323,1.033638,0.822077,-1.843568,-1.591496,0.878226,0.849036,0.542327,1.364632,1.333886,1.07864,1.121835,0.66208,-1.790221,-2.256266,0.550003,-0.503565,0.332633,0.99397,1.680478,-2.017863,1.647682,-0.805966,-1.377857,1.197087,0.935841,2.184248,1.227863,1.221828,-1.240152,0.991131,1.45819,1.281496,2.34527,-0.802355,1.147004,1.191722,1.209561,-1.400259,1.068791,-2.054379,0.966606,1.153986,2.354381,1.570009,1.004701,0.908152,1.003349,-0.157684,-1.405834,0.764092,0.825116,0.640162,-1.560135,2.205923,0.590724,0.866448,0.379687,-2.026935,0.525983,0.749352,1.52017,-2.057066,-0.81365,1.107507,-1.860638,1.127911,0.451149,-0.606003,0.906483,0.82013,1.872619,1.438301,-1.097471,1.784294,0.851153,1.348353,1.231657,0.54357,-0.532639,0.935049,1.419533,1.30114,-0.977663,1.558102,1.388519,0.956486,1.072245,-1.277895,2.057488,-1.563186,0.963595,1.000722,-1.211603,-0.736076,-0.962907,0.674939,0.705133,1.57832,-1.923441,0.81134,0.585057,0.467461,-1.485352,1.183996,0.871703,1.778389,1.336227,1.283485,1.075455,1.195919,0.490121,0.510151,0.804531,1.541189,0.755417,1.026727,1.482487,2.046244,0.803155,0.674812,-2.165838,1.140741,-0.936093,1.458285,-2.804826,0.700886,1.14544,-1.162802,1.729601,-1.3622,0.753863,1.038379,-0.317856,1.60821,-1.696465,0.310269,0.656868,-0.293726
299.0,86.4,73.2,15.0,8.0,48464.0,48763.0,-0.24853,-1.914973,1.001682,0.114723,0.186072,0.331305,-1.94272,1.051365,-0.510033,-1.229764,0.481622,-1.879346,0.73987,-2.083863,1.29808,0.635837,-1.772743,0.98416,-0.867284,0.950086,-0.256483,-1.877005,0.962214,-1.073586,-1.609101,0.145932,-0.470992,1.212054,1.192047,1.113644,-1.414185,-1.693232,0.968831,0.99535,1.144591,-1.798445,-1.701162,0.947666,0.638313,1.204434,0.696367,-1.667684,1.09357,0.872603,1.295753,1.260262,-1.743137,1.08594,0.903991,1.482189,-0.755053,-1.717178,1.0539,-1.227801,1.265856,0.361356,-1.883152,0.942316,-1.403968,1.560418,-0.662473,-0.923799,0.443007,-1.910405,1.488531,-1.929411,-0.134473,-2.105514,0.852664,1.302405,-1.138526,1.677015,1.309865,1.250379,1.180407,-2.019839,1.602943,0.917688,0.937119,0.758224,0.865387,-1.740229,0.6612,1.061871,0.93209,1.045643,-1.65448,0.521222,0.715093,0.958208,0.653562,-1.527879,0.931884,-1.255854,1.433184,0.736695,0.154263,1.030717,-1.21397,1.124497,-1.723858,-1.365436,1.028716,2.062802,1.287637,-1.88791,-0.099817,0.342744,1.336028,1.267607,-1.922833,-0.286512,-2.458877,0.76667,1.301539,-0.598784,1.295413,0.944323,1.033638,0.822077,-1.843568,-1.591496,0.878226,0.849036,0.542327,1.364632,1.333886,1.07864,1.121835,0.66208,-1.790221,-2.256266,0.550003,-0.503565,0.332633,0.99397,1.680478,-2.017863,1.647682,-0.805966,-1.377857,1.197087,0.935841,2.184248,1.227863,1.221828,-1.240152,0.991131,1.45819,1.281496,2.34527,-0.802355,1.147004,1.191722,1.209561,-1.400259,1.068791,-2.054379,0.966606,1.153986,2.354381,1.570009,1.004701,0.908152,1.003349,-0.157684,-1.405834,0.764092,0.825116,0.640162,-1.560135,2.205923,0.590724,0.866448,0.379687,-2.026935,0.525983,0.749352,1.52017,-2.057066,-0.81365,1.107507,-1.860638,1.127911,0.451149,-0.606003,0.906483,0.82013,1.872619,1.438301,-1.097471,1.784294,0.851153,1.348353,1.231657,0.54357,-0.532639,0.935049,1.419533,1.30114,-0.977663,1.558102,1.388519,0.956486,1.072245,-1.277895,2.057488,-1.563186,0.963595,1.000722,-1.211603,-0.736076,-0.962907,0.674939,0.705133,1.57832,-1.923441,0.81134,0.585057,0.467461,-1.485352,1.183996,0.871703,1.778389,1.336227,1.283485,1.075455,1.195919,0.490121,0.510151,0.804531,1.541189,0.755417,1.026727,1.482487,2.046244,0.803155,0.674812,-2.165838,1.140741,-0.936093,1.458285,-2.804826,0.700886,1.14544,-1.162802,1.729601,-1.3622,0.753863,1.038379,-0.317856,1.60821,-1.696465,0.310269,0.656868,-0.293726
232.0,85.0,69.9,19.0,9.0,48763.0,48995.0,-0.24853,-1.914973,1.001682,0.114723,0.186072,0.331305,-1.94272,1.051365,-0.510033,-1.229764,0.481622,-1.879346,0.73987,-2.083863,1.29808,0.635837,-1.772743,0.98416,-0.867284,0.950086,-0.256483,-1.877005,0.962214,-1.073586,-1.609101,0.145932,-0.470992,1.212054,1.192047,1.113644,-1.414185,-1.693232,0.968831,0.99535,1.144591,-1.798445,-1.701162,0.947666,0.638313,1.204434,0.696367,-1.667684,1.09357,0.872603,1.295753,1.260262,-1.743137,1.08594,0.903991,1.482189,-0.755053,-1.717178,1.0539,-1.227801,1.265856,0.361356,-1.883152,0.942316,-1.403968,1.560418,-0.662473,-0.923799,0.443007,-1.910405,1.488531,-1.929411,-0.134473,-2.105514,0.852664,1.302405,-1.138526,1.677015,1.309865,1.250379,1.180407,-2.019839,1.602943,0.917688,0.937119,0.758224,0.865387,-1.740229,0.6612,1.061871,0.93209,1.045643,-1.65448,0.521222,0.715093,0.958208,0.653562,-1.527879,0.931884,-1.255854,1.433184,0.736695,0.154263,1.030717,-1.21397,1.124497,-1.723858,-1.365436,1.028716,2.062802,1.287637,-1.88791,-0.099817,0.342744,1.336028,1.267607,-1.922833,-0.286512,-2.458877,0.76667,1.301539,-0.598784,1.295413,0.944323,1.033638,0.822077,-1.843568,-1.591496,0.878226,0.849036,0.542327,1.364632,1.333886,1.07864,1.121835,0.66208,-1.790221,-2.256266,0.550003,-0.503565,0.332633,0.99397,1.680478,-2.017863,1.647682,-0.805966,-1.377857,1.197087,0.935841,2.184248,1.227863,1.221828,-1.240152,0.991131,1.45819,1.281496,2.34527,-0.802355,1.147004,1.191722,1.209561,-1.400259,1.068791,-2.054379,0.966606,1.153986,2.354381,1.570009,1.004701,0.908152,1.003349,-0.157684,-1.405834,0.764092,0.825116,0.640162,-1.560135,2.205923,0.590724,0.866448,0.379687,-2.026935,0.525983,0.749352,1.52017,-2.057066,-0.81365,1.107507,-1.860638,1.127911,0.451149,-0.606003,0.906483,0.82013,1.872619,1.438301,-1.097471,1.784294,0.851153,1.348353,1.231657,0.54357,-0.532639,0.935049,1.419533,1.30114,-0.977663,1.558102,1.388519,0.956486,1.072245,-1.277895,2.057488,-1.563186,0.963595,1.000722,-1.211603,-0.736076,-0.962907,0.674939,0.705133,1.57832,-1.923441,0.81134,0.585057,0.467461,-1.485352,1.183996,0.871703,1.778389,1.336227,1.283485,1.075455,1.195919,0.490121,0.510151,0.804531,1.541189,0.755417,1.026727,1.482487,2.046244,0.803155,0.674812,-2.165838,1.140741,-0.936093,1.458285,-2.804826,0.700886,1.14544,-1.162802,1.729601,-1.3622,0.753863,1.038379,-0.317856,1.60821,-1.696465,0.310269,0.656868,-0.293726
1597.0,89.6,74.1,36.0,14.0,48995.0,50592.0,-0.24853,-1.914973,1.001682,0.114723,0.186072,0.331305,-1.94272,1.051365,-0.510033,-1.229764,0.481622,-1.879346,0.73987,-2.083863,1.29808,0.635837,-1.772743,0.98416,-0.867284,0.950086,-0.256483,-1.877005,0.962214,-1.073586,-1.609101,0.145932,-0.470992,1.212054,1.192047,1.113644,-1.414185,-1.693232,0.968831,0.99535,1.144591,-1.798445,-1.701162,0.947666,0.638313,1.204434,0.696367,-1.667684,1.09357,0.872603,1.295753,1.260262,-1.743137,1.08594,0.903991,1.482189,-0.755053,-1.717178,1.0539,-1.227801,1.265856,0.361356,-1.883152,0.942316,-1.403968,1.560418,-0.662473,-0.923799,0.443007,-1.910405,1.488531,-1.929411,-0.134473,-2.105514,0.852664,1.302405,-1.138526,1.677015,1.309865,1.250379,1.180407,-2.019839,1.602943,0.917688,0.937119,0.758224,0.865387,-1.740229,0.6612,1.061871,0.93209,1.045643,-1.65448,0.521222,0.715093,0.958208,0.653562,-1.527879,0.931884,-1.255854,1.433184,0.736695,0.154263,1.030717,-1.21397,1.124497,-1.723858,-1.365436,1.028716,2.062802,1.287637,-1.88791,-0.099817,0.342744,1.336028,1.267607,-1.922833,-0.286512,-2.458877,0.76667,1.301539,-0.598784,1.295413,0.944323,1.033638,0.822077,-1.843568,-1.591496,0.878226,0.849036,0.542327,1.364632,1.333886,1.07864,1.121835,0.66208,-1.790221,-2.256266,0.550003,-0.503565,0.332633,0.99397,1.680478,-2.017863,1.647682,-0.805966,-1.377857,1.197087,0.935841,2.184248,1.227863,1.221828,-1.240152,0.991131,1.45819,1.281496,2.34527,-0.802355,1.147004,1.191722,1.209561,-1.400259,1.068791,-2.054379,0.966606,1.153986,2.354381,1.570009,1.004701,0.908152,1.003349,-0.157684,-1.405834,0.764092,0.825116,0.640162,-1.560135,2.205923,0.590724,0.866448,0.379687,-2.026935,0.525983,0.749352,1.52017,-2.057066,-0.81365,1.107507,-1.860638,1.127911,0.451149,-0.606003,0.906483,0.82013,1.872619,1.438301,-1.097471,1.784294,0.851153,1.348353,1.231657,0.54357,-0.532639,0.935049,1.419533,1.30114,-0.977663,1.558102,1.388519,0.956486,1.072245,-1.277895,2.057488,-1.563186,0.963595,1.000722,-1.211603,-0.736076,-0.962907,0.674939,0.705133,1.57832,-1.923441,0.81134,0.585057,0.467461,-1.485352,1.183996,0.871703,1.778389,1.336227,1.283485,1.075455,1.195919,0.490121,0.510151,0.804531,1.541189,0.755417,1.026727,1.482487,2.046244,0.803155,0.674812,-2.165838,1.140741,-0.936093,1.458285,-2.804826,0.700886,1.14544,-1.162802,1.729601,-1.3622,0.753863,1.038379,-0.317856,1.60821,-1.696465,0.310269,0.656868,-0.293726
199.0,63.5,54.5,3.0,9.0,765.0,964.0,-1.167752,0.515915,-1.334225,0.354105,-1.207699,-1.31644,0.160896,-1.335433,-0.931896,0.322296,-1.385396,-0.430806,-1.353775,0.622119,-1.323667,-1.251617,0.778317,-1.231397,1.039144,-0.99598,-1.270777,0.618138,-1.26142,0.734247,0.443128,-0.960116,0.460223,-1.242808,-1.281624,-1.286913,-0.298364,0.481756,-1.262905,-1.25936,-1.235164,0.058293,0.929262,-1.257718,-1.372071,-1.231764,-1.233709,0.865917,-1.219173,-1.404943,-1.35257,-1.170401,0.783806,-1.179868,-1.106383,-1.474657,-0.935312,1.004917,-1.189362,0.972536,-1.815871,-1.268026,0.128308,-1.215914,0.945637,-1.579692,-1.173204,-1.161351,-1.297877,1.083191,-1.265019,0.453122,-1.430872,-1.054585,-1.261504,-1.157122,0.526805,-1.152909,-1.174203,-1.19814,-1.204326,1.003311,-1.270571,-1.272213,-1.182617,-1.229721,-1.166624,0.486491,-1.262866,-1.17013,-1.216074,-1.048061,0.928034,-1.267431,-1.071343,-1.259289,-1.13011,0.123747,-1.175507,1.239355,-1.29519,-1.26448,-1.229612,-1.153126,1.245602,-1.333386,0.088704,0.035521,-1.147256,-0.174494,-1.26966,-0.01115,-1.273067,-1.280469,-1.124114,-1.169723,0.456593,-1.407323,-0.699016,-1.251849,-1.158468,-0.512298,-1.269822,-1.259405,-1.187284,-1.171911,0.928819,-0.230069,-1.238665,-1.217606,-1.215031,-1.108217,-1.280727,-1.162414,-1.222705,-1.208153,0.984757,0.417064,-1.210605,-0.971897,-1.125227,-0.914046,-1.163566,0.366534,-1.203015,1.129729,0.952669,-1.165166,-1.143095,-0.753242,-1.219074,-1.476389,-0.745156,-1.121244,-1.025881,-1.151558,-0.759019,-0.986471,-1.140881,-1.118162,-1.122944,0.663007,-1.409688,-0.192695,-1.165826,-1.146031,-0.763698,-1.242222,-1.222933,-1.222809,-1.180436,1.423497,0.826898,-1.186111,-1.276115,-1.246893,1.287529,-1.189118,-1.177767,-1.324095,-1.189532,0.46532,-1.375185,-1.176741,-0.675394,0.081841,1.244811,-1.221939,1.07402,0.965652,-1.012289,1.543644,-0.78071,-1.178875,-0.946299,-1.071761,1.191488,-0.836483,-1.160663,-1.136147,-1.171431,0.699401,-1.270127,-1.201699,-1.174905,-1.107458,1.131587,-1.178433,-1.160731,-1.134268,-1.121126,1.170552,-0.366949,-1.369747,-1.256691,-1.234127,1.179326,1.041282,-1.165774,-1.307618,-1.271982,-0.644412,0.616539,-1.22095,-1.583865,-1.293855,-0.303869,-1.304584,-1.214558,-1.104256,-1.194224,-1.264474,-1.241072,-1.240754,0.178575,-1.215029,-1.223971,-1.095827,-1.358681,-0.51794,-1.166611,0.604703,-1.34497,-1.174221,0.287348,-1.142719,1.235043,-1.079796,0.197238,-1.22878,-1.141453,0.885161,-1.075255,-0.426129,-1.154947,-1.143364,1.273713,-1.117751,-0.990563,-1.396849,-1.306362,1.27022
199.0,68.0,55.0,7.0,4.0,7172.0,7371.0,-0.24853,-1.914973,1.001682,0.114723,0.186072,0.331305,-1.94272,1.051365,-0.510033,-1.229764,0.481622,-1.879346,0.73987,-2.083863,1.29808,0.635837,-1.772743,0.98416,-0.867284,0.950086,-0.256483,-1.877005,0.962214,-1.073586,-1.609101,0.145932,-0.470992,1.212054,1.192047,1.113644,-1.414185,-1.693232,0.968831,0.99535,1.144591,-1.798445,-1.701162,0.947666,0.638313,1.204434,0.696367,-1.667684,1.09357,0.872603,1.295753,1.260262,-1.743137,1.08594,0.903991,1.482189,-0.755053,-1.717178,1.0539,-1.227801,1.265856,0.361356,-1.883152,0.942316,-1.403968,1.560418,-0.662473,-0.923799,0.443007,-1.910405,1.488531,-1.929411,-0.134473,-2.105514,0.852664,1.302405,-1.138526,1.677015,1.309865,1.250379,1.180407,-2.019839,1.602943,0.917688,0.937119,0.758224,0.865387,-1.740229,0.6612,1.061871,0.93209,1.045643,-1.65448,0.521222,0.715093,0.958208,0.653562,-1.527879,0.931884,-1.255854,1.433184,0.736695,0.154263,1.030717,-1.21397,1.124497,-1.723858,-1.365436,1.028716,2.062802,1.287637,-1.88791,-0.099817,0.342744,1.336028,1.267607,-1.922833,-0.286512,-2.458877,0.76667,1.301539,-0.598784,1.295413,0.944323,1.033638,0.822077,-1.843568,-1.591496,0.878226,0.849036,0.542327,1.364632,1.333886,1.07864,1.121835,0.66208,-1.790221,-2.256266,0.550003,-0.503565,0.332633,0.99397,1.680478,-2.017863,1.647682,-0.805966,-1.377857,1.197087,0.935841,2.184248,1.227863,1.221828,-1.240152,0.991131,1.45819,1.281496,2.34527,-0.802355,1.147004,1.191722,1.209561,-1.400259,1.068791,-2.054379,0.966606,1.153986,2.354381,1.570009,1.004701,0.908152,1.003349,-0.157684,-1.405834,0.764092,0.825116,0.640162,-1.560135,2.205923,0.590724,0.866448,0.379687,-2.026935,0.525983,0.749352,1.52017,-2.057066,-0.81365,1.107507,-1.860638,1.127911,0.451149,-0.606003,0.906483,0.82013,1.872619,1.438301,-1.097471,1.784294,0.851153,1.348353,1.231657,0.54357,-0.532639,0.935049,1.419533,1.30114,-0.977663,1.558102,1.388519,0.956486,1.072245,-1.277895,2.057488,-1.563186,0.963595,1.000722,-1.211603,-0.736076,-0.962907,0.674939,0.705133,1.57832,-1.923441,0.81134,0.585057,0.467461,-1.485352,1.183996,0.871703,1.778389,1.336227,1.283485,1.075455,1.195919,0.490121,0.510151,0.804531,1.541189,0.755417,1.026727,1.482487,2.046244,0.803155,0.674812,-2.165838,1.140741,-0.936093,1.458285,-2.804826,0.700886,1.14544,-1.162802,1.729601,-1.3622,0.753863,1.038379,-0.317856,1.60821,-1.696465,0.310269,0.656868,-0.293726
166.0,92.8,81.0,2.0,2.0,50592.0,50758.0,-0.24853,-1.914973,1.001682,0.114723,0.186072,0.331305,-1.94272,1.051365,-0.510033,-1.229764,0.481622,-1.879346,0.73987,-2.083863,1.29808,0.635837,-1.772743,0.98416,-0.867284,0.950086,-0.256483,-1.877005,0.962214,-1.073586,-1.609101,0.145932,-0.470992,1.212054,1.192047,1.113644,-1.414185,-1.693232,0.968831,0.99535,1.144591,-1.798445,-1.701162,0.947666,0.638313,1.204434,0.696367,-1.667684,1.09357,0.872603,1.295753,1.260262,-1.743137,1.08594,0.903991,1.482189,-0.755053,-1.717178,1.0539,-1.227801,1.265856,0.361356,-1.883152,0.942316,-1.403968,1.560418,-0.662473,-0.923799,0.443007,-1.910405,1.488531,-1.929411,-0.134473,-2.105514,0.852664,1.302405,-1.138526,1.677015,1.309865,1.250379,1.180407,-2.019839,1.602943,0.917688,0.937119,0.758224,0.865387,-1.740229,0.6612,1.061871,0.93209,1.045643,-1.65448,0.521222,0.715093,0.958208,0.653562,-1.527879,0.931884,-1.255854,1.433184,0.736695,0.154263,1.030717,-1.21397,1.124497,-1.723858,-1.365436,1.028716,2.062802,1.287637,-1.88791,-0.099817,0.342744,1.336028,1.267607,-1.922833,-0.286512,-2.458877,0.76667,1.301539,-0.598784,1.295413,0.944323,1.033638,0.822077,-1.843568,-1.591496,0.878226,0.849036,0.542327,1.364632,1.333886,1.07864,1.121835,0.66208,-1.790221,-2.256266,0.550003,-0.503565,0.332633,0.99397,1.680478,-2.017863,1.647682,-0.805966,-1.377857,1.197087,0.935841,2.184248,1.227863,1.221828,-1.240152,0.991131,1.45819,1.281496,2.34527,-0.802355,1.147004,1.191722,1.209561,-1.400259,1.068791,-2.054379,0.966606,1.153986,2.354381,1.570009,1.004701,0.908152,1.003349,-0.157684,-1.405834,0.764092,0.825116,0.640162,-1.560135,2.205923,0.590724,0.866448,0.379687,-2.026935,0.525983,0.749352,1.52017,-2.057066,-0.81365,1.107507,-1.860638,1.127911,0.451149,-0.606003,0.906483,0.82013,1.872619,1.438301,-1.097471,1.784294,0.851153,1.348353,1.231657,0.54357,-0.532639,0.935049,1.419533,1.30114,-0.977663,1.558102,1.388519,0.956486,1.072245,-1.277895,2.057488,-1.563186,0.963595,1.000722,-1.211603,-0.736076,-0.962907,0.674939,0.705133,1.57832,-1.923441,0.81134,0.585057,0.467461,-1.485352,1.183996,0.871703,1.778389,1.336227,1.283485,1.075455,1.195919,0.490121,0.510151,0.804531,1.541189,0.755417,1.026727,1.482487,2.046244,0.803155,0.674812,-2.165838,1.140741,-0.936093,1.458285,-2.804826,0.700886,1.14544,-1.162802,1.729601,-1.3622,0.753863,1.038379,-0.317856,1.60821,-1.696465,0.310269,0.656868,-0.293726
333.0,89.0,73.3,10.0,5.0,50758.0,51091.0,-0.477519,0.4486,-0.833086,-0.735729,0.003455,-0.473972,0.387795,-0.877854,-0.683911,0.661831,-0.603771,0.29136,-0.832747,0.486015,-0.636329,-0.535609,0.753315,-0.759114,0.217813,-0.256242,-0.153014,0.808805,-0.784475,-0.059753,0.894835,-0.268744,0.798948,-0.676994,-0.553134,-0.546158,0.290242,1.078843,-0.680653,-0.446395,-0.544032,0.516497,0.890108,-0.69542,-0.565569,-0.410949,-0.459131,0.945733,-0.735169,-1.329618,-0.322373,-0.485354,1.017265,-0.750696,-1.591038,-0.311008,-0.162134,0.933498,-0.78156,0.33015,0.102513,-0.330013,0.752236,-0.76876,0.710403,-0.273338,-0.04654,-0.06892,-0.761229,1.281336,-0.364085,0.507083,-0.203894,-0.435433,-0.103263,-0.513564,0.955135,-0.644578,-0.746049,-0.54616,-0.544726,0.808631,-0.619403,-0.620884,-0.335371,-0.32204,-0.154709,1.188234,-0.653056,-0.398064,-0.327303,-0.353766,0.99361,-0.67479,-0.046068,-0.217571,-0.232487,1.233211,-0.722645,0.407634,-0.531168,-0.559599,-0.080542,-0.778176,0.780457,-0.318787,0.965444,0.95372,-0.825627,-0.229411,-0.413134,0.661659,-0.217846,-0.678886,-0.413343,-0.466858,0.512161,-0.129461,-0.148678,-0.04952,-0.508161,0.396275,-0.570216,-0.560414,-0.376009,-0.266812,0.902617,1.062113,-0.754879,-0.25655,-0.116798,-0.72877,-0.41571,-0.727192,-0.380709,-0.143892,0.64784,0.923351,-0.678288,0.131272,-0.280345,-1.465528,-0.723787,0.7587,-0.797808,0.492654,0.476756,-0.553188,-0.671612,-0.544621,-0.462442,-0.561065,0.854788,-0.474885,-0.567323,-0.467505,-1.170492,0.276938,-0.536023,-0.364999,-0.44139,0.264439,-0.502082,1.038398,-0.199392,-0.379613,-0.560483,-0.628015,-0.659104,-0.421861,-0.345854,0.03848,0.757238,-1.004835,-0.493023,-0.297915,1.006595,-0.07941,-0.907961,-0.670988,-0.191441,0.939366,-0.716393,-0.759895,-0.976604,0.923416,0.158455,-0.067762,0.928263,-0.2466,0.110273,0.504845,-1.025262,-0.487822,-0.830369,-0.598231,0.83979,0.038392,-0.389852,-0.643802,-0.468721,-0.81056,0.060549,-0.479624,-0.69144,-0.477803,0.332251,-0.751208,-0.666246,-0.241991,-0.339482,0.74751,0.034775,-0.329738,-0.519793,-0.461937,0.78852,0.740415,-1.569549,-0.404731,-0.288932,-0.646427,1.011355,-1.042317,-0.809021,-0.228334,0.608174,-0.66502,-1.053605,-1.057804,-0.548215,-0.645903,-0.494081,-0.714542,-0.219744,0.053964,-0.393775,-0.745834,-0.564468,-1.077968,-0.660031,0.069408,-0.691235,-0.277126,1.32716,-0.31943,0.299756,-0.819189,0.823359,-0.132885,-0.361741,0.143057,-0.903287,-0.027826,-0.130059,-0.297298,0.557002,-0.743917,0.155023,-0.310672,-0.335865,0.556433
99.0,84.0,72.0,2.0,1.0,51091.0,51190.0,-0.24853,-1.914973,1.001682,0.114723,0.186072,0.331305,-1.94272,1.051365,-0.510033,-1.229764,0.481622,-1.879346,0.73987,-2.083863,1.29808,0.635837,-1.772743,0.98416,-0.867284,0.950086,-0.256483,-1.877005,0.962214,-1.073586,-1.609101,0.145932,-0.470992,1.212054,1.192047,1.113644,-1.414185,-1.693232,0.968831,0.99535,1.144591,-1.798445,-1.701162,0.947666,0.638313,1.204434,0.696367,-1.667684,1.09357,0.872603,1.295753,1.260262,-1.743137,1.08594,0.903991,1.482189,-0.755053,-1.717178,1.0539,-1.227801,1.265856,0.361356,-1.883152,0.942316,-1.403968,1.560418,-0.662473,-0.923799,0.443007,-1.910405,1.488531,-1.929411,-0.134473,-2.105514,0.852664,1.302405,-1.138526,1.677015,1.309865,1.250379,1.180407,-2.019839,1.602943,0.917688,0.937119,0.758224,0.865387,-1.740229,0.6612,1.061871,0.93209,1.045643,-1.65448,0.521222,0.715093,0.958208,0.653562,-1.527879,0.931884,-1.255854,1.433184,0.736695,0.154263,1.030717,-1.21397,1.124497,-1.723858,-1.365436,1.028716,2.062802,1.287637,-1.88791,-0.099817,0.342744,1.336028,1.267607,-1.922833,-0.286512,-2.458877,0.76667,1.301539,-0.598784,1.295413,0.944323,1.033638,0.822077,-1.843568,-1.591496,0.878226,0.849036,0.542327,1.364632,1.333886,1.07864,1.121835,0.66208,-1.790221,-2.256266,0.550003,-0.503565,0.332633,0.99397,1.680478,-2.017863,1.647682,-0.805966,-1.377857,1.197087,0.935841,2.184248,1.227863,1.221828,-1.240152,0.991131,1.45819,1.281496,2.34527,-0.802355,1.147004,1.191722,1.209561,-1.400259,1.068791,-2.054379,0.966606,1.153986,2.354381,1.570009,1.004701,0.908152,1.003349,-0.157684,-1.405834,0.764092,0.825116,0.640162,-1.560135,2.205923,0.590724,0.866448,0.379687,-2.026935,0.525983,0.749352,1.52017,-2.057066,-0.81365,1.107507,-1.860638,1.127911,0.451149,-0.606003,0.906483,0.82013,1.872619,1.438301,-1.097471,1.784294,0.851153,1.348353,1.231657,0.54357,-0.532639,0.935049,1.419533,1.30114,-0.977663,1.558102,1.388519,0.956486,1.072245,-1.277895,2.057488,-1.563186,0.963595,1.000722,-1.211603,-0.736076,-0.962907,0.674939,0.705133,1.57832,-1.923441,0.81134,0.585057,0.467461,-1.485352,1.183996,0.871703,1.778389,1.336227,1.283485,1.075455,1.195919,0.490121,0.510151,0.804531,1.541189,0.755417,1.026727,1.482487,2.046244,0.803155,0.674812,-2.165838,1.140741,-0.936093,1.458285,-2.804826,0.700886,1.14544,-1.162802,1.729601,-1.3622,0.753863,1.038379,-0.317856,1.60821,-1.696465,0.310269,0.656868,-0.293726
99.0,81.7,70.3,3.0,3.0,51190.0,51289.0,-0.24853,-1.914973,1.001682,0.114723,0.186072,0.331305,-1.94272,1.051365,-0.510033,-1.229764,0.481622,-1.879346,0.73987,-2.083863,1.29808,0.635837,-1.772743,0.98416,-0.867284,0.950086,-0.256483,-1.877005,0.962214,-1.073586,-1.609101,0.145932,-0.470992,1.212054,1.192047,1.113644,-1.414185,-1.693232,0.968831,0.99535,1.144591,-1.798445,-1.701162,0.947666,0.638313,1.204434,0.696367,-1.667684,1.09357,0.872603,1.295753,1.260262,-1.743137,1.08594,0.903991,1.482189,-0.755053,-1.717178,1.0539,-1.227801,1.265856,0.361356,-1.883152,0.942316,-1.403968,1.560418,-0.662473,-0.923799,0.443007,-1.910405,1.488531,-1.929411,-0.134473,-2.105514,0.852664,1.302405,-1.138526,1.677015,1.309865,1.250379,1.180407,-2.019839,1.602943,0.917688,0.937119,0.758224,0.865387,-1.740229,0.6612,1.061871,0.93209,1.045643,-1.65448,0.521222,0.715093,0.958208,0.653562,-1.527879,0.931884,-1.255854,1.433184,0.736695,0.154263,1.030717,-1.21397,1.124497,-1.723858,-1.365436,1.028716,2.062802,1.287637,-1.88791,-0.099817,0.342744,1.336028,1.267607,-1.922833,-0.286512,-2.458877,0.76667,1.301539,-0.598784,1.295413,0.944323,1.033638,0.822077,-1.843568,-1.591496,0.878226,0.849036,0.542327,1.364632,1.333886,1.07864,1.121835,0.66208,-1.790221,-2.256266,0.550003,-0.503565,0.332633,0.99397,1.680478,-2.017863,1.647682,-0.805966,-1.377857,1.197087,0.935841,2.184248,1.227863,1.221828,-1.240152,0.991131,1.45819,1.281496,2.34527,-0.802355,1.147004,1.191722,1.209561,-1.400259,1.068791,-2.054379,0.966606,1.153986,2.354381,1.570009,1.004701,0.908152,1.003349,-0.157684,-1.405834,0.764092,0.825116,0.640162,-1.560135,2.205923,0.590724,0.866448,0.379687,-2.026935,0.525983,0.749352,1.52017,-2.057066,-0.81365,1.107507,-1.860638,1.127911,0.451149,-0.606003,0.906483,0.82013,1.872619,1.438301,-1.097471,1.784294,0.851153,1.348353,1.231657,0.54357,-0.532639,0.935049,1.419533,1.30114,-0.977663,1.558102,1.388519,0.956486,1.072245,-1.277895,2.057488,-1.563186,0.963595,1.000722,-1.211603,-0.736076,-0.962907,0.674939,0.705133,1.57832,-1.923441,0.81134,0.585057,0.467461,-1.485352,1.183996,0.871703,1.778389,1.336227,1.283485,1.075455,1.195919,0.490121,0.510151,0.804531,1.541189,0.755417,1.026727,1.482487,2.046244,0.803155,0.674812,-2.165838,1.140741,-0.936093,1.458285,-2.804826,0.700886,1.14544,-1.162802,1.729601,-1.3622,0.753863,1.038379,-0.317856,1.60821,-1.696465,0.310269,0.656868,-0.293726
299.0,79.2,65.0,9.0,3.0,51289.0,51588.0,-0.24853,-1.914973,1.001682,0.114723,0.186072,0.331305,-1.94272,1.051365,-0.510033,-1.229764,0.481622,-1.879346,0.73987,-2.083863,1.29808,0.635837,-1.772743,0.98416,-0.867284,0.950086,-0.256483,-1.877005,0.962214,-1.073586,-1.609101,0.145932,-0.470992,1.212054,1.192047,1.113644,-1.414185,-1.693232,0.968831,0.99535,1.144591,-1.798445,-1.701162,0.947666,0.638313,1.204434,0.696367,-1.667684,1.09357,0.872603,1.295753,1.260262,-1.743137,1.08594,0.903991,1.482189,-0.755053,-1.717178,1.0539,-1.227801,1.265856,0.361356,-1.883152,0.942316,-1.403968,1.560418,-0.662473,-0.923799,0.443007,-1.910405,1.488531,-1.929411,-0.134473,-2.105514,0.852664,1.302405,-1.138526,1.677015,1.309865,1.250379,1.180407,-2.019839,1.602943,0.917688,0.937119,0.758224,0.865387,-1.740229,0.6612,1.061871,0.93209,1.045643,-1.65448,0.521222,0.715093,0.958208,0.653562,-1.527879,0.931884,-1.255854,1.433184,0.736695,0.154263,1.030717,-1.21397,1.124497,-1.723858,-1.365436,1.028716,2.062802,1.287637,-1.88791,-0.099817,0.342744,1.336028,1.267607,-1.922833,-0.286512,-2.458877,0.76667,1.301539,-0.598784,1.295413,0.944323,1.033638,0.822077,-1.843568,-1.591496,0.878226,0.849036,0.542327,1.364632,1.333886,1.07864,1.121835,0.66208,-1.790221,-2.256266,0.550003,-0.503565,0.332633,0.99397,1.680478,-2.017863,1.647682,-0.805966,-1.377857,1.197087,0.935841,2.184248,1.227863,1.221828,-1.240152,0.991131,1.45819,1.281496,2.34527,-0.802355,1.147004,1.191722,1.209561,-1.400259,1.068791,-2.054379,0.966606,1.153986,2.354381,1.570009,1.004701,0.908152,1.003349,-0.157684,-1.405834,0.764092,0.825116,0.640162,-1.560135,2.205923,0.590724,0.866448,0.379687,-2.026935,0.525983,0.749352,1.52017,-2.057066,-0.81365,1.107507,-1.860638,1.127911,0.451149,-0.606003,0.906483,0.82013,1.872619,1.438301,-1.097471,1.784294,0.851153,1.348353,1.231657,0.54357,-0.532639,0.935049,1.419533,1.30114,-0.977663,1.558102,1.388519,0.956486,1.072245,-1.277895,2.057488,-1.563186,0.963595,1.000722,-1.211603,-0.736076,-0.962907,0.674939,0.705133,1.57832,-1.923441,0.81134,0.585057,0.467461,-1.485352,1.183996,0.871703,1.778389,1.336227,1.283485,1.075455,1.195919,0.490121,0.510151,0.804531,1.541189,0.755417,1.026727,1.482487,2.046244,0.803155,0.674812,-2.165838,1.140741,-0.936093,1.458285,-2.804826,0.700886,1.14544,-1.162802,1.729601,-1.3622,0.753863,1.038379,-0.317856,1.60821,-1.696465,0.310269,0.656868,-0.293726
199.0,78.8,64.8,14.0,10.0,51588.0,51787.0,-0.24853,-1.914973,1.001682,0.114723,0.186072,0.331305,-1.94272,1.051365,-0.510033,-1.229764,0.481622,-1.879346,0.73987,-2.083863,1.29808,0.635837,-1.772743,0.98416,-0.867284,0.950086,-0.256483,-1.877005,0.962214,-1.073586,-1.609101,0.145932,-0.470992,1.212054,1.192047,1.113644,-1.414185,-1.693232,0.968831,0.99535,1.144591,-1.798445,-1.701162,0.947666,0.638313,1.204434,0.696367,-1.667684,1.09357,0.872603,1.295753,1.260262,-1.743137,1.08594,0.903991,1.482189,-0.755053,-1.717178,1.0539,-1.227801,1.265856,0.361356,-1.883152,0.942316,-1.403968,1.560418,-0.662473,-0.923799,0.443007,-1.910405,1.488531,-1.929411,-0.134473,-2.105514,0.852664,1.302405,-1.138526,1.677015,1.309865,1.250379,1.180407,-2.019839,1.602943,0.917688,0.937119,0.758224,0.865387,-1.740229,0.6612,1.061871,0.93209,1.045643,-1.65448,0.521222,0.715093,0.958208,0.653562,-1.527879,0.931884,-1.255854,1.433184,0.736695,0.154263,1.030717,-1.21397,1.124497,-1.723858,-1.365436,1.028716,2.062802,1.287637,-1.88791,-0.099817,0.342744,1.336028,1.267607,-1.922833,-0.286512,-2.458877,0.76667,1.301539,-0.598784,1.295413,0.944323,1.033638,0.822077,-1.843568,-1.591496,0.878226,0.849036,0.542327,1.364632,1.333886,1.07864,1.121835,0.66208,-1.790221,-2.256266,0.550003,-0.503565,0.332633,0.99397,1.680478,-2.017863,1.647682,-0.805966,-1.377857,1.197087,0.935841,2.184248,1.227863,1.221828,-1.240152,0.991131,1.45819,1.281496,2.34527,-0.802355,1.147004,1.191722,1.209561,-1.400259,1.068791,-2.054379,0.966606,1.153986,2.354381,1.570009,1.004701,0.908152,1.003349,-0.157684,-1.405834,0.764092,0.825116,0.640162,-1.560135,2.205923,0.590724,0.866448,0.379687,-2.026935,0.525983,0.749352,1.52017,-2.057066,-0.81365,1.107507,-1.860638,1.127911,0.451149,-0.606003,0.906483,0.82013,1.872619,1.438301,-1.097471,1.784294,0.851153,1.348353,1.231657,0.54357,-0.532639,0.935049,1.419533,1.30114,-0.977663,1.558102,1.388519,0.956486,1.072245,-1.277895,2.057488,-1.563186,0.963595,1.000722,-1.211603,-0.736076,-0.962907,0.674939,0.705133,1.57832,-1.923441,0.81134,0.585057,0.467461,-1.485352,1.183996,0.871703,1.778389,1.336227,1.283485,1.075455,1.195919,0.490121,0.510151,0.804531,1.541189,0.755417,1.026727,1.482487,2.046244,0.803155,0.674812,-2.165838,1.140741,-0.936093,1.458285,-2.804826,0.700886,1.14544,-1.162802,1.729601,-1.3622,0.753863,1.038379,-0.317856,1.60821,-1.696465,0.310269,0.656868,-0.293726
265.0,78.8,66.8,15.0,19.0,51787.0,52052.0,-0.24853,-1.914973,1.001682,0.114723,0.186072,0.331305,-1.94272,1.051365,-0.510033,-1.229764,0.481622,-1.879346,0.73987,-2.083863,1.29808,0.635837,-1.772743,0.98416,-0.867284,0.950086,-0.256483,-1.877005,0.962214,-1.073586,-1.609101,0.145932,-0.470992,1.212054,1.192047,1.113644,-1.414185,-1.693232,0.968831,0.99535,1.144591,-1.798445,-1.701162,0.947666,0.638313,1.204434,0.696367,-1.667684,1.09357,0.872603,1.295753,1.260262,-1.743137,1.08594,0.903991,1.482189,-0.755053,-1.717178,1.0539,-1.227801,1.265856,0.361356,-1.883152,0.942316,-1.403968,1.560418,-0.662473,-0.923799,0.443007,-1.910405,1.488531,-1.929411,-0.134473,-2.105514,0.852664,1.302405,-1.138526,1.677015,1.309865,1.250379,1.180407,-2.019839,1.602943,0.917688,0.937119,0.758224,0.865387,-1.740229,0.6612,1.061871,0.93209,1.045643,-1.65448,0.521222,0.715093,0.958208,0.653562,-1.527879,0.931884,-1.255854,1.433184,0.736695,0.154263,1.030717,-1.21397,1.124497,-1.723858,-1.365436,1.028716,2.062802,1.287637,-1.88791,-0.099817,0.342744,1.336028,1.267607,-1.922833,-0.286512,-2.458877,0.76667,1.301539,-0.598784,1.295413,0.944323,1.033638,0.822077,-1.843568,-1.591496,0.878226,0.849036,0.542327,1.364632,1.333886,1.07864,1.121835,0.66208,-1.790221,-2.256266,0.550003,-0.503565,0.332633,0.99397,1.680478,-2.017863,1.647682,-0.805966,-1.377857,1.197087,0.935841,2.184248,1.227863,1.221828,-1.240152,0.991131,1.45819,1.281496,2.34527,-0.802355,1.147004,1.191722,1.209561,-1.400259,1.068791,-2.054379,0.966606,1.153986,2.354381,1.570009,1.004701,0.908152,1.003349,-0.157684,-1.405834,0.764092,0.825116,0.640162,-1.560135,2.205923,0.590724,0.866448,0.379687,-2.026935,0.525983,0.749352,1.52017,-2.057066,-0.81365,1.107507,-1.860638,1.127911,0.451149,-0.606003,0.906483,0.82013,1.872619,1.438301,-1.097471,1.784294,0.851153,1.348353,1.231657,0.54357,-0.532639,0.935049,1.419533,1.30114,-0.977663,1.558102,1.388519,0.956486,1.072245,-1.277895,2.057488,-1.563186,0.963595,1.000722,-1.211603,-0.736076,-0.962907,0.674939,0.705133,1.57832,-1.923441,0.81134,0.585057,0.467461,-1.485352,1.183996,0.871703,1.778389,1.336227,1.283485,1.075455,1.195919,0.490121,0.510151,0.804531,1.541189,0.755417,1.026727,1.482487,2.046244,0.803155,0.674812,-2.165838,1.140741,-0.936093,1.458285,-2.804826,0.700886,1.14544,-1.162802,1.729601,-1.3622,0.753863,1.038379,-0.317856,1.60821,-1.696465,0.310269,0.656868,-0.293726
133.0,79.5,66.3,5.0,5.0,52052.0,52185.0,-0.24853,-1.914973,1.001682,0.114723,0.186072,0.331305,-1.94272,1.051365,-0.510033,-1.229764,0.481622,-1.879346,0.73987,-2.083863,1.29808,0.635837,-1.772743,0.98416,-0.867284,0.950086,-0.256483,-1.877005,0.962214,-1.073586,-1.609101,0.145932,-0.470992,1.212054,1.192047,1.113644,-1.414185,-1.693232,0.968831,0.99535,1.144591,-1.798445,-1.701162,0.947666,0.638313,1.204434,0.696367,-1.667684,1.09357,0.872603,1.295753,1.260262,-1.743137,1.08594,0.903991,1.482189,-0.755053,-1.717178,1.0539,-1.227801,1.265856,0.361356,-1.883152,0.942316,-1.403968,1.560418,-0.662473,-0.923799,0.443007,-1.910405,1.488531,-1.929411,-0.134473,-2.105514,0.852664,1.302405,-1.138526,1.677015,1.309865,1.250379,1.180407,-2.019839,1.602943,0.917688,0.937119,0.758224,0.865387,-1.740229,0.6612,1.061871,0.93209,1.045643,-1.65448,0.521222,0.715093,0.958208,0.653562,-1.527879,0.931884,-1.255854,1.433184,0.736695,0.154263,1.030717,-1.21397,1.124497,-1.723858,-1.365436,1.028716,2.062802,1.287637,-1.88791,-0.099817,0.342744,1.336028,1.267607,-1.922833,-0.286512,-2.458877,0.76667,1.301539,-0.598784,1.295413,0.944323,1.033638,0.822077,-1.843568,-1.591496,0.878226,0.849036,0.542327,1.364632,1.333886,1.07864,1.121835,0.66208,-1.790221,-2.256266,0.550003,-0.503565,0.332633,0.99397,1.680478,-2.017863,1.647682,-0.805966,-1.377857,1.197087,0.935841,2.184248,1.227863,1.221828,-1.240152,0.991131,1.45819,1.281496,2.34527,-0.802355,1.147004,1.191722,1.209561,-1.400259,1.068791,-2.054379,0.966606,1.153986,2.354381,1.570009,1.004701,0.908152,1.003349,-0.157684,-1.405834,0.764092,0.825116,0.640162,-1.560135,2.205923,0.590724,0.866448,0.379687,-2.026935,0.525983,0.749352,1.52017,-2.057066,-0.81365,1.107507,-1.860638,1.127911,0.451149,-0.606003,0.906483,0.82013,1.872619,1.438301,-1.097471,1.784294,0.851153,1.348353,1.231657,0.54357,-0.532639,0.935049,1.419533,1.30114,-0.977663,1.558102,1.388519,0.956486,1.072245,-1.277895,2.057488,-1.563186,0.963595,1.000722,-1.211603,-0.736076,-0.962907,0.674939,0.705133,1.57832,-1.923441,0.81134,0.585057,0.467461,-1.485352,1.183996,0.871703,1.778389,1.336227,1.283485,1.075455,1.195919,0.490121,0.510151,0.804531,1.541189,0.755417,1.026727,1.482487,2.046244,0.803155,0.674812,-2.165838,1.140741,-0.936093,1.458285,-2.804826,0.700886,1.14544,-1.162802,1.729601,-1.3622,0.753863,1.038379,-0.317856,1.60821,-1.696465,0.310269,0.656868,-0.293726
66.0,82.0,69.5,2.0,4.0,52185.0,52251.0,-0.24853,-1.914973,1.001682,0.114723,0.186072,0.331305,-1.94272,1.051365,-0.510033,-1.229764,0.481622,-1.879346,0.73987,-2.083863,1.29808,0.635837,-1.772743,0.98416,-0.867284,0.950086,-0.256483,-1.877005,0.962214,-1.073586,-1.609101,0.145932,-0.470992,1.212054,1.192047,1.113644,-1.414185,-1.693232,0.968831,0.99535,1.144591,-1.798445,-1.701162,0.947666,0.638313,1.204434,0.696367,-1.667684,1.09357,0.872603,1.295753,1.260262,-1.743137,1.08594,0.903991,1.482189,-0.755053,-1.717178,1.0539,-1.227801,1.265856,0.361356,-1.883152,0.942316,-1.403968,1.560418,-0.662473,-0.923799,0.443007,-1.910405,1.488531,-1.929411,-0.134473,-2.105514,0.852664,1.302405,-1.138526,1.677015,1.309865,1.250379,1.180407,-2.019839,1.602943,0.917688,0.937119,0.758224,0.865387,-1.740229,0.6612,1.061871,0.93209,1.045643,-1.65448,0.521222,0.715093,0.958208,0.653562,-1.527879,0.931884,-1.255854,1.433184,0.736695,0.154263,1.030717,-1.21397,1.124497,-1.723858,-1.365436,1.028716,2.062802,1.287637,-1.88791,-0.099817,0.342744,1.336028,1.267607,-1.922833,-0.286512,-2.458877,0.76667,1.301539,-0.598784,1.295413,0.944323,1.033638,0.822077,-1.843568,-1.591496,0.878226,0.849036,0.542327,1.364632,1.333886,1.07864,1.121835,0.66208,-1.790221,-2.256266,0.550003,-0.503565,0.332633,0.99397,1.680478,-2.017863,1.647682,-0.805966,-1.377857,1.197087,0.935841,2.184248,1.227863,1.221828,-1.240152,0.991131,1.45819,1.281496,2.34527,-0.802355,1.147004,1.191722,1.209561,-1.400259,1.068791,-2.054379,0.966606,1.153986,2.354381,1.570009,1.004701,0.908152,1.003349,-0.157684,-1.405834,0.764092,0.825116,0.640162,-1.560135,2.205923,0.590724,0.866448,0.379687,-2.026935,0.525983,0.749352,1.52017,-2.057066,-0.81365,1.107507,-1.860638,1.127911,0.451149,-0.606003,0.906483,0.82013,1.872619,1.438301,-1.097471,1.784294,0.851153,1.348353,1.231657,0.54357,-0.532639,0.935049,1.419533,1.30114,-0.977663,1.558102,1.388519,0.956486,1.072245,-1.277895,2.057488,-1.563186,0.963595,1.000722,-1.211603,-0.736076,-0.962907,0.674939,0.705133,1.57832,-1.923441,0.81134,0.585057,0.467461,-1.485352,1.183996,0.871703,1.778389,1.336227,1.283485,1.075455,1.195919,0.490121,0.510151,0.804531,1.541189,0.755417,1.026727,1.482487,2.046244,0.803155,0.674812,-2.165838,1.140741,-0.936093,1.458285,-2.804826,0.700886,1.14544,-1.162802,1.729601,-1.3622,0.753863,1.038379,-0.317856,1.60821,-1.696465,0.310269,0.656868,-0.293726
366.0,85.5,73.2,10.0,15.0,52251.0,52617.0,-0.24853,-1.914973,1.001682,0.114723,0.186072,0.331305,-1.94272,1.051365,-0.510033,-1.229764,0.481622,-1.879346,0.73987,-2.083863,1.29808,0.635837,-1.772743,0.98416,-0.867284,0.950086,-0.256483,-1.877005,0.962214,-1.073586,-1.609101,0.145932,-0.470992,1.212054,1.192047,1.113644,-1.414185,-1.693232,0.968831,0.99535,1.144591,-1.798445,-1.701162,0.947666,0.638313,1.204434,0.696367,-1.667684,1.09357,0.872603,1.295753,1.260262,-1.743137,1.08594,0.903991,1.482189,-0.755053,-1.717178,1.0539,-1.227801,1.265856,0.361356,-1.883152,0.942316,-1.403968,1.560418,-0.662473,-0.923799,0.443007,-1.910405,1.488531,-1.929411,-0.134473,-2.105514,0.852664,1.302405,-1.138526,1.677015,1.309865,1.250379,1.180407,-2.019839,1.602943,0.917688,0.937119,0.758224,0.865387,-1.740229,0.6612,1.061871,0.93209,1.045643,-1.65448,0.521222,0.715093,0.958208,0.653562,-1.527879,0.931884,-1.255854,1.433184,0.736695,0.154263,1.030717,-1.21397,1.124497,-1.723858,-1.365436,1.028716,2.062802,1.287637,-1.88791,-0.099817,0.342744,1.336028,1.267607,-1.922833,-0.286512,-2.458877,0.76667,1.301539,-0.598784,1.295413,0.944323,1.033638,0.822077,-1.843568,-1.591496,0.878226,0.849036,0.542327,1.364632,1.333886,1.07864,1.121835,0.66208,-1.790221,-2.256266,0.550003,-0.503565,0.332633,0.99397,1.680478,-2.017863,1.647682,-0.805966,-1.377857,1.197087,0.935841,2.184248,1.227863,1.221828,-1.240152,0.991131,1.45819,1.281496,2.34527,-0.802355,1.147004,1.191722,1.209561,-1.400259,1.068791,-2.054379,0.966606,1.153986,2.354381,1.570009,1.004701,0.908152,1.003349,-0.157684,-1.405834,0.764092,0.825116,0.640162,-1.560135,2.205923,0.590724,0.866448,0.379687,-2.026935,0.525983,0.749352,1.52017,-2.057066,-0.81365,1.107507,-1.860638,1.127911,0.451149,-0.606003,0.906483,0.82013,1.872619,1.438301,-1.097471,1.784294,0.851153,1.348353,1.231657,0.54357,-0.532639,0.935049,1.419533,1.30114,-0.977663,1.558102,1.388519,0.956486,1.072245,-1.277895,2.057488,-1.563186,0.963595,1.000722,-1.211603,-0.736076,-0.962907,0.674939,0.705133,1.57832,-1.923441,0.81134,0.585057,0.467461,-1.485352,1.183996,0.871703,1.778389,1.336227,1.283485,1.075455,1.195919,0.490121,0.510151,0.804531,1.541189,0.755417,1.026727,1.482487,2.046244,0.803155,0.674812,-2.165838,1.140741,-0.936093,1.458285,-2.804826,0.700886,1.14544,-1.162802,1.729601,-1.3622,0.753863,1.038379,-0.317856,1.60821,-1.696465,0.310269,0.656868,-0.293726
133.0,67.8,55.0,5.0,2.0,7371.0,7504.0,-0.24853,-1.914973,1.001682,0.114723,0.186072,0.331305,-1.94272,1.051365,-0.510033,-1.229764,0.481622,-1.879346,0.73987,-2.083863,1.29808,0.635837,-1.772743,0.98416,-0.867284,0.950086,-0.256483,-1.877005,0.962214,-1.073586,-1.609101,0.145932,-0.470992,1.212054,1.192047,1.113644,-1.414185,-1.693232,0.968831,0.99535,1.144591,-1.798445,-1.701162,0.947666,0.638313,1.204434,0.696367,-1.667684,1.09357,0.872603,1.295753,1.260262,-1.743137,1.08594,0.903991,1.482189,-0.755053,-1.717178,1.0539,-1.227801,1.265856,0.361356,-1.883152,0.942316,-1.403968,1.560418,-0.662473,-0.923799,0.443007,-1.910405,1.488531,-1.929411,-0.134473,-2.105514,0.852664,1.302405,-1.138526,1.677015,1.309865,1.250379,1.180407,-2.019839,1.602943,0.917688,0.937119,0.758224,0.865387,-1.740229,0.6612,1.061871,0.93209,1.045643,-1.65448,0.521222,0.715093,0.958208,0.653562,-1.527879,0.931884,-1.255854,1.433184,0.736695,0.154263,1.030717,-1.21397,1.124497,-1.723858,-1.365436,1.028716,2.062802,1.287637,-1.88791,-0.099817,0.342744,1.336028,1.267607,-1.922833,-0.286512,-2.458877,0.76667,1.301539,-0.598784,1.295413,0.944323,1.033638,0.822077,-1.843568,-1.591496,0.878226,0.849036,0.542327,1.364632,1.333886,1.07864,1.121835,0.66208,-1.790221,-2.256266,0.550003,-0.503565,0.332633,0.99397,1.680478,-2.017863,1.647682,-0.805966,-1.377857,1.197087,0.935841,2.184248,1.227863,1.221828,-1.240152,0.991131,1.45819,1.281496,2.34527,-0.802355,1.147004,1.191722,1.209561,-1.400259,1.068791,-2.054379,0.966606,1.153986,2.354381,1.570009,1.004701,0.908152,1.003349,-0.157684,-1.405834,0.764092,0.825116,0.640162,-1.560135,2.205923,0.590724,0.866448,0.379687,-2.026935,0.525983,0.749352,1.52017,-2.057066,-0.81365,1.107507,-1.860638,1.127911,0.451149,-0.606003,0.906483,0.82013,1.872619,1.438301,-1.097471,1.784294,0.851153,1.348353,1.231657,0.54357,-0.532639,0.935049,1.419533,1.30114,-0.977663,1.558102,1.388519,0.956486,1.072245,-1.277895,2.057488,-1.563186,0.963595,1.000722,-1.211603,-0.736076,-0.962907,0.674939,0.705133,1.57832,-1.923441,0.81134,0.585057,0.467461,-1.485352,1.183996,0.871703,1.778389,1.336227,1.283485,1.075455,1.195919,0.490121,0.510151,0.804531,1.541189,0.755417,1.026727,1.482487,2.046244,0.803155,0.674812,-2.165838,1.140741,-0.936093,1.458285,-2.804826,0.700886,1.14544,-1.162802,1.729601,-1.3622,0.753863,1.038379,-0.317856,1.60821,-1.696465,0.310269,0.656868,-0.293726
165.0,83.8,67.2,10.0,5.0,52617.0,52782.0,-0.24853,-1.914973,1.001682,0.114723,0.186072,0.331305,-1.94272,1.051365,-0.510033,-1.229764,0.481622,-1.879346,0.73987,-2.083863,1.29808,0.635837,-1.772743,0.98416,-0.867284,0.950086,-0.256483,-1.877005,0.962214,-1.073586,-1.609101,0.145932,-0.470992,1.212054,1.192047,1.113644,-1.414185,-1.693232,0.968831,0.99535,1.144591,-1.798445,-1.701162,0.947666,0.638313,1.204434,0.696367,-1.667684,1.09357,0.872603,1.295753,1.260262,-1.743137,1.08594,0.903991,1.482189,-0.755053,-1.717178,1.0539,-1.227801,1.265856,0.361356,-1.883152,0.942316,-1.403968,1.560418,-0.662473,-0.923799,0.443007,-1.910405,1.488531,-1.929411,-0.134473,-2.105514,0.852664,1.302405,-1.138526,1.677015,1.309865,1.250379,1.180407,-2.019839,1.602943,0.917688,0.937119,0.758224,0.865387,-1.740229,0.6612,1.061871,0.93209,1.045643,-1.65448,0.521222,0.715093,0.958208,0.653562,-1.527879,0.931884,-1.255854,1.433184,0.736695,0.154263,1.030717,-1.21397,1.124497,-1.723858,-1.365436,1.028716,2.062802,1.287637,-1.88791,-0.099817,0.342744,1.336028,1.267607,-1.922833,-0.286512,-2.458877,0.76667,1.301539,-0.598784,1.295413,0.944323,1.033638,0.822077,-1.843568,-1.591496,0.878226,0.849036,0.542327,1.364632,1.333886,1.07864,1.121835,0.66208,-1.790221,-2.256266,0.550003,-0.503565,0.332633,0.99397,1.680478,-2.017863,1.647682,-0.805966,-1.377857,1.197087,0.935841,2.184248,1.227863,1.221828,-1.240152,0.991131,1.45819,1.281496,2.34527,-0.802355,1.147004,1.191722,1.209561,-1.400259,1.068791,-2.054379,0.966606,1.153986,2.354381,1.570009,1.004701,0.908152,1.003349,-0.157684,-1.405834,0.764092,0.825116,0.640162,-1.560135,2.205923,0.590724,0.866448,0.379687,-2.026935,0.525983,0.749352,1.52017,-2.057066,-0.81365,1.107507,-1.860638,1.127911,0.451149,-0.606003,0.906483,0.82013,1.872619,1.438301,-1.097471,1.784294,0.851153,1.348353,1.231657,0.54357,-0.532639,0.935049,1.419533,1.30114,-0.977663,1.558102,1.388519,0.956486,1.072245,-1.277895,2.057488,-1.563186,0.963595,1.000722,-1.211603,-0.736076,-0.962907,0.674939,0.705133,1.57832,-1.923441,0.81134,0.585057,0.467461,-1.485352,1.183996,0.871703,1.778389,1.336227,1.283485,1.075455,1.195919,0.490121,0.510151,0.804531,1.541189,0.755417,1.026727,1.482487,2.046244,0.803155,0.674812,-2.165838,1.140741,-0.936093,1.458285,-2.804826,0.700886,1.14544,-1.162802,1.729601,-1.3622,0.753863,1.038379,-0.317856,1.60821,-1.696465,0.310269,0.656868,-0.293726
99.0,91.3,81.0,1.0,2.0,52782.0,52881.0,-0.24853,-1.914973,1.001682,0.114723,0.186072,0.331305,-1.94272,1.051365,-0.510033,-1.229764,0.481622,-1.879346,0.73987,-2.083863,1.29808,0.635837,-1.772743,0.98416,-0.867284,0.950086,-0.256483,-1.877005,0.962214,-1.073586,-1.609101,0.145932,-0.470992,1.212054,1.192047,1.113644,-1.414185,-1.693232,0.968831,0.99535,1.144591,-1.798445,-1.701162,0.947666,0.638313,1.204434,0.696367,-1.667684,1.09357,0.872603,1.295753,1.260262,-1.743137,1.08594,0.903991,1.482189,-0.755053,-1.717178,1.0539,-1.227801,1.265856,0.361356,-1.883152,0.942316,-1.403968,1.560418,-0.662473,-0.923799,0.443007,-1.910405,1.488531,-1.929411,-0.134473,-2.105514,0.852664,1.302405,-1.138526,1.677015,1.309865,1.250379,1.180407,-2.019839,1.602943,0.917688,0.937119,0.758224,0.865387,-1.740229,0.6612,1.061871,0.93209,1.045643,-1.65448,0.521222,0.715093,0.958208,0.653562,-1.527879,0.931884,-1.255854,1.433184,0.736695,0.154263,1.030717,-1.21397,1.124497,-1.723858,-1.365436,1.028716,2.062802,1.287637,-1.88791,-0.099817,0.342744,1.336028,1.267607,-1.922833,-0.286512,-2.458877,0.76667,1.301539,-0.598784,1.295413,0.944323,1.033638,0.822077,-1.843568,-1.591496,0.878226,0.849036,0.542327,1.364632,1.333886,1.07864,1.121835,0.66208,-1.790221,-2.256266,0.550003,-0.503565,0.332633,0.99397,1.680478,-2.017863,1.647682,-0.805966,-1.377857,1.197087,0.935841,2.184248,1.227863,1.221828,-1.240152,0.991131,1.45819,1.281496,2.34527,-0.802355,1.147004,1.191722,1.209561,-1.400259,1.068791,-2.054379,0.966606,1.153986,2.354381,1.570009,1.004701,0.908152,1.003349,-0.157684,-1.405834,0.764092,0.825116,0.640162,-1.560135,2.205923,0.590724,0.866448,0.379687,-2.026935,0.525983,0.749352,1.52017,-2.057066,-0.81365,1.107507,-1.860638,1.127911,0.451149,-0.606003,0.906483,0.82013,1.872619,1.438301,-1.097471,1.784294,0.851153,1.348353,1.231657,0.54357,-0.532639,0.935049,1.419533,1.30114,-0.977663,1.558102,1.388519,0.956486,1.072245,-1.277895,2.057488,-1.563186,0.963595,1.000722,-1.211603,-0.736076,-0.962907,0.674939,0.705133,1.57832,-1.923441,0.81134,0.585057,0.467461,-1.485352,1.183996,0.871703,1.778389,1.336227,1.283485,1.075455,1.195919,0.490121,0.510151,0.804531,1.541189,0.755417,1.026727,1.482487,2.046244,0.803155,0.674812,-2.165838,1.140741,-0.936093,1.458285,-2.804826,0.700886,1.14544,-1.162802,1.729601,-1.3622,0.753863,1.038379,-0.317856,1.60821,-1.696465,0.310269,0.656868,-0.293726
232.0,90.3,75.1,6.0,1.0,52881.0,53113.0,-0.447444,0.453604,-0.805905,-0.711129,0.069113,-0.437243,0.403882,-0.849014,-0.633646,0.678405,-0.565484,0.327396,-0.802044,0.485893,-0.608374,-0.509625,0.755494,-0.740058,0.19737,-0.255918,-0.107356,0.815658,-0.762929,-0.090136,0.893873,-0.245535,0.833137,-0.653741,-0.524719,-0.519122,0.310655,1.102807,-0.655248,-0.417528,-0.519854,0.533511,0.887758,-0.671408,-0.536109,-0.386698,-0.428118,0.944189,-0.714451,-1.31453,-0.294972,-0.459947,1.02321,-0.732001,-1.5817,-0.283608,-0.12351,0.927822,-0.762923,0.312466,0.13886,-0.293778,0.779758,-0.748876,0.703871,-0.24142,0.008012,-0.020537,-0.735389,1.266681,-0.338373,0.532695,-0.154645,-0.37131,-0.063702,-0.49367,0.953957,-0.623655,-0.727923,-0.524953,-0.522402,0.802593,-0.589147,-0.592606,-0.309511,-0.293505,-0.12447,1.211038,-0.626834,-0.373796,-0.300215,-0.333725,0.993929,-0.64786,-0.02114,-0.188759,-0.203387,1.267756,-0.702547,0.383916,-0.510652,-0.52796,-0.032076,-0.759847,0.763601,-0.291003,0.996541,0.9925,-0.809264,-0.237396,-0.389256,0.705824,-0.17905,-0.651182,-0.392361,-0.444739,0.537653,-0.079166,-0.091417,-0.008579,-0.487944,0.432812,-0.539336,-0.534436,-0.349789,-0.241007,0.896533,1.108959,-0.731755,-0.229061,-0.085698,-0.708338,-0.381886,-0.708029,-0.354358,-0.110421,0.62919,0.944752,-0.653238,0.165632,-0.259676,-1.443667,-0.702891,0.757432,-0.778397,0.468373,0.472951,-0.532588,-0.652997,-0.535147,-0.439422,-0.517534,0.913023,-0.452984,-0.553615,-0.447071,-1.153069,0.317054,-0.514149,-0.343783,-0.420866,0.277232,-0.469376,1.079412,-0.174093,-0.356977,-0.544463,-0.601256,-0.631525,-0.396803,-0.322421,-0.00584,0.768666,-0.986364,-0.464145,-0.267473,0.991676,-0.009913,-0.886983,-0.647938,-0.160513,0.957972,-0.680934,-0.73999,-0.977953,0.941173,0.145386,-0.035504,0.916198,-0.28029,0.15083,0.459972,-1.044326,-0.463525,-0.822592,-0.589113,0.827183,0.014126,-0.36392,-0.626754,-0.447202,-0.848922,0.085765,-0.456153,-0.673997,-0.459219,0.315186,-0.732362,-0.64817,-0.216445,-0.316799,0.73645,0.056783,-0.263232,-0.496337,-0.437002,0.773087,0.736812,-1.518029,-0.382058,-0.25806,-0.645355,1.024884,-1.025046,-0.785082,-0.194541,0.632992,-0.635381,-1.034085,-1.049583,-0.529501,-0.620373,-0.468391,-0.687361,-0.235462,0.062836,-0.363994,-0.736471,-0.531954,-1.098014,-0.646611,0.061031,-0.670249,-0.249156,1.335616,-0.299082,0.27166,-0.81478,0.831482,-0.102576,-0.339666,0.140085,-0.894487,-0.025063,-0.100907,-0.273468,0.538413,-0.727573,0.193837,-0.27243,-0.304072,0.537313
366.0,95.1,85.0,17.0,23.0,53113.0,53479.0,-0.24853,-1.914973,1.001682,0.114723,0.186072,0.331305,-1.94272,1.051365,-0.510033,-1.229764,0.481622,-1.879346,0.73987,-2.083863,1.29808,0.635837,-1.772743,0.98416,-0.867284,0.950086,-0.256483,-1.877005,0.962214,-1.073586,-1.609101,0.145932,-0.470992,1.212054,1.192047,1.113644,-1.414185,-1.693232,0.968831,0.99535,1.144591,-1.798445,-1.701162,0.947666,0.638313,1.204434,0.696367,-1.667684,1.09357,0.872603,1.295753,1.260262,-1.743137,1.08594,0.903991,1.482189,-0.755053,-1.717178,1.0539,-1.227801,1.265856,0.361356,-1.883152,0.942316,-1.403968,1.560418,-0.662473,-0.923799,0.443007,-1.910405,1.488531,-1.929411,-0.134473,-2.105514,0.852664,1.302405,-1.138526,1.677015,1.309865,1.250379,1.180407,-2.019839,1.602943,0.917688,0.937119,0.758224,0.865387,-1.740229,0.6612,1.061871,0.93209,1.045643,-1.65448,0.521222,0.715093,0.958208,0.653562,-1.527879,0.931884,-1.255854,1.433184,0.736695,0.154263,1.030717,-1.21397,1.124497,-1.723858,-1.365436,1.028716,2.062802,1.287637,-1.88791,-0.099817,0.342744,1.336028,1.267607,-1.922833,-0.286512,-2.458877,0.76667,1.301539,-0.598784,1.295413,0.944323,1.033638,0.822077,-1.843568,-1.591496,0.878226,0.849036,0.542327,1.364632,1.333886,1.07864,1.121835,0.66208,-1.790221,-2.256266,0.550003,-0.503565,0.332633,0.99397,1.680478,-2.017863,1.647682,-0.805966,-1.377857,1.197087,0.935841,2.184248,1.227863,1.221828,-1.240152,0.991131,1.45819,1.281496,2.34527,-0.802355,1.147004,1.191722,1.209561,-1.400259,1.068791,-2.054379,0.966606,1.153986,2.354381,1.570009,1.004701,0.908152,1.003349,-0.157684,-1.405834,0.764092,0.825116,0.640162,-1.560135,2.205923,0.590724,0.866448,0.379687,-2.026935,0.525983,0.749352,1.52017,-2.057066,-0.81365,1.107507,-1.860638,1.127911,0.451149,-0.606003,0.906483,0.82013,1.872619,1.438301,-1.097471,1.784294,0.851153,1.348353,1.231657,0.54357,-0.532639,0.935049,1.419533,1.30114,-0.977663,1.558102,1.388519,0.956486,1.072245,-1.277895,2.057488,-1.563186,0.963595,1.000722,-1.211603,-0.736076,-0.962907,0.674939,0.705133,1.57832,-1.923441,0.81134,0.585057,0.467461,-1.485352,1.183996,0.871703,1.778389,1.336227,1.283485,1.075455,1.195919,0.490121,0.510151,0.804531,1.541189,0.755417,1.026727,1.482487,2.046244,0.803155,0.674812,-2.165838,1.140741,-0.936093,1.458285,-2.804826,0.700886,1.14544,-1.162802,1.729601,-1.3622,0.753863,1.038379,-0.317856,1.60821,-1.696465,0.310269,0.656868,-0.293726
133.0,92.5,76.5,5.0,7.0,53479.0,53612.0,-0.24853,-1.914973,1.001682,0.114723,0.186072,0.331305,-1.94272,1.051365,-0.510033,-1.229764,0.481622,-1.879346,0.73987,-2.083863,1.29808,0.635837,-1.772743,0.98416,-0.867284,0.950086,-0.256483,-1.877005,0.962214,-1.073586,-1.609101,0.145932,-0.470992,1.212054,1.192047,1.113644,-1.414185,-1.693232,0.968831,0.99535,1.144591,-1.798445,-1.701162,0.947666,0.638313,1.204434,0.696367,-1.667684,1.09357,0.872603,1.295753,1.260262,-1.743137,1.08594,0.903991,1.482189,-0.755053,-1.717178,1.0539,-1.227801,1.265856,0.361356,-1.883152,0.942316,-1.403968,1.560418,-0.662473,-0.923799,0.443007,-1.910405,1.488531,-1.929411,-0.134473,-2.105514,0.852664,1.302405,-1.138526,1.677015,1.309865,1.250379,1.180407,-2.019839,1.602943,0.917688,0.937119,0.758224,0.865387,-1.740229,0.6612,1.061871,0.93209,1.045643,-1.65448,0.521222,0.715093,0.958208,0.653562,-1.527879,0.931884,-1.255854,1.433184,0.736695,0.154263,1.030717,-1.21397,1.124497,-1.723858,-1.365436,1.028716,2.062802,1.287637,-1.88791,-0.099817,0.342744,1.336028,1.267607,-1.922833,-0.286512,-2.458877,0.76667,1.301539,-0.598784,1.295413,0.944323,1.033638,0.822077,-1.843568,-1.591496,0.878226,0.849036,0.542327,1.364632,1.333886,1.07864,1.121835,0.66208,-1.790221,-2.256266,0.550003,-0.503565,0.332633,0.99397,1.680478,-2.017863,1.647682,-0.805966,-1.377857,1.197087,0.935841,2.184248,1.227863,1.221828,-1.240152,0.991131,1.45819,1.281496,2.34527,-0.802355,1.147004,1.191722,1.209561,-1.400259,1.068791,-2.054379,0.966606,1.153986,2.354381,1.570009,1.004701,0.908152,1.003349,-0.157684,-1.405834,0.764092,0.825116,0.640162,-1.560135,2.205923,0.590724,0.866448,0.379687,-2.026935,0.525983,0.749352,1.52017,-2.057066,-0.81365,1.107507,-1.860638,1.127911,0.451149,-0.606003,0.906483,0.82013,1.872619,1.438301,-1.097471,1.784294,0.851153,1.348353,1.231657,0.54357,-0.532639,0.935049,1.419533,1.30114,-0.977663,1.558102,1.388519,0.956486,1.072245,-1.277895,2.057488,-1.563186,0.963595,1.000722,-1.211603,-0.736076,-0.962907,0.674939,0.705133,1.57832,-1.923441,0.81134,0.585057,0.467461,-1.485352,1.183996,0.871703,1.778389,1.336227,1.283485,1.075455,1.195919,0.490121,0.510151,0.804531,1.541189,0.755417,1.026727,1.482487,2.046244,0.803155,0.674812,-2.165838,1.140741,-0.936093,1.458285,-2.804826,0.700886,1.14544,-1.162802,1.729601,-1.3622,0.753863,1.038379,-0.317856,1.60821,-1.696465,0.310269,0.656868,-0.293726
299.0,84.4,68.3,9.0,17.0,53612.0,53911.0,-0.24853,-1.914973,1.001682,0.114723,0.186072,0.331305,-1.94272,1.051365,-0.510033,-1.229764,0.481622,-1.879346,0.73987,-2.083863,1.29808,0.635837,-1.772743,0.98416,-0.867284,0.950086,-0.256483,-1.877005,0.962214,-1.073586,-1.609101,0.145932,-0.470992,1.212054,1.192047,1.113644,-1.414185,-1.693232,0.968831,0.99535,1.144591,-1.798445,-1.701162,0.947666,0.638313,1.204434,0.696367,-1.667684,1.09357,0.872603,1.295753,1.260262,-1.743137,1.08594,0.903991,1.482189,-0.755053,-1.717178,1.0539,-1.227801,1.265856,0.361356,-1.883152,0.942316,-1.403968,1.560418,-0.662473,-0.923799,0.443007,-1.910405,1.488531,-1.929411,-0.134473,-2.105514,0.852664,1.302405,-1.138526,1.677015,1.309865,1.250379,1.180407,-2.019839,1.602943,0.917688,0.937119,0.758224,0.865387,-1.740229,0.6612,1.061871,0.93209,1.045643,-1.65448,0.521222,0.715093,0.958208,0.653562,-1.527879,0.931884,-1.255854,1.433184,0.736695,0.154263,1.030717,-1.21397,1.124497,-1.723858,-1.365436,1.028716,2.062802,1.287637,-1.88791,-0.099817,0.342744,1.336028,1.267607,-1.922833,-0.286512,-2.458877,0.76667,1.301539,-0.598784,1.295413,0.944323,1.033638,0.822077,-1.843568,-1.591496,0.878226,0.849036,0.542327,1.364632,1.333886,1.07864,1.121835,0.66208,-1.790221,-2.256266,0.550003,-0.503565,0.332633,0.99397,1.680478,-2.017863,1.647682,-0.805966,-1.377857,1.197087,0.935841,2.184248,1.227863,1.221828,-1.240152,0.991131,1.45819,1.281496,2.34527,-0.802355,1.147004,1.191722,1.209561,-1.400259,1.068791,-2.054379,0.966606,1.153986,2.354381,1.570009,1.004701,0.908152,1.003349,-0.157684,-1.405834,0.764092,0.825116,0.640162,-1.560135,2.205923,0.590724,0.866448,0.379687,-2.026935,0.525983,0.749352,1.52017,-2.057066,-0.81365,1.107507,-1.860638,1.127911,0.451149,-0.606003,0.906483,0.82013,1.872619,1.438301,-1.097471,1.784294,0.851153,1.348353,1.231657,0.54357,-0.532639,0.935049,1.419533,1.30114,-0.977663,1.558102,1.388519,0.956486,1.072245,-1.277895,2.057488,-1.563186,0.963595,1.000722,-1.211603,-0.736076,-0.962907,0.674939,0.705133,1.57832,-1.923441,0.81134,0.585057,0.467461,-1.485352,1.183996,0.871703,1.778389,1.336227,1.283485,1.075455,1.195919,0.490121,0.510151,0.804531,1.541189,0.755417,1.026727,1.482487,2.046244,0.803155,0.674812,-2.165838,1.140741,-0.936093,1.458285,-2.804826,0.700886,1.14544,-1.162802,1.729601,-1.3622,0.753863,1.038379,-0.317856,1.60821,-1.696465,0.310269,0.656868,-0.293726
399.0,86.0,72.0,16.0,18.0,53911.0,54310.0,-0.24853,-1.914973,1.001682,0.114723,0.186072,0.331305,-1.94272,1.051365,-0.510033,-1.229764,0.481622,-1.879346,0.73987,-2.083863,1.29808,0.635837,-1.772743,0.98416,-0.867284,0.950086,-0.256483,-1.877005,0.962214,-1.073586,-1.609101,0.145932,-0.470992,1.212054,1.192047,1.113644,-1.414185,-1.693232,0.968831,0.99535,1.144591,-1.798445,-1.701162,0.947666,0.638313,1.204434,0.696367,-1.667684,1.09357,0.872603,1.295753,1.260262,-1.743137,1.08594,0.903991,1.482189,-0.755053,-1.717178,1.0539,-1.227801,1.265856,0.361356,-1.883152,0.942316,-1.403968,1.560418,-0.662473,-0.923799,0.443007,-1.910405,1.488531,-1.929411,-0.134473,-2.105514,0.852664,1.302405,-1.138526,1.677015,1.309865,1.250379,1.180407,-2.019839,1.602943,0.917688,0.937119,0.758224,0.865387,-1.740229,0.6612,1.061871,0.93209,1.045643,-1.65448,0.521222,0.715093,0.958208,0.653562,-1.527879,0.931884,-1.255854,1.433184,0.736695,0.154263,1.030717,-1.21397,1.124497,-1.723858,-1.365436,1.028716,2.062802,1.287637,-1.88791,-0.099817,0.342744,1.336028,1.267607,-1.922833,-0.286512,-2.458877,0.76667,1.301539,-0.598784,1.295413,0.944323,1.033638,0.822077,-1.843568,-1.591496,0.878226,0.849036,0.542327,1.364632,1.333886,1.07864,1.121835,0.66208,-1.790221,-2.256266,0.550003,-0.503565,0.332633,0.99397,1.680478,-2.017863,1.647682,-0.805966,-1.377857,1.197087,0.935841,2.184248,1.227863,1.221828,-1.240152,0.991131,1.45819,1.281496,2.34527,-0.802355,1.147004,1.191722,1.209561,-1.400259,1.068791,-2.054379,0.966606,1.153986,2.354381,1.570009,1.004701,0.908152,1.003349,-0.157684,-1.405834,0.764092,0.825116,0.640162,-1.560135,2.205923,0.590724,0.866448,0.379687,-2.026935,0.525983,0.749352,1.52017,-2.057066,-0.81365,1.107507,-1.860638,1.127911,0.451149,-0.606003,0.906483,0.82013,1.872619,1.438301,-1.097471,1.784294,0.851153,1.348353,1.231657,0.54357,-0.532639,0.935049,1.419533,1.30114,-0.977663,1.558102,1.388519,0.956486,1.072245,-1.277895,2.057488,-1.563186,0.963595,1.000722,-1.211603,-0.736076,-0.962907,0.674939,0.705133,1.57832,-1.923441,0.81134,0.585057,0.467461,-1.485352,1.183996,0.871703,1.778389,1.336227,1.283485,1.075455,1.195919,0.490121,0.510151,0.804531,1.541189,0.755417,1.026727,1.482487,2.046244,0.803155,0.674812,-2.165838,1.140741,-0.936093,1.458285,-2.804826,0.700886,1.14544,-1.162802,1.729601,-1.3622,0.753863,1.038379,-0.317856,1.60821,-1.696465,0.310269,0.656868,-0.293726
166.0,76.0,62.6,2.0,7.0,54310.0,54476.0,-0.24853,-1.914973,1.001682,0.114723,0.186072,0.331305,-1.94272,1.051365,-0.510033,-1.229764,0.481622,-1.879346,0.73987,-2.083863,1.29808,0.635837,-1.772743,0.98416,-0.867284,0.950086,-0.256483,-1.877005,0.962214,-1.073586,-1.609101,0.145932,-0.470992,1.212054,1.192047,1.113644,-1.414185,-1.693232,0.968831,0.99535,1.144591,-1.798445,-1.701162,0.947666,0.638313,1.204434,0.696367,-1.667684,1.09357,0.872603,1.295753,1.260262,-1.743137,1.08594,0.903991,1.482189,-0.755053,-1.717178,1.0539,-1.227801,1.265856,0.361356,-1.883152,0.942316,-1.403968,1.560418,-0.662473,-0.923799,0.443007,-1.910405,1.488531,-1.929411,-0.134473,-2.105514,0.852664,1.302405,-1.138526,1.677015,1.309865,1.250379,1.180407,-2.019839,1.602943,0.917688,0.937119,0.758224,0.865387,-1.740229,0.6612,1.061871,0.93209,1.045643,-1.65448,0.521222,0.715093,0.958208,0.653562,-1.527879,0.931884,-1.255854,1.433184,0.736695,0.154263,1.030717,-1.21397,1.124497,-1.723858,-1.365436,1.028716,2.062802,1.287637,-1.88791,-0.099817,0.342744,1.336028,1.267607,-1.922833,-0.286512,-2.458877,0.76667,1.301539,-0.598784,1.295413,0.944323,1.033638,0.822077,-1.843568,-1.591496,0.878226,0.849036,0.542327,1.364632,1.333886,1.07864,1.121835,0.66208,-1.790221,-2.256266,0.550003,-0.503565,0.332633,0.99397,1.680478,-2.017863,1.647682,-0.805966,-1.377857,1.197087,0.935841,2.184248,1.227863,1.221828,-1.240152,0.991131,1.45819,1.281496,2.34527,-0.802355,1.147004,1.191722,1.209561,-1.400259,1.068791,-2.054379,0.966606,1.153986,2.354381,1.570009,1.004701,0.908152,1.003349,-0.157684,-1.405834,0.764092,0.825116,0.640162,-1.560135,2.205923,0.590724,0.866448,0.379687,-2.026935,0.525983,0.749352,1.52017,-2.057066,-0.81365,1.107507,-1.860638,1.127911,0.451149,-0.606003,0.906483,0.82013,1.872619,1.438301,-1.097471,1.784294,0.851153,1.348353,1.231657,0.54357,-0.532639,0.935049,1.419533,1.30114,-0.977663,1.558102,1.388519,0.956486,1.072245,-1.277895,2.057488,-1.563186,0.963595,1.000722,-1.211603,-0.736076,-0.962907,0.674939,0.705133,1.57832,-1.923441,0.81134,0.585057,0.467461,-1.485352,1.183996,0.871703,1.778389,1.336227,1.283485,1.075455,1.195919,0.490121,0.510151,0.804531,1.541189,0.755417,1.026727,1.482487,2.046244,0.803155,0.674812,-2.165838,1.140741,-0.936093,1.458285,-2.804826,0.700886,1.14544,-1.162802,1.729601,-1.3622,0.753863,1.038379,-0.317856,1.60821,-1.696465,0.310269,0.656868,-0.293726
232.0,78.9,65.1,2.0,2.0,54476.0,54708.0,-0.24853,-1.914973,1.001682,0.114723,0.186072,0.331305,-1.94272,1.051365,-0.510033,-1.229764,0.481622,-1.879346,0.73987,-2.083863,1.29808,0.635837,-1.772743,0.98416,-0.867284,0.950086,-0.256483,-1.877005,0.962214,-1.073586,-1.609101,0.145932,-0.470992,1.212054,1.192047,1.113644,-1.414185,-1.693232,0.968831,0.99535,1.144591,-1.798445,-1.701162,0.947666,0.638313,1.204434,0.696367,-1.667684,1.09357,0.872603,1.295753,1.260262,-1.743137,1.08594,0.903991,1.482189,-0.755053,-1.717178,1.0539,-1.227801,1.265856,0.361356,-1.883152,0.942316,-1.403968,1.560418,-0.662473,-0.923799,0.443007,-1.910405,1.488531,-1.929411,-0.134473,-2.105514,0.852664,1.302405,-1.138526,1.677015,1.309865,1.250379,1.180407,-2.019839,1.602943,0.917688,0.937119,0.758224,0.865387,-1.740229,0.6612,1.061871,0.93209,1.045643,-1.65448,0.521222,0.715093,0.958208,0.653562,-1.527879,0.931884,-1.255854,1.433184,0.736695,0.154263,1.030717,-1.21397,1.124497,-1.723858,-1.365436,1.028716,2.062802,1.287637,-1.88791,-0.099817,0.342744,1.336028,1.267607,-1.922833,-0.286512,-2.458877,0.76667,1.301539,-0.598784,1.295413,0.944323,1.033638,0.822077,-1.843568,-1.591496,0.878226,0.849036,0.542327,1.364632,1.333886,1.07864,1.121835,0.66208,-1.790221,-2.256266,0.550003,-0.503565,0.332633,0.99397,1.680478,-2.017863,1.647682,-0.805966,-1.377857,1.197087,0.935841,2.184248,1.227863,1.221828,-1.240152,0.991131,1.45819,1.281496,2.34527,-0.802355,1.147004,1.191722,1.209561,-1.400259,1.068791,-2.054379,0.966606,1.153986,2.354381,1.570009,1.004701,0.908152,1.003349,-0.157684,-1.405834,0.764092,0.825116,0.640162,-1.560135,2.205923,0.590724,0.866448,0.379687,-2.026935,0.525983,0.749352,1.52017,-2.057066,-0.81365,1.107507,-1.860638,1.127911,0.451149,-0.606003,0.906483,0.82013,1.872619,1.438301,-1.097471,1.784294,0.851153,1.348353,1.231657,0.54357,-0.532639,0.935049,1.419533,1.30114,-0.977663,1.558102,1.388519,0.956486,1.072245,-1.277895,2.057488,-1.563186,0.963595,1.000722,-1.211603,-0.736076,-0.962907,0.674939,0.705133,1.57832,-1.923441,0.81134,0.585057,0.467461,-1.485352,1.183996,0.871703,1.778389,1.336227,1.283485,1.075455,1.195919,0.490121,0.510151,0.804531,1.541189,0.755417,1.026727,1.482487,2.046244,0.803155,0.674812,-2.165838,1.140741,-0.936093,1.458285,-2.804826,0.700886,1.14544,-1.162802,1.729601,-1.3622,0.753863,1.038379,-0.317856,1.60821,-1.696465,0.310269,0.656868,-0.293726
133.0,82.0,67.5,1.0,1.0,54708.0,54841.0,-0.24853,-1.914973,1.001682,0.114723,0.186072,0.331305,-1.94272,1.051365,-0.510033,-1.229764,0.481622,-1.879346,0.73987,-2.083863,1.29808,0.635837,-1.772743,0.98416,-0.867284,0.950086,-0.256483,-1.877005,0.962214,-1.073586,-1.609101,0.145932,-0.470992,1.212054,1.192047,1.113644,-1.414185,-1.693232,0.968831,0.99535,1.144591,-1.798445,-1.701162,0.947666,0.638313,1.204434,0.696367,-1.667684,1.09357,0.872603,1.295753,1.260262,-1.743137,1.08594,0.903991,1.482189,-0.755053,-1.717178,1.0539,-1.227801,1.265856,0.361356,-1.883152,0.942316,-1.403968,1.560418,-0.662473,-0.923799,0.443007,-1.910405,1.488531,-1.929411,-0.134473,-2.105514,0.852664,1.302405,-1.138526,1.677015,1.309865,1.250379,1.180407,-2.019839,1.602943,0.917688,0.937119,0.758224,0.865387,-1.740229,0.6612,1.061871,0.93209,1.045643,-1.65448,0.521222,0.715093,0.958208,0.653562,-1.527879,0.931884,-1.255854,1.433184,0.736695,0.154263,1.030717,-1.21397,1.124497,-1.723858,-1.365436,1.028716,2.062802,1.287637,-1.88791,-0.099817,0.342744,1.336028,1.267607,-1.922833,-0.286512,-2.458877,0.76667,1.301539,-0.598784,1.295413,0.944323,1.033638,0.822077,-1.843568,-1.591496,0.878226,0.849036,0.542327,1.364632,1.333886,1.07864,1.121835,0.66208,-1.790221,-2.256266,0.550003,-0.503565,0.332633,0.99397,1.680478,-2.017863,1.647682,-0.805966,-1.377857,1.197087,0.935841,2.184248,1.227863,1.221828,-1.240152,0.991131,1.45819,1.281496,2.34527,-0.802355,1.147004,1.191722,1.209561,-1.400259,1.068791,-2.054379,0.966606,1.153986,2.354381,1.570009,1.004701,0.908152,1.003349,-0.157684,-1.405834,0.764092,0.825116,0.640162,-1.560135,2.205923,0.590724,0.866448,0.379687,-2.026935,0.525983,0.749352,1.52017,-2.057066,-0.81365,1.107507,-1.860638,1.127911,0.451149,-0.606003,0.906483,0.82013,1.872619,1.438301,-1.097471,1.784294,0.851153,1.348353,1.231657,0.54357,-0.532639,0.935049,1.419533,1.30114,-0.977663,1.558102,1.388519,0.956486,1.072245,-1.277895,2.057488,-1.563186,0.963595,1.000722,-1.211603,-0.736076,-0.962907,0.674939,0.705133,1.57832,-1.923441,0.81134,0.585057,0.467461,-1.485352,1.183996,0.871703,1.778389,1.336227,1.283485,1.075455,1.195919,0.490121,0.510151,0.804531,1.541189,0.755417,1.026727,1.482487,2.046244,0.803155,0.674812,-2.165838,1.140741,-0.936093,1.458285,-2.804826,0.700886,1.14544,-1.162802,1.729601,-1.3622,0.753863,1.038379,-0.317856,1.60821,-1.696465,0.310269,0.656868,-0.293726
266.0,70.4,56.9,5.0,7.0,7504.0,7770.0,-0.24853,-1.914973,1.001682,0.114723,0.186072,0.331305,-1.94272,1.051365,-0.510033,-1.229764,0.481622,-1.879346,0.73987,-2.083863,1.29808,0.635837,-1.772743,0.98416,-0.867284,0.950086,-0.256483,-1.877005,0.962214,-1.073586,-1.609101,0.145932,-0.470992,1.212054,1.192047,1.113644,-1.414185,-1.693232,0.968831,0.99535,1.144591,-1.798445,-1.701162,0.947666,0.638313,1.204434,0.696367,-1.667684,1.09357,0.872603,1.295753,1.260262,-1.743137,1.08594,0.903991,1.482189,-0.755053,-1.717178,1.0539,-1.227801,1.265856,0.361356,-1.883152,0.942316,-1.403968,1.560418,-0.662473,-0.923799,0.443007,-1.910405,1.488531,-1.929411,-0.134473,-2.105514,0.852664,1.302405,-1.138526,1.677015,1.309865,1.250379,1.180407,-2.019839,1.602943,0.917688,0.937119,0.758224,0.865387,-1.740229,0.6612,1.061871,0.93209,1.045643,-1.65448,0.521222,0.715093,0.958208,0.653562,-1.527879,0.931884,-1.255854,1.433184,0.736695,0.154263,1.030717,-1.21397,1.124497,-1.723858,-1.365436,1.028716,2.062802,1.287637,-1.88791,-0.099817,0.342744,1.336028,1.267607,-1.922833,-0.286512,-2.458877,0.76667,1.301539,-0.598784,1.295413,0.944323,1.033638,0.822077,-1.843568,-1.591496,0.878226,0.849036,0.542327,1.364632,1.333886,1.07864,1.121835,0.66208,-1.790221,-2.256266,0.550003,-0.503565,0.332633,0.99397,1.680478,-2.017863,1.647682,-0.805966,-1.377857,1.197087,0.935841,2.184248,1.227863,1.221828,-1.240152,0.991131,1.45819,1.281496,2.34527,-0.802355,1.147004,1.191722,1.209561,-1.400259,1.068791,-2.054379,0.966606,1.153986,2.354381,1.570009,1.004701,0.908152,1.003349,-0.157684,-1.405834,0.764092,0.825116,0.640162,-1.560135,2.205923,0.590724,0.866448,0.379687,-2.026935,0.525983,0.749352,1.52017,-2.057066,-0.81365,1.107507,-1.860638,1.127911,0.451149,-0.606003,0.906483,0.82013,1.872619,1.438301,-1.097471,1.784294,0.851153,1.348353,1.231657,0.54357,-0.532639,0.935049,1.419533,1.30114,-0.977663,1.558102,1.388519,0.956486,1.072245,-1.277895,2.057488,-1.563186,0.963595,1.000722,-1.211603,-0.736076,-0.962907,0.674939,0.705133,1.57832,-1.923441,0.81134,0.585057,0.467461,-1.485352,1.183996,0.871703,1.778389,1.336227,1.283485,1.075455,1.195919,0.490121,0.510151,0.804531,1.541189,0.755417,1.026727,1.482487,2.046244,0.803155,0.674812,-2.165838,1.140741,-0.936093,1.458285,-2.804826,0.700886,1.14544,-1.162802,1.729601,-1.3622,0.753863,1.038379,-0.317856,1.60821,-1.696465,0.310269,0.656868,-0.293726
366.0,80.1,66.1,5.0,4.0,54841.0,55207.0,-0.24853,-1.914973,1.001682,0.114723,0.186072,0.331305,-1.94272,1.051365,-0.510033,-1.229764,0.481622,-1.879346,0.73987,-2.083863,1.29808,0.635837,-1.772743,0.98416,-0.867284,0.950086,-0.256483,-1.877005,0.962214,-1.073586,-1.609101,0.145932,-0.470992,1.212054,1.192047,1.113644,-1.414185,-1.693232,0.968831,0.99535,1.144591,-1.798445,-1.701162,0.947666,0.638313,1.204434,0.696367,-1.667684,1.09357,0.872603,1.295753,1.260262,-1.743137,1.08594,0.903991,1.482189,-0.755053,-1.717178,1.0539,-1.227801,1.265856,0.361356,-1.883152,0.942316,-1.403968,1.560418,-0.662473,-0.923799,0.443007,-1.910405,1.488531,-1.929411,-0.134473,-2.105514,0.852664,1.302405,-1.138526,1.677015,1.309865,1.250379,1.180407,-2.019839,1.602943,0.917688,0.937119,0.758224,0.865387,-1.740229,0.6612,1.061871,0.93209,1.045643,-1.65448,0.521222,0.715093,0.958208,0.653562,-1.527879,0.931884,-1.255854,1.433184,0.736695,0.154263,1.030717,-1.21397,1.124497,-1.723858,-1.365436,1.028716,2.062802,1.287637,-1.88791,-0.099817,0.342744,1.336028,1.267607,-1.922833,-0.286512,-2.458877,0.76667,1.301539,-0.598784,1.295413,0.944323,1.033638,0.822077,-1.843568,-1.591496,0.878226,0.849036,0.542327,1.364632,1.333886,1.07864,1.121835,0.66208,-1.790221,-2.256266,0.550003,-0.503565,0.332633,0.99397,1.680478,-2.017863,1.647682,-0.805966,-1.377857,1.197087,0.935841,2.184248,1.227863,1.221828,-1.240152,0.991131,1.45819,1.281496,2.34527,-0.802355,1.147004,1.191722,1.209561,-1.400259,1.068791,-2.054379,0.966606,1.153986,2.354381,1.570009,1.004701,0.908152,1.003349,-0.157684,-1.405834,0.764092,0.825116,0.640162,-1.560135,2.205923,0.590724,0.866448,0.379687,-2.026935,0.525983,0.749352,1.52017,-2.057066,-0.81365,1.107507,-1.860638,1.127911,0.451149,-0.606003,0.906483,0.82013,1.872619,1.438301,-1.097471,1.784294,0.851153,1.348353,1.231657,0.54357,-0.532639,0.935049,1.419533,1.30114,-0.977663,1.558102,1.388519,0.956486,1.072245,-1.277895,2.057488,-1.563186,0.963595,1.000722,-1.211603,-0.736076,-0.962907,0.674939,0.705133,1.57832,-1.923441,0.81134,0.585057,0.467461,-1.485352,1.183996,0.871703,1.778389,1.336227,1.283485,1.075455,1.195919,0.490121,0.510151,0.804531,1.541189,0.755417,1.026727,1.482487,2.046244,0.803155,0.674812,-2.165838,1.140741,-0.936093,1.458285,-2.804826,0.700886,1.14544,-1.162802,1.729601,-1.3622,0.753863,1.038379,-0.317856,1.60821,-1.696465,0.310269,0.656868,-0.293726
166.0,81.4,70.8,8.0,17.0,55207.0,55373.0,-0.24853,-1.914973,1.001682,0.114723,0.186072,0.331305,-1.94272,1.051365,-0.510033,-1.229764,0.481622,-1.879346,0.73987,-2.083863,1.29808,0.635837,-1.772743,0.98416,-0.867284,0.950086,-0.256483,-1.877005,0.962214,-1.073586,-1.609101,0.145932,-0.470992,1.212054,1.192047,1.113644,-1.414185,-1.693232,0.968831,0.99535,1.144591,-1.798445,-1.701162,0.947666,0.638313,1.204434,0.696367,-1.667684,1.09357,0.872603,1.295753,1.260262,-1.743137,1.08594,0.903991,1.482189,-0.755053,-1.717178,1.0539,-1.227801,1.265856,0.361356,-1.883152,0.942316,-1.403968,1.560418,-0.662473,-0.923799,0.443007,-1.910405,1.488531,-1.929411,-0.134473,-2.105514,0.852664,1.302405,-1.138526,1.677015,1.309865,1.250379,1.180407,-2.019839,1.602943,0.917688,0.937119,0.758224,0.865387,-1.740229,0.6612,1.061871,0.93209,1.045643,-1.65448,0.521222,0.715093,0.958208,0.653562,-1.527879,0.931884,-1.255854,1.433184,0.736695,0.154263,1.030717,-1.21397,1.124497,-1.723858,-1.365436,1.028716,2.062802,1.287637,-1.88791,-0.099817,0.342744,1.336028,1.267607,-1.922833,-0.286512,-2.458877,0.76667,1.301539,-0.598784,1.295413,0.944323,1.033638,0.822077,-1.843568,-1.591496,0.878226,0.849036,0.542327,1.364632,1.333886,1.07864,1.121835,0.66208,-1.790221,-2.256266,0.550003,-0.503565,0.332633,0.99397,1.680478,-2.017863,1.647682,-0.805966,-1.377857,1.197087,0.935841,2.184248,1.227863,1.221828,-1.240152,0.991131,1.45819,1.281496,2.34527,-0.802355,1.147004,1.191722,1.209561,-1.400259,1.068791,-2.054379,0.966606,1.153986,2.354381,1.570009,1.004701,0.908152,1.003349,-0.157684,-1.405834,0.764092,0.825116,0.640162,-1.560135,2.205923,0.590724,0.866448,0.379687,-2.026935,0.525983,0.749352,1.52017,-2.057066,-0.81365,1.107507,-1.860638,1.127911,0.451149,-0.606003,0.906483,0.82013,1.872619,1.438301,-1.097471,1.784294,0.851153,1.348353,1.231657,0.54357,-0.532639,0.935049,1.419533,1.30114,-0.977663,1.558102,1.388519,0.956486,1.072245,-1.277895,2.057488,-1.563186,0.963595,1.000722,-1.211603,-0.736076,-0.962907,0.674939,0.705133,1.57832,-1.923441,0.81134,0.585057,0.467461,-1.485352,1.183996,0.871703,1.778389,1.336227,1.283485,1.075455,1.195919,0.490121,0.510151,0.804531,1.541189,0.755417,1.026727,1.482487,2.046244,0.803155,0.674812,-2.165838,1.140741,-0.936093,1.458285,-2.804826,0.700886,1.14544,-1.162802,1.729601,-1.3622,0.753863,1.038379,-0.317856,1.60821,-1.696465,0.310269,0.656868,-0.293726
199.0,79.5,70.0,2.0,3.0,55373.0,55572.0,-0.24853,-1.914973,1.001682,0.114723,0.186072,0.331305,-1.94272,1.051365,-0.510033,-1.229764,0.481622,-1.879346,0.73987,-2.083863,1.29808,0.635837,-1.772743,0.98416,-0.867284,0.950086,-0.256483,-1.877005,0.962214,-1.073586,-1.609101,0.145932,-0.470992,1.212054,1.192047,1.113644,-1.414185,-1.693232,0.968831,0.99535,1.144591,-1.798445,-1.701162,0.947666,0.638313,1.204434,0.696367,-1.667684,1.09357,0.872603,1.295753,1.260262,-1.743137,1.08594,0.903991,1.482189,-0.755053,-1.717178,1.0539,-1.227801,1.265856,0.361356,-1.883152,0.942316,-1.403968,1.560418,-0.662473,-0.923799,0.443007,-1.910405,1.488531,-1.929411,-0.134473,-2.105514,0.852664,1.302405,-1.138526,1.677015,1.309865,1.250379,1.180407,-2.019839,1.602943,0.917688,0.937119,0.758224,0.865387,-1.740229,0.6612,1.061871,0.93209,1.045643,-1.65448,0.521222,0.715093,0.958208,0.653562,-1.527879,0.931884,-1.255854,1.433184,0.736695,0.154263,1.030717,-1.21397,1.124497,-1.723858,-1.365436,1.028716,2.062802,1.287637,-1.88791,-0.099817,0.342744,1.336028,1.267607,-1.922833,-0.286512,-2.458877,0.76667,1.301539,-0.598784,1.295413,0.944323,1.033638,0.822077,-1.843568,-1.591496,0.878226,0.849036,0.542327,1.364632,1.333886,1.07864,1.121835,0.66208,-1.790221,-2.256266,0.550003,-0.503565,0.332633,0.99397,1.680478,-2.017863,1.647682,-0.805966,-1.377857,1.197087,0.935841,2.184248,1.227863,1.221828,-1.240152,0.991131,1.45819,1.281496,2.34527,-0.802355,1.147004,1.191722,1.209561,-1.400259,1.068791,-2.054379,0.966606,1.153986,2.354381,1.570009,1.004701,0.908152,1.003349,-0.157684,-1.405834,0.764092,0.825116,0.640162,-1.560135,2.205923,0.590724,0.866448,0.379687,-2.026935,0.525983,0.749352,1.52017,-2.057066,-0.81365,1.107507,-1.860638,1.127911,0.451149,-0.606003,0.906483,0.82013,1.872619,1.438301,-1.097471,1.784294,0.851153,1.348353,1.231657,0.54357,-0.532639,0.935049,1.419533,1.30114,-0.977663,1.558102,1.388519,0.956486,1.072245,-1.277895,2.057488,-1.563186,0.963595,1.000722,-1.211603,-0.736076,-0.962907,0.674939,0.705133,1.57832,-1.923441,0.81134,0.585057,0.467461,-1.485352,1.183996,0.871703,1.778389,1.336227,1.283485,1.075455,1.195919,0.490121,0.510151,0.804531,1.541189,0.755417,1.026727,1.482487,2.046244,0.803155,0.674812,-2.165838,1.140741,-0.936093,1.458285,-2.804826,0.700886,1.14544,-1.162802,1.729601,-1.3622,0.753863,1.038379,-0.317856,1.60821,-1.696465,0.310269,0.656868,-0.293726
201.0,81.7,67.8,4.0,4.0,55572.0,55773.0,-1.028591,1.060835,-1.266083,1.899819,-1.397401,-1.542349,0.667039,-1.185459,-0.653621,1.151448,-1.419543,-0.10304,-1.261101,1.4275,-1.382933,-1.623743,1.104966,-1.371464,1.924786,-1.856437,-1.465611,0.825461,-1.334804,2.308081,1.499983,-2.009458,1.799898,-1.391165,-1.509257,-1.549257,-1.526651,0.996981,-1.438094,-1.637728,-1.567692,-0.798239,1.070177,-1.422939,-1.419739,-1.653908,-1.709677,0.93855,-1.37592,-0.192771,-1.576143,-1.681257,0.835745,-1.389425,0.752644,-1.403711,-1.582231,0.855319,-1.357836,1.885219,-1.262703,-1.71101,0.125552,-1.382427,1.5494,-1.260513,-1.400433,-1.323876,-1.315759,0.764822,-1.546675,0.918738,-1.59911,0.324339,-1.833208,-1.58539,-1.991102,-1.034848,-1.262498,-1.54835,-1.56258,0.555433,-1.145487,-1.461689,-1.787591,-1.774604,-1.935864,0.330664,-1.483275,-1.715376,-1.774617,-1.923155,0.665387,-1.461056,-1.906247,-1.806167,-1.923292,0.067217,-1.446137,1.597722,-1.377527,-1.598683,-1.769181,-1.375785,1.271696,-1.583855,-0.158267,-0.482648,-1.347239,-0.833013,-1.580546,0.335151,-1.772926,-1.442753,-1.674507,-1.632315,0.923319,-1.591707,0.546313,-1.866818,-1.590089,-2.144086,-1.371915,-1.532212,-1.761081,-1.840191,0.671735,-1.032604,-1.343494,-1.826715,-1.898926,-1.624814,-1.586378,-1.386557,-1.692653,-1.894089,1.300512,-0.075223,-1.473119,-1.93704,-1.851881,-0.600625,-1.057417,-0.03779,-1.195457,1.783946,1.714359,-1.633748,-1.510215,-1.100653,-1.610182,-1.222817,-0.95057,-1.72691,-1.51561,-1.649034,0.517375,-1.668454,-1.628738,-1.757362,-1.713023,1.675373,-1.465235,0.104859,-1.866417,-1.726616,-1.520371,-1.122251,-1.498716,-1.704795,-1.77347,1.193494,1.380716,-0.976912,-1.598374,-1.786088,0.730747,-0.390886,-1.168833,-1.224511,-1.849902,-0.12285,-1.274656,-1.371258,-0.366528,-0.775826,1.800335,-1.734751,0.821747,1.472858,-1.870088,1.461423,-1.072468,-1.685533,-0.91522,-1.470883,1.274981,-0.482195,-1.772715,-1.363888,-1.647895,2.159594,-1.801554,-1.595798,-1.235301,-1.651971,1.669362,-1.150791,-1.397269,-1.88835,-1.822105,1.188416,0.137084,-0.445621,-1.581544,-1.657625,1.133445,1.480457,1.025533,-1.603919,-1.765294,-1.017801,0.769567,-0.980642,-0.642165,-1.763425,-1.258796,-1.394396,-0.540651,-0.237459,-1.517516,-1.385436,-1.557946,-1.226334,2.098283,-1.96836,-1.646704,-1.116482,-1.386237,1.41994,-1.317821,0.478204,-1.319025,-1.76589,0.179467,-1.797145,1.760771,-0.991451,0.121883,-1.838848,-1.768773,1.659524,-0.848308,1.509801,-1.940026,-1.836728,1.522177,-1.093513,-0.502636,-1.627003,-1.721097,1.527327
131.0,82.5,67.0,2.0,0.0,55773.0,55904.0,-0.387247,0.467226,-0.756096,-0.659399,0.18444,-0.371634,0.435256,-0.799034,-0.541364,0.710478,-0.497523,0.39324,-0.747252,0.488017,-0.561228,-0.459453,0.761046,-0.704107,0.166847,-0.26051,-0.028715,0.829114,-0.722831,-0.138643,0.887979,-0.190039,0.881848,-0.611079,-0.475296,-0.47246,0.360885,1.135058,-0.60936,-0.369096,-0.478329,0.571695,0.881563,-0.628341,-0.484806,-0.345605,-0.372555,0.939646,-0.677126,-1.279915,-0.24923,-0.415208,1.029013,-0.697903,-1.553752,-0.238282,-0.052908,0.916453,-0.728581,0.287717,0.193052,-0.228902,0.828569,-0.711761,0.691477,-0.192681,0.105913,0.068905,-0.688051,1.232773,-0.298101,0.583231,-0.067412,-0.256785,-0.00095,-0.460359,0.977681,-0.589822,-0.694151,-0.48891,-0.484573,0.799123,-0.54154,-0.543108,-0.267029,-0.246529,-0.070806,1.243989,-0.579514,-0.332934,-0.255473,-0.294804,0.99395,-0.599879,0.025448,-0.141192,-0.153042,1.317243,-0.666639,0.348581,-0.476229,-0.471811,0.051014,-0.726331,0.735502,-0.246813,1.053106,1.058473,-0.776975,-0.251346,-0.349846,0.783928,-0.10988,-0.59862,-0.358089,-0.407628,0.587816,0.009805,0.011246,0.056492,-0.454169,0.505084,-0.486586,-0.490084,-0.306167,-0.19889,0.887878,1.18121,-0.691072,-0.183301,-0.035019,-0.66393,-0.3272,-0.674765,-0.310123,-0.056202,0.596699,0.975508,-0.609691,0.232823,-0.224139,-1.392336,-0.668971,0.753957,-0.736382,0.425035,0.467951,-0.494987,-0.619101,-0.519426,-0.400701,-0.437228,1.005157,-0.414888,-0.530812,-0.41247,-1.11009,0.383804,-0.474931,-0.309359,-0.38637,0.30752,-0.413548,1.142934,-0.133597,-0.320062,-0.498529,-0.556142,-0.581641,-0.354397,-0.283322,-0.046944,0.783039,-0.952325,-0.415436,-0.215184,0.967163,0.101733,-0.850013,-0.61007,-0.107522,0.986138,-0.618576,-0.705481,-0.982926,0.970293,0.125883,0.011945,0.896095,-0.328773,0.214442,0.37719,-1.066049,-0.421557,-0.807453,-0.571565,0.802939,-0.025505,-0.319371,-0.599072,-0.410413,-0.901286,0.129559,-0.416164,-0.644126,-0.426614,0.295536,-0.700241,-0.61649,-0.174666,-0.279103,0.721082,0.093806,-0.139863,-0.455935,-0.394914,0.747574,0.728803,-1.425283,-0.344774,-0.206799,-0.645796,1.043703,-0.995115,-0.744452,-0.135892,0.675665,-0.586456,-1.001495,-1.03637,-0.49583,-0.576509,-0.426082,-0.641958,-0.267967,0.083953,-0.318042,-0.722018,-0.479041,-1.130428,-0.622184,0.050808,-0.633104,-0.20417,1.337294,-0.264935,0.230055,-0.806886,0.839465,-0.054266,-0.302961,0.149294,-0.877815,-0.030401,-0.053453,-0.234154,0.51188,-0.698939,0.260188,-0.207548,-0.249814,0.509806
931.0,80.7,65.4,13.0,20.0,55904.0,56835.0,-0.24853,-1.914973,1.001682,0.114723,0.186072,0.331305,-1.94272,1.051365,-0.510033,-1.229764,0.481622,-1.879346,0.73987,-2.083863,1.29808,0.635837,-1.772743,0.98416,-0.867284,0.950086,-0.256483,-1.877005,0.962214,-1.073586,-1.609101,0.145932,-0.470992,1.212054,1.192047,1.113644,-1.414185,-1.693232,0.968831,0.99535,1.144591,-1.798445,-1.701162,0.947666,0.638313,1.204434,0.696367,-1.667684,1.09357,0.872603,1.295753,1.260262,-1.743137,1.08594,0.903991,1.482189,-0.755053,-1.717178,1.0539,-1.227801,1.265856,0.361356,-1.883152,0.942316,-1.403968,1.560418,-0.662473,-0.923799,0.443007,-1.910405,1.488531,-1.929411,-0.134473,-2.105514,0.852664,1.302405,-1.138526,1.677015,1.309865,1.250379,1.180407,-2.019839,1.602943,0.917688,0.937119,0.758224,0.865387,-1.740229,0.6612,1.061871,0.93209,1.045643,-1.65448,0.521222,0.715093,0.958208,0.653562,-1.527879,0.931884,-1.255854,1.433184,0.736695,0.154263,1.030717,-1.21397,1.124497,-1.723858,-1.365436,1.028716,2.062802,1.287637,-1.88791,-0.099817,0.342744,1.336028,1.267607,-1.922833,-0.286512,-2.458877,0.76667,1.301539,-0.598784,1.295413,0.944323,1.033638,0.822077,-1.843568,-1.591496,0.878226,0.849036,0.542327,1.364632,1.333886,1.07864,1.121835,0.66208,-1.790221,-2.256266,0.550003,-0.503565,0.332633,0.99397,1.680478,-2.017863,1.647682,-0.805966,-1.377857,1.197087,0.935841,2.184248,1.227863,1.221828,-1.240152,0.991131,1.45819,1.281496,2.34527,-0.802355,1.147004,1.191722,1.209561,-1.400259,1.068791,-2.054379,0.966606,1.153986,2.354381,1.570009,1.004701,0.908152,1.003349,-0.157684,-1.405834,0.764092,0.825116,0.640162,-1.560135,2.205923,0.590724,0.866448,0.379687,-2.026935,0.525983,0.749352,1.52017,-2.057066,-0.81365,1.107507,-1.860638,1.127911,0.451149,-0.606003,0.906483,0.82013,1.872619,1.438301,-1.097471,1.784294,0.851153,1.348353,1.231657,0.54357,-0.532639,0.935049,1.419533,1.30114,-0.977663,1.558102,1.388519,0.956486,1.072245,-1.277895,2.057488,-1.563186,0.963595,1.000722,-1.211603,-0.736076,-0.962907,0.674939,0.705133,1.57832,-1.923441,0.81134,0.585057,0.467461,-1.485352,1.183996,0.871703,1.778389,1.336227,1.283485,1.075455,1.195919,0.490121,0.510151,0.804531,1.541189,0.755417,1.026727,1.482487,2.046244,0.803155,0.674812,-2.165838,1.140741,-0.936093,1.458285,-2.804826,0.700886,1.14544,-1.162802,1.729601,-1.3622,0.753863,1.038379,-0.317856,1.60821,-1.696465,0.310269,0.656868,-0.293726
65.0,82.0,70.0,0.0,0.0,56835.0,56900.0,-0.24853,-1.914973,1.001682,0.114723,0.186072,0.331305,-1.94272,1.051365,-0.510033,-1.229764,0.481622,-1.879346,0.73987,-2.083863,1.29808,0.635837,-1.772743,0.98416,-0.867284,0.950086,-0.256483,-1.877005,0.962214,-1.073586,-1.609101,0.145932,-0.470992,1.212054,1.192047,1.113644,-1.414185,-1.693232,0.968831,0.99535,1.144591,-1.798445,-1.701162,0.947666,0.638313,1.204434,0.696367,-1.667684,1.09357,0.872603,1.295753,1.260262,-1.743137,1.08594,0.903991,1.482189,-0.755053,-1.717178,1.0539,-1.227801,1.265856,0.361356,-1.883152,0.942316,-1.403968,1.560418,-0.662473,-0.923799,0.443007,-1.910405,1.488531,-1.929411,-0.134473,-2.105514,0.852664,1.302405,-1.138526,1.677015,1.309865,1.250379,1.180407,-2.019839,1.602943,0.917688,0.937119,0.758224,0.865387,-1.740229,0.6612,1.061871,0.93209,1.045643,-1.65448,0.521222,0.715093,0.958208,0.653562,-1.527879,0.931884,-1.255854,1.433184,0.736695,0.154263,1.030717,-1.21397,1.124497,-1.723858,-1.365436,1.028716,2.062802,1.287637,-1.88791,-0.099817,0.342744,1.336028,1.267607,-1.922833,-0.286512,-2.458877,0.76667,1.301539,-0.598784,1.295413,0.944323,1.033638,0.822077,-1.843568,-1.591496,0.878226,0.849036,0.542327,1.364632,1.333886,1.07864,1.121835,0.66208,-1.790221,-2.256266,0.550003,-0.503565,0.332633,0.99397,1.680478,-2.017863,1.647682,-0.805966,-1.377857,1.197087,0.935841,2.184248,1.227863,1.221828,-1.240152,0.991131,1.45819,1.281496,2.34527,-0.802355,1.147004,1.191722,1.209561,-1.400259,1.068791,-2.054379,0.966606,1.153986,2.354381,1.570009,1.004701,0.908152,1.003349,-0.157684,-1.405834,0.764092,0.825116,0.640162,-1.560135,2.205923,0.590724,0.866448,0.379687,-2.026935,0.525983,0.749352,1.52017,-2.057066,-0.81365,1.107507,-1.860638,1.127911,0.451149,-0.606003,0.906483,0.82013,1.872619,1.438301,-1.097471,1.784294,0.851153,1.348353,1.231657,0.54357,-0.532639,0.935049,1.419533,1.30114,-0.977663,1.558102,1.388519,0.956486,1.072245,-1.277895,2.057488,-1.563186,0.963595,1.000722,-1.211603,-0.736076,-0.962907,0.674939,0.705133,1.57832,-1.923441,0.81134,0.585057,0.467461,-1.485352,1.183996,0.871703,1.778389,1.336227,1.283485,1.075455,1.195919,0.490121,0.510151,0.804531,1.541189,0.755417,1.026727,1.482487,2.046244,0.803155,0.674812,-2.165838,1.140741,-0.936093,1.458285,-2.804826,0.700886,1.14544,-1.162802,1.729601,-1.3622,0.753863,1.038379,-0.317856,1.60821,-1.696465,0.310269,0.656868,-0.293726
133.0,82.0,71.0,4.0,4.0,56900.0,57033.0,-0.24853,-1.914973,1.001682,0.114723,0.186072,0.331305,-1.94272,1.051365,-0.510033,-1.229764,0.481622,-1.879346,0.73987,-2.083863,1.29808,0.635837,-1.772743,0.98416,-0.867284,0.950086,-0.256483,-1.877005,0.962214,-1.073586,-1.609101,0.145932,-0.470992,1.212054,1.192047,1.113644,-1.414185,-1.693232,0.968831,0.99535,1.144591,-1.798445,-1.701162,0.947666,0.638313,1.204434,0.696367,-1.667684,1.09357,0.872603,1.295753,1.260262,-1.743137,1.08594,0.903991,1.482189,-0.755053,-1.717178,1.0539,-1.227801,1.265856,0.361356,-1.883152,0.942316,-1.403968,1.560418,-0.662473,-0.923799,0.443007,-1.910405,1.488531,-1.929411,-0.134473,-2.105514,0.852664,1.302405,-1.138526,1.677015,1.309865,1.250379,1.180407,-2.019839,1.602943,0.917688,0.937119,0.758224,0.865387,-1.740229,0.6612,1.061871,0.93209,1.045643,-1.65448,0.521222,0.715093,0.958208,0.653562,-1.527879,0.931884,-1.255854,1.433184,0.736695,0.154263,1.030717,-1.21397,1.124497,-1.723858,-1.365436,1.028716,2.062802,1.287637,-1.88791,-0.099817,0.342744,1.336028,1.267607,-1.922833,-0.286512,-2.458877,0.76667,1.301539,-0.598784,1.295413,0.944323,1.033638,0.822077,-1.843568,-1.591496,0.878226,0.849036,0.542327,1.364632,1.333886,1.07864,1.121835,0.66208,-1.790221,-2.256266,0.550003,-0.503565,0.332633,0.99397,1.680478,-2.017863,1.647682,-0.805966,-1.377857,1.197087,0.935841,2.184248,1.227863,1.221828,-1.240152,0.991131,1.45819,1.281496,2.34527,-0.802355,1.147004,1.191722,1.209561,-1.400259,1.068791,-2.054379,0.966606,1.153986,2.354381,1.570009,1.004701,0.908152,1.003349,-0.157684,-1.405834,0.764092,0.825116,0.640162,-1.560135,2.205923,0.590724,0.866448,0.379687,-2.026935,0.525983,0.749352,1.52017,-2.057066,-0.81365,1.107507,-1.860638,1.127911,0.451149,-0.606003,0.906483,0.82013,1.872619,1.438301,-1.097471,1.784294,0.851153,1.348353,1.231657,0.54357,-0.532639,0.935049,1.419533,1.30114,-0.977663,1.558102,1.388519,0.956486,1.072245,-1.277895,2.057488,-1.563186,0.963595,1.000722,-1.211603,-0.736076,-0.962907,0.674939,0.705133,1.57832,-1.923441,0.81134,0.585057,0.467461,-1.485352,1.183996,0.871703,1.778389,1.336227,1.283485,1.075455,1.195919,0.490121,0.510151,0.804531,1.541189,0.755417,1.026727,1.482487,2.046244,0.803155,0.674812,-2.165838,1.140741,-0.936093,1.458285,-2.804826,0.700886,1.14544,-1.162802,1.729601,-1.3622,0.753863,1.038379,-0.317856,1.60821,-1.696465,0.310269,0.656868,-0.293726
100.0,82.0,72.0,1.0,3.0,57033.0,57133.0,-0.24853,-1.914973,1.001682,0.114723,0.186072,0.331305,-1.94272,1.051365,-0.510033,-1.229764,0.481622,-1.879346,0.73987,-2.083863,1.29808,0.635837,-1.772743,0.98416,-0.867284,0.950086,-0.256483,-1.877005,0.962214,-1.073586,-1.609101,0.145932,-0.470992,1.212054,1.192047,1.113644,-1.414185,-1.693232,0.968831,0.99535,1.144591,-1.798445,-1.701162,0.947666,0.638313,1.204434,0.696367,-1.667684,1.09357,0.872603,1.295753,1.260262,-1.743137,1.08594,0.903991,1.482189,-0.755053,-1.717178,1.0539,-1.227801,1.265856,0.361356,-1.883152,0.942316,-1.403968,1.560418,-0.662473,-0.923799,0.443007,-1.910405,1.488531,-1.929411,-0.134473,-2.105514,0.852664,1.302405,-1.138526,1.677015,1.309865,1.250379,1.180407,-2.019839,1.602943,0.917688,0.937119,0.758224,0.865387,-1.740229,0.6612,1.061871,0.93209,1.045643,-1.65448,0.521222,0.715093,0.958208,0.653562,-1.527879,0.931884,-1.255854,1.433184,0.736695,0.154263,1.030717,-1.21397,1.124497,-1.723858,-1.365436,1.028716,2.062802,1.287637,-1.88791,-0.099817,0.342744,1.336028,1.267607,-1.922833,-0.286512,-2.458877,0.76667,1.301539,-0.598784,1.295413,0.944323,1.033638,0.822077,-1.843568,-1.591496,0.878226,0.849036,0.542327,1.364632,1.333886,1.07864,1.121835,0.66208,-1.790221,-2.256266,0.550003,-0.503565,0.332633,0.99397,1.680478,-2.017863,1.647682,-0.805966,-1.377857,1.197087,0.935841,2.184248,1.227863,1.221828,-1.240152,0.991131,1.45819,1.281496,2.34527,-0.802355,1.147004,1.191722,1.209561,-1.400259,1.068791,-2.054379,0.966606,1.153986,2.354381,1.570009,1.004701,0.908152,1.003349,-0.157684,-1.405834,0.764092,0.825116,0.640162,-1.560135,2.205923,0.590724,0.866448,0.379687,-2.026935,0.525983,0.749352,1.52017,-2.057066,-0.81365,1.107507,-1.860638,1.127911,0.451149,-0.606003,0.906483,0.82013,1.872619,1.438301,-1.097471,1.784294,0.851153,1.348353,1.231657,0.54357,-0.532639,0.935049,1.419533,1.30114,-0.977663,1.558102,1.388519,0.956486,1.072245,-1.277895,2.057488,-1.563186,0.963595,1.000722,-1.211603,-0.736076,-0.962907,0.674939,0.705133,1.57832,-1.923441,0.81134,0.585057,0.467461,-1.485352,1.183996,0.871703,1.778389,1.336227,1.283485,1.075455,1.195919,0.490121,0.510151,0.804531,1.541189,0.755417,1.026727,1.482487,2.046244,0.803155,0.674812,-2.165838,1.140741,-0.936093,1.458285,-2.804826,0.700886,1.14544,-1.162802,1.729601,-1.3622,0.753863,1.038379,-0.317856,1.60821,-1.696465,0.310269,0.656868,-0.293726
199.0,78.0,64.2,2.0,9.0,57133.0,57332.0,-0.24853,-1.914973,1.001682,0.114723,0.186072,0.331305,-1.94272,1.051365,-0.510033,-1.229764,0.481622,-1.879346,0.73987,-2.083863,1.29808,0.635837,-1.772743,0.98416,-0.867284,0.950086,-0.256483,-1.877005,0.962214,-1.073586,-1.609101,0.145932,-0.470992,1.212054,1.192047,1.113644,-1.414185,-1.693232,0.968831,0.99535,1.144591,-1.798445,-1.701162,0.947666,0.638313,1.204434,0.696367,-1.667684,1.09357,0.872603,1.295753,1.260262,-1.743137,1.08594,0.903991,1.482189,-0.755053,-1.717178,1.0539,-1.227801,1.265856,0.361356,-1.883152,0.942316,-1.403968,1.560418,-0.662473,-0.923799,0.443007,-1.910405,1.488531,-1.929411,-0.134473,-2.105514,0.852664,1.302405,-1.138526,1.677015,1.309865,1.250379,1.180407,-2.019839,1.602943,0.917688,0.937119,0.758224,0.865387,-1.740229,0.6612,1.061871,0.93209,1.045643,-1.65448,0.521222,0.715093,0.958208,0.653562,-1.527879,0.931884,-1.255854,1.433184,0.736695,0.154263,1.030717,-1.21397,1.124497,-1.723858,-1.365436,1.028716,2.062802,1.287637,-1.88791,-0.099817,0.342744,1.336028,1.267607,-1.922833,-0.286512,-2.458877,0.76667,1.301539,-0.598784,1.295413,0.944323,1.033638,0.822077,-1.843568,-1.591496,0.878226,0.849036,0.542327,1.364632,1.333886,1.07864,1.121835,0.66208,-1.790221,-2.256266,0.550003,-0.503565,0.332633,0.99397,1.680478,-2.017863,1.647682,-0.805966,-1.377857,1.197087,0.935841,2.184248,1.227863,1.221828,-1.240152,0.991131,1.45819,1.281496,2.34527,-0.802355,1.147004,1.191722,1.209561,-1.400259,1.068791,-2.054379,0.966606,1.153986,2.354381,1.570009,1.004701,0.908152,1.003349,-0.157684,-1.405834,0.764092,0.825116,0.640162,-1.560135,2.205923,0.590724,0.866448,0.379687,-2.026935,0.525983,0.749352,1.52017,-2.057066,-0.81365,1.107507,-1.860638,1.127911,0.451149,-0.606003,0.906483,0.82013,1.872619,1.438301,-1.097471,1.784294,0.851153,1.348353,1.231657,0.54357,-0.532639,0.935049,1.419533,1.30114,-0.977663,1.558102,1.388519,0.956486,1.072245,-1.277895,2.057488,-1.563186,0.963595,1.000722,-1.211603,-0.736076,-0.962907,0.674939,0.705133,1.57832,-1.923441,0.81134,0.585057,0.467461,-1.485352,1.183996,0.871703,1.778389,1.336227,1.283485,1.075455,1.195919,0.490121,0.510151,0.804531,1.541189,0.755417,1.026727,1.482487,2.046244,0.803155,0.674812,-2.165838,1.140741,-0.936093,1.458285,-2.804826,0.700886,1.14544,-1.162802,1.729601,-1.3622,0.753863,1.038379,-0.317856,1.60821,-1.696465,0.310269,0.656868,-0.293726
166.0,69.2,57.2,3.0,4.0,7770.0,7936.0,-0.24853,-1.914973,1.001682,0.114723,0.186072,0.331305,-1.94272,1.051365,-0.510033,-1.229764,0.481622,-1.879346,0.73987,-2.083863,1.29808,0.635837,-1.772743,0.98416,-0.867284,0.950086,-0.256483,-1.877005,0.962214,-1.073586,-1.609101,0.145932,-0.470992,1.212054,1.192047,1.113644,-1.414185,-1.693232,0.968831,0.99535,1.144591,-1.798445,-1.701162,0.947666,0.638313,1.204434,0.696367,-1.667684,1.09357,0.872603,1.295753,1.260262,-1.743137,1.08594,0.903991,1.482189,-0.755053,-1.717178,1.0539,-1.227801,1.265856,0.361356,-1.883152,0.942316,-1.403968,1.560418,-0.662473,-0.923799,0.443007,-1.910405,1.488531,-1.929411,-0.134473,-2.105514,0.852664,1.302405,-1.138526,1.677015,1.309865,1.250379,1.180407,-2.019839,1.602943,0.917688,0.937119,0.758224,0.865387,-1.740229,0.6612,1.061871,0.93209,1.045643,-1.65448,0.521222,0.715093,0.958208,0.653562,-1.527879,0.931884,-1.255854,1.433184,0.736695,0.154263,1.030717,-1.21397,1.124497,-1.723858,-1.365436,1.028716,2.062802,1.287637,-1.88791,-0.099817,0.342744,1.336028,1.267607,-1.922833,-0.286512,-2.458877,0.76667,1.301539,-0.598784,1.295413,0.944323,1.033638,0.822077,-1.843568,-1.591496,0.878226,0.849036,0.542327,1.364632,1.333886,1.07864,1.121835,0.66208,-1.790221,-2.256266,0.550003,-0.503565,0.332633,0.99397,1.680478,-2.017863,1.647682,-0.805966,-1.377857,1.197087,0.935841,2.184248,1.227863,1.221828,-1.240152,0.991131,1.45819,1.281496,2.34527,-0.802355,1.147004,1.191722,1.209561,-1.400259,1.068791,-2.054379,0.966606,1.153986,2.354381,1.570009,1.004701,0.908152,1.003349,-0.157684,-1.405834,0.764092,0.825116,0.640162,-1.560135,2.205923,0.590724,0.866448,0.379687,-2.026935,0.525983,0.749352,1.52017,-2.057066,-0.81365,1.107507,-1.860638,1.127911,0.451149,-0.606003,0.906483,0.82013,1.872619,1.438301,-1.097471,1.784294,0.851153,1.348353,1.231657,0.54357,-0.532639,0.935049,1.419533,1.30114,-0.977663,1.558102,1.388519,0.956486,1.072245,-1.277895,2.057488,-1.563186,0.963595,1.000722,-1.211603,-0.736076,-0.962907,0.674939,0.705133,1.57832,-1.923441,0.81134,0.585057,0.467461,-1.485352,1.183996,0.871703,1.778389,1.336227,1.283485,1.075455,1.195919,0.490121,0.510151,0.804531,1.541189,0.755417,1.026727,1.482487,2.046244,0.803155,0.674812,-2.165838,1.140741,-0.936093,1.458285,-2.804826,0.700886,1.14544,-1.162802,1.729601,-1.3622,0.753863,1.038379,-0.317856,1.60821,-1.696465,0.310269,0.656868,-0.293726
266.0,77.9,63.1,2.0,6.0,57332.0,57598.0,-0.24853,-1.914973,1.001682,0.114723,0.186072,0.331305,-1.94272,1.051365,-0.510033,-1.229764,0.481622,-1.879346,0.73987,-2.083863,1.29808,0.635837,-1.772743,0.98416,-0.867284,0.950086,-0.256483,-1.877005,0.962214,-1.073586,-1.609101,0.145932,-0.470992,1.212054,1.192047,1.113644,-1.414185,-1.693232,0.968831,0.99535,1.144591,-1.798445,-1.701162,0.947666,0.638313,1.204434,0.696367,-1.667684,1.09357,0.872603,1.295753,1.260262,-1.743137,1.08594,0.903991,1.482189,-0.755053,-1.717178,1.0539,-1.227801,1.265856,0.361356,-1.883152,0.942316,-1.403968,1.560418,-0.662473,-0.923799,0.443007,-1.910405,1.488531,-1.929411,-0.134473,-2.105514,0.852664,1.302405,-1.138526,1.677015,1.309865,1.250379,1.180407,-2.019839,1.602943,0.917688,0.937119,0.758224,0.865387,-1.740229,0.6612,1.061871,0.93209,1.045643,-1.65448,0.521222,0.715093,0.958208,0.653562,-1.527879,0.931884,-1.255854,1.433184,0.736695,0.154263,1.030717,-1.21397,1.124497,-1.723858,-1.365436,1.028716,2.062802,1.287637,-1.88791,-0.099817,0.342744,1.336028,1.267607,-1.922833,-0.286512,-2.458877,0.76667,1.301539,-0.598784,1.295413,0.944323,1.033638,0.822077,-1.843568,-1.591496,0.878226,0.849036,0.542327,1.364632,1.333886,1.07864,1.121835,0.66208,-1.790221,-2.256266,0.550003,-0.503565,0.332633,0.99397,1.680478,-2.017863,1.647682,-0.805966,-1.377857,1.197087,0.935841,2.184248,1.227863,1.221828,-1.240152,0.991131,1.45819,1.281496,2.34527,-0.802355,1.147004,1.191722,1.209561,-1.400259,1.068791,-2.054379,0.966606,1.153986,2.354381,1.570009,1.004701,0.908152,1.003349,-0.157684,-1.405834,0.764092,0.825116,0.640162,-1.560135,2.205923,0.590724,0.866448,0.379687,-2.026935,0.525983,0.749352,1.52017,-2.057066,-0.81365,1.107507,-1.860638,1.127911,0.451149,-0.606003,0.906483,0.82013,1.872619,1.438301,-1.097471,1.784294,0.851153,1.348353,1.231657,0.54357,-0.532639,0.935049,1.419533,1.30114,-0.977663,1.558102,1.388519,0.956486,1.072245,-1.277895,2.057488,-1.563186,0.963595,1.000722,-1.211603,-0.736076,-0.962907,0.674939,0.705133,1.57832,-1.923441,0.81134,0.585057,0.467461,-1.485352,1.183996,0.871703,1.778389,1.336227,1.283485,1.075455,1.195919,0.490121,0.510151,0.804531,1.541189,0.755417,1.026727,1.482487,2.046244,0.803155,0.674812,-2.165838,1.140741,-0.936093,1.458285,-2.804826,0.700886,1.14544,-1.162802,1.729601,-1.3622,0.753863,1.038379,-0.317856,1.60821,-1.696465,0.310269,0.656868,-0.293726
398.0,79.0,64.9,4.0,13.0,57598.0,57996.0,-0.24853,-1.914973,1.001682,0.114723,0.186072,0.331305,-1.94272,1.051365,-0.510033,-1.229764,0.481622,-1.879346,0.73987,-2.083863,1.29808,0.635837,-1.772743,0.98416,-0.867284,0.950086,-0.256483,-1.877005,0.962214,-1.073586,-1.609101,0.145932,-0.470992,1.212054,1.192047,1.113644,-1.414185,-1.693232,0.968831,0.99535,1.144591,-1.798445,-1.701162,0.947666,0.638313,1.204434,0.696367,-1.667684,1.09357,0.872603,1.295753,1.260262,-1.743137,1.08594,0.903991,1.482189,-0.755053,-1.717178,1.0539,-1.227801,1.265856,0.361356,-1.883152,0.942316,-1.403968,1.560418,-0.662473,-0.923799,0.443007,-1.910405,1.488531,-1.929411,-0.134473,-2.105514,0.852664,1.302405,-1.138526,1.677015,1.309865,1.250379,1.180407,-2.019839,1.602943,0.917688,0.937119,0.758224,0.865387,-1.740229,0.6612,1.061871,0.93209,1.045643,-1.65448,0.521222,0.715093,0.958208,0.653562,-1.527879,0.931884,-1.255854,1.433184,0.736695,0.154263,1.030717,-1.21397,1.124497,-1.723858,-1.365436,1.028716,2.062802,1.287637,-1.88791,-0.099817,0.342744,1.336028,1.267607,-1.922833,-0.286512,-2.458877,0.76667,1.301539,-0.598784,1.295413,0.944323,1.033638,0.822077,-1.843568,-1.591496,0.878226,0.849036,0.542327,1.364632,1.333886,1.07864,1.121835,0.66208,-1.790221,-2.256266,0.550003,-0.503565,0.332633,0.99397,1.680478,-2.017863,1.647682,-0.805966,-1.377857,1.197087,0.935841,2.184248,1.227863,1.221828,-1.240152,0.991131,1.45819,1.281496,2.34527,-0.802355,1.147004,1.191722,1.209561,-1.400259,1.068791,-2.054379,0.966606,1.153986,2.354381,1.570009,1.004701,0.908152,1.003349,-0.157684,-1.405834,0.764092,0.825116,0.640162,-1.560135,2.205923,0.590724,0.866448,0.379687,-2.026935,0.525983,0.749352,1.52017,-2.057066,-0.81365,1.107507,-1.860638,1.127911,0.451149,-0.606003,0.906483,0.82013,1.872619,1.438301,-1.097471,1.784294,0.851153,1.348353,1.231657,0.54357,-0.532639,0.935049,1.419533,1.30114,-0.977663,1.558102,1.388519,0.956486,1.072245,-1.277895,2.057488,-1.563186,0.963595,1.000722,-1.211603,-0.736076,-0.962907,0.674939,0.705133,1.57832,-1.923441,0.81134,0.585057,0.467461,-1.485352,1.183996,0.871703,1.778389,1.336227,1.283485,1.075455,1.195919,0.490121,0.510151,0.804531,1.541189,0.755417,1.026727,1.482487,2.046244,0.803155,0.674812,-2.165838,1.140741,-0.936093,1.458285,-2.804826,0.700886,1.14544,-1.162802,1.729601,-1.3622,0.753863,1.038379,-0.317856,1.60821,-1.696465,0.310269,0.656868,-0.293726
66.0,80.0,64.5,0.0,2.0,57996.0,58062.0,-0.24853,-1.914973,1.001682,0.114723,0.186072,0.331305,-1.94272,1.051365,-0.510033,-1.229764,0.481622,-1.879346,0.73987,-2.083863,1.29808,0.635837,-1.772743,0.98416,-0.867284,0.950086,-0.256483,-1.877005,0.962214,-1.073586,-1.609101,0.145932,-0.470992,1.212054,1.192047,1.113644,-1.414185,-1.693232,0.968831,0.99535,1.144591,-1.798445,-1.701162,0.947666,0.638313,1.204434,0.696367,-1.667684,1.09357,0.872603,1.295753,1.260262,-1.743137,1.08594,0.903991,1.482189,-0.755053,-1.717178,1.0539,-1.227801,1.265856,0.361356,-1.883152,0.942316,-1.403968,1.560418,-0.662473,-0.923799,0.443007,-1.910405,1.488531,-1.929411,-0.134473,-2.105514,0.852664,1.302405,-1.138526,1.677015,1.309865,1.250379,1.180407,-2.019839,1.602943,0.917688,0.937119,0.758224,0.865387,-1.740229,0.6612,1.061871,0.93209,1.045643,-1.65448,0.521222,0.715093,0.958208,0.653562,-1.527879,0.931884,-1.255854,1.433184,0.736695,0.154263,1.030717,-1.21397,1.124497,-1.723858,-1.365436,1.028716,2.062802,1.287637,-1.88791,-0.099817,0.342744,1.336028,1.267607,-1.922833,-0.286512,-2.458877,0.76667,1.301539,-0.598784,1.295413,0.944323,1.033638,0.822077,-1.843568,-1.591496,0.878226,0.849036,0.542327,1.364632,1.333886,1.07864,1.121835,0.66208,-1.790221,-2.256266,0.550003,-0.503565,0.332633,0.99397,1.680478,-2.017863,1.647682,-0.805966,-1.377857,1.197087,0.935841,2.184248,1.227863,1.221828,-1.240152,0.991131,1.45819,1.281496,2.34527,-0.802355,1.147004,1.191722,1.209561,-1.400259,1.068791,-2.054379,0.966606,1.153986,2.354381,1.570009,1.004701,0.908152,1.003349,-0.157684,-1.405834,0.764092,0.825116,0.640162,-1.560135,2.205923,0.590724,0.866448,0.379687,-2.026935,0.525983,0.749352,1.52017,-2.057066,-0.81365,1.107507,-1.860638,1.127911,0.451149,-0.606003,0.906483,0.82013,1.872619,1.438301,-1.097471,1.784294,0.851153,1.348353,1.231657,0.54357,-0.532639,0.935049,1.419533,1.30114,-0.977663,1.558102,1.388519,0.956486,1.072245,-1.277895,2.057488,-1.563186,0.963595,1.000722,-1.211603,-0.736076,-0.962907,0.674939,0.705133,1.57832,-1.923441,0.81134,0.585057,0.467461,-1.485352,1.183996,0.871703,1.778389,1.336227,1.283485,1.075455,1.195919,0.490121,0.510151,0.804531,1.541189,0.755417,1.026727,1.482487,2.046244,0.803155,0.674812,-2.165838,1.140741,-0.936093,1.458285,-2.804826,0.700886,1.14544,-1.162802,1.729601,-1.3622,0.753863,1.038379,-0.317856,1.60821,-1.696465,0.310269,0.656868,-0.293726
332.0,82.3,71.9,4.0,6.0,58062.0,58394.0,-0.24853,-1.914973,1.001682,0.114723,0.186072,0.331305,-1.94272,1.051365,-0.510033,-1.229764,0.481622,-1.879346,0.73987,-2.083863,1.29808,0.635837,-1.772743,0.98416,-0.867284,0.950086,-0.256483,-1.877005,0.962214,-1.073586,-1.609101,0.145932,-0.470992,1.212054,1.192047,1.113644,-1.414185,-1.693232,0.968831,0.99535,1.144591,-1.798445,-1.701162,0.947666,0.638313,1.204434,0.696367,-1.667684,1.09357,0.872603,1.295753,1.260262,-1.743137,1.08594,0.903991,1.482189,-0.755053,-1.717178,1.0539,-1.227801,1.265856,0.361356,-1.883152,0.942316,-1.403968,1.560418,-0.662473,-0.923799,0.443007,-1.910405,1.488531,-1.929411,-0.134473,-2.105514,0.852664,1.302405,-1.138526,1.677015,1.309865,1.250379,1.180407,-2.019839,1.602943,0.917688,0.937119,0.758224,0.865387,-1.740229,0.6612,1.061871,0.93209,1.045643,-1.65448,0.521222,0.715093,0.958208,0.653562,-1.527879,0.931884,-1.255854,1.433184,0.736695,0.154263,1.030717,-1.21397,1.124497,-1.723858,-1.365436,1.028716,2.062802,1.287637,-1.88791,-0.099817,0.342744,1.336028,1.267607,-1.922833,-0.286512,-2.458877,0.76667,1.301539,-0.598784,1.295413,0.944323,1.033638,0.822077,-1.843568,-1.591496,0.878226,0.849036,0.542327,1.364632,1.333886,1.07864,1.121835,0.66208,-1.790221,-2.256266,0.550003,-0.503565,0.332633,0.99397,1.680478,-2.017863,1.647682,-0.805966,-1.377857,1.197087,0.935841,2.184248,1.227863,1.221828,-1.240152,0.991131,1.45819,1.281496,2.34527,-0.802355,1.147004,1.191722,1.209561,-1.400259,1.068791,-2.054379,0.966606,1.153986,2.354381,1.570009,1.004701,0.908152,1.003349,-0.157684,-1.405834,0.764092,0.825116,0.640162,-1.560135,2.205923,0.590724,0.866448,0.379687,-2.026935,0.525983,0.749352,1.52017,-2.057066,-0.81365,1.107507,-1.860638,1.127911,0.451149,-0.606003,0.906483,0.82013,1.872619,1.438301,-1.097471,1.784294,0.851153,1.348353,1.231657,0.54357,-0.532639,0.935049,1.419533,1.30114,-0.977663,1.558102,1.388519,0.956486,1.072245,-1.277895,2.057488,-1.563186,0.963595,1.000722,-1.211603,-0.736076,-0.962907,0.674939,0.705133,1.57832,-1.923441,0.81134,0.585057,0.467461,-1.485352,1.183996,0.871703,1.778389,1.336227,1.283485,1.075455,1.195919,0.490121,0.510151,0.804531,1.541189,0.755417,1.026727,1.482487,2.046244,0.803155,0.674812,-2.165838,1.140741,-0.936093,1.458285,-2.804826,0.700886,1.14544,-1.162802,1.729601,-1.3622,0.753863,1.038379,-0.317856,1.60821,-1.696465,0.310269,0.656868,-0.293726
132.0,72.3,59.5,2.0,2.0,58394.0,58526.0,-0.24853,-1.914973,1.001682,0.114723,0.186072,0.331305,-1.94272,1.051365,-0.510033,-1.229764,0.481622,-1.879346,0.73987,-2.083863,1.29808,0.635837,-1.772743,0.98416,-0.867284,0.950086,-0.256483,-1.877005,0.962214,-1.073586,-1.609101,0.145932,-0.470992,1.212054,1.192047,1.113644,-1.414185,-1.693232,0.968831,0.99535,1.144591,-1.798445,-1.701162,0.947666,0.638313,1.204434,0.696367,-1.667684,1.09357,0.872603,1.295753,1.260262,-1.743137,1.08594,0.903991,1.482189,-0.755053,-1.717178,1.0539,-1.227801,1.265856,0.361356,-1.883152,0.942316,-1.403968,1.560418,-0.662473,-0.923799,0.443007,-1.910405,1.488531,-1.929411,-0.134473,-2.105514,0.852664,1.302405,-1.138526,1.677015,1.309865,1.250379,1.180407,-2.019839,1.602943,0.917688,0.937119,0.758224,0.865387,-1.740229,0.6612,1.061871,0.93209,1.045643,-1.65448,0.521222,0.715093,0.958208,0.653562,-1.527879,0.931884,-1.255854,1.433184,0.736695,0.154263,1.030717,-1.21397,1.124497,-1.723858,-1.365436,1.028716,2.062802,1.287637,-1.88791,-0.099817,0.342744,1.336028,1.267607,-1.922833,-0.286512,-2.458877,0.76667,1.301539,-0.598784,1.295413,0.944323,1.033638,0.822077,-1.843568,-1.591496,0.878226,0.849036,0.542327,1.364632,1.333886,1.07864,1.121835,0.66208,-1.790221,-2.256266,0.550003,-0.503565,0.332633,0.99397,1.680478,-2.017863,1.647682,-0.805966,-1.377857,1.197087,0.935841,2.184248,1.227863,1.221828,-1.240152,0.991131,1.45819,1.281496,2.34527,-0.802355,1.147004,1.191722,1.209561,-1.400259,1.068791,-2.054379,0.966606,1.153986,2.354381,1.570009,1.004701,0.908152,1.003349,-0.157684,-1.405834,0.764092,0.825116,0.640162,-1.560135,2.205923,0.590724,0.866448,0.379687,-2.026935,0.525983,0.749352,1.52017,-2.057066,-0.81365,1.107507,-1.860638,1.127911,0.451149,-0.606003,0.906483,0.82013,1.872619,1.438301,-1.097471,1.784294,0.851153,1.348353,1.231657,0.54357,-0.532639,0.935049,1.419533,1.30114,-0.977663,1.558102,1.388519,0.956486,1.072245,-1.277895,2.057488,-1.563186,0.963595,1.000722,-1.211603,-0.736076,-0.962907,0.674939,0.705133,1.57832,-1.923441,0.81134,0.585057,0.467461,-1.485352,1.183996,0.871703,1.778389,1.336227,1.283485,1.075455,1.195919,0.490121,0.510151,0.804531,1.541189,0.755417,1.026727,1.482487,2.046244,0.803155,0.674812,-2.165838,1.140741,-0.936093,1.458285,-2.804826,0.700886,1.14544,-1.162802,1.729601,-1.3622,0.753863,1.038379,-0.317856,1.60821,-1.696465,0.310269,0.656868,-0.293726
332.0,75.6,62.0,3.0,17.0,58526.0,58858.0,-0.287669,0.494901,-0.680248,-0.570276,0.352276,-0.274373,0.485977,-0.727398,-0.400577,0.761962,-0.397463,0.493204,-0.666113,0.494903,-0.495791,-0.379076,0.771926,-0.647757,0.131175,-0.275575,0.083204,0.850998,-0.660814,-0.20134,0.872573,-0.085354,0.934316,-0.546038,-0.404163,-0.405894,0.457338,1.16601,-0.540525,-0.302306,-0.419428,0.640749,0.869188,-0.564222,-0.410862,-0.28824,-0.289921,0.930057,-0.621291,-1.216362,-0.186538,-0.349912,1.029923,-0.646233,-1.494324,-0.176871,0.054323,0.897637,-0.675995,0.261952,0.256247,-0.132489,0.900364,-0.654195,0.671947,-0.133649,0.251773,0.206313,-0.615996,1.170157,-0.247433,0.665786,0.060721,-0.087043,0.079434,-0.414531,1.054102,-0.545327,-0.641859,-0.438414,-0.431766,0.805659,-0.481248,-0.471352,-0.209982,-0.183272,0.008183,1.280405,-0.508599,-0.276334,-0.194968,-0.232122,0.993105,-0.528944,0.097799,-0.076907,-0.081022,1.371089,-0.613397,0.307435,-0.428754,-0.389163,0.168623,-0.675405,0.69706,-0.189994,1.138583,1.151,-0.724222,-0.271523,-0.296606,0.898455,-0.007548,-0.51579,-0.312411,-0.356446,0.66957,0.140311,0.164037,0.140079,-0.407838,0.62341,-0.41224,-0.427618,-0.246635,-0.142806,0.878582,1.27006,-0.631758,-0.120803,0.032322,-0.585469,-0.255289,-0.626998,-0.249077,0.015274,0.549847,1.00917,-0.547051,0.341712,-0.173669,-1.296624,-0.62413,0.746874,-0.662379,0.360846,0.463406,-0.437967,-0.567827,-0.498042,-0.347135,-0.314113,1.122747,-0.360056,-0.499697,-0.364214,-1.027445,0.474911,-0.416564,-0.263881,-0.338694,0.364296,-0.334935,1.221543,-0.081065,-0.270958,-0.402777,-0.493555,-0.5067,-0.295295,-0.229769,-0.047082,0.794701,-0.9002,-0.347824,-0.141009,0.934239,0.247285,-0.796011,-0.559217,-0.032573,1.019795,-0.527704,-0.656001,-0.994388,1.009313,0.103109,0.066033,0.868605,-0.381967,0.294628,0.250283,-1.078559,-0.361629,-0.783018,-0.543538,0.764249,-0.078319,-0.256161,-0.562462,-0.358511,-0.953097,0.19248,-0.359982,-0.601904,-0.379225,0.283705,-0.655086,-0.570501,-0.118886,-0.227735,0.705309,0.145029,0.050321,-0.398433,-0.336441,0.713034,0.714415,-1.286653,-0.29464,-0.137015,-0.650212,1.063057,-0.952217,-0.687627,-0.051692,0.736278,-0.520347,-0.956823,-1.019132,-0.445529,-0.514263,-0.369082,-0.579686,-0.323223,0.123671,-0.261495,-0.704219,-0.408854,-1.173058,-0.585247,0.043227,-0.578585,-0.145433,1.318334,-0.217826,0.182086,-0.795153,0.840875,0.008036,-0.252906,0.186136,-0.85158,-0.054723,0.009513,-0.181071,0.483206,-0.657386,0.353782,-0.116843,-0.173431,0.479648
364.0,74.7,61.2,2.0,5.0,58858.0,59222.0,-0.24853,-1.914973,1.001682,0.114723,0.186072,0.331305,-1.94272,1.051365,-0.510033,-1.229764,0.481622,-1.879346,0.73987,-2.083863,1.29808,0.635837,-1.772743,0.98416,-0.867284,0.950086,-0.256483,-1.877005,0.962214,-1.073586,-1.609101,0.145932,-0.470992,1.212054,1.192047,1.113644,-1.414185,-1.693232,0.968831,0.99535,1.144591,-1.798445,-1.701162,0.947666,0.638313,1.204434,0.696367,-1.667684,1.09357,0.872603,1.295753,1.260262,-1.743137,1.08594,0.903991,1.482189,-0.755053,-1.717178,1.0539,-1.227801,1.265856,0.361356,-1.883152,0.942316,-1.403968,1.560418,-0.662473,-0.923799,0.443007,-1.910405,1.488531,-1.929411,-0.134473,-2.105514,0.852664,1.302405,-1.138526,1.677015,1.309865,1.250379,1.180407,-2.019839,1.602943,0.917688,0.937119,0.758224,0.865387,-1.740229,0.6612,1.061871,0.93209,1.045643,-1.65448,0.521222,0.715093,0.958208,0.653562,-1.527879,0.931884,-1.255854,1.433184,0.736695,0.154263,1.030717,-1.21397,1.124497,-1.723858,-1.365436,1.028716,2.062802,1.287637,-1.88791,-0.099817,0.342744,1.336028,1.267607,-1.922833,-0.286512,-2.458877,0.76667,1.301539,-0.598784,1.295413,0.944323,1.033638,0.822077,-1.843568,-1.591496,0.878226,0.849036,0.542327,1.364632,1.333886,1.07864,1.121835,0.66208,-1.790221,-2.256266,0.550003,-0.503565,0.332633,0.99397,1.680478,-2.017863,1.647682,-0.805966,-1.377857,1.197087,0.935841,2.184248,1.227863,1.221828,-1.240152,0.991131,1.45819,1.281496,2.34527,-0.802355,1.147004,1.191722,1.209561,-1.400259,1.068791,-2.054379,0.966606,1.153986,2.354381,1.570009,1.004701,0.908152,1.003349,-0.157684,-1.405834,0.764092,0.825116,0.640162,-1.560135,2.205923,0.590724,0.866448,0.379687,-2.026935,0.525983,0.749352,1.52017,-2.057066,-0.81365,1.107507,-1.860638,1.127911,0.451149,-0.606003,0.906483,0.82013,1.872619,1.438301,-1.097471,1.784294,0.851153,1.348353,1.231657,0.54357,-0.532639,0.935049,1.419533,1.30114,-0.977663,1.558102,1.388519,0.956486,1.072245,-1.277895,2.057488,-1.563186,0.963595,1.000722,-1.211603,-0.736076,-0.962907,0.674939,0.705133,1.57832,-1.923441,0.81134,0.585057,0.467461,-1.485352,1.183996,0.871703,1.778389,1.336227,1.283485,1.075455,1.195919,0.490121,0.510151,0.804531,1.541189,0.755417,1.026727,1.482487,2.046244,0.803155,0.674812,-2.165838,1.140741,-0.936093,1.458285,-2.804826,0.700886,1.14544,-1.162802,1.729601,-1.3622,0.753863,1.038379,-0.317856,1.60821,-1.696465,0.310269,0.656868,-0.293726
100.0,85.7,74.3,1.0,1.0,59222.0,59322.0,-0.24853,-1.914973,1.001682,0.114723,0.186072,0.331305,-1.94272,1.051365,-0.510033,-1.229764,0.481622,-1.879346,0.73987,-2.083863,1.29808,0.635837,-1.772743,0.98416,-0.867284,0.950086,-0.256483,-1.877005,0.962214,-1.073586,-1.609101,0.145932,-0.470992,1.212054,1.192047,1.113644,-1.414185,-1.693232,0.968831,0.99535,1.144591,-1.798445,-1.701162,0.947666,0.638313,1.204434,0.696367,-1.667684,1.09357,0.872603,1.295753,1.260262,-1.743137,1.08594,0.903991,1.482189,-0.755053,-1.717178,1.0539,-1.227801,1.265856,0.361356,-1.883152,0.942316,-1.403968,1.560418,-0.662473,-0.923799,0.443007,-1.910405,1.488531,-1.929411,-0.134473,-2.105514,0.852664,1.302405,-1.138526,1.677015,1.309865,1.250379,1.180407,-2.019839,1.602943,0.917688,0.937119,0.758224,0.865387,-1.740229,0.6612,1.061871,0.93209,1.045643,-1.65448,0.521222,0.715093,0.958208,0.653562,-1.527879,0.931884,-1.255854,1.433184,0.736695,0.154263,1.030717,-1.21397,1.124497,-1.723858,-1.365436,1.028716,2.062802,1.287637,-1.88791,-0.099817,0.342744,1.336028,1.267607,-1.922833,-0.286512,-2.458877,0.76667,1.301539,-0.598784,1.295413,0.944323,1.033638,0.822077,-1.843568,-1.591496,0.878226,0.849036,0.542327,1.364632,1.333886,1.07864,1.121835,0.66208,-1.790221,-2.256266,0.550003,-0.503565,0.332633,0.99397,1.680478,-2.017863,1.647682,-0.805966,-1.377857,1.197087,0.935841,2.184248,1.227863,1.221828,-1.240152,0.991131,1.45819,1.281496,2.34527,-0.802355,1.147004,1.191722,1.209561,-1.400259,1.068791,-2.054379,0.966606,1.153986,2.354381,1.570009,1.004701,0.908152,1.003349,-0.157684,-1.405834,0.764092,0.825116,0.640162,-1.560135,2.205923,0.590724,0.866448,0.379687,-2.026935,0.525983,0.749352,1.52017,-2.057066,-0.81365,1.107507,-1.860638,1.127911,0.451149,-0.606003,0.906483,0.82013,1.872619,1.438301,-1.097471,1.784294,0.851153,1.348353,1.231657,0.54357,-0.532639,0.935049,1.419533,1.30114,-0.977663,1.558102,1.388519,0.956486,1.072245,-1.277895,2.057488,-1.563186,0.963595,1.000722,-1.211603,-0.736076,-0.962907,0.674939,0.705133,1.57832,-1.923441,0.81134,0.585057,0.467461,-1.485352,1.183996,0.871703,1.778389,1.336227,1.283485,1.075455,1.195919,0.490121,0.510151,0.804531,1.541189,0.755417,1.026727,1.482487,2.046244,0.803155,0.674812,-2.165838,1.140741,-0.936093,1.458285,-2.804826,0.700886,1.14544,-1.162802,1.729601,-1.3622,0.753863,1.038379,-0.317856,1.60821,-1.696465,0.310269,0.656868,-0.293726
366.0,86.8,70.4,3.0,5.0,59322.0,59688.0,-0.24853,-1.914973,1.001682,0.114723,0.186072,0.331305,-1.94272,1.051365,-0.510033,-1.229764,0.481622,-1.879346,0.73987,-2.083863,1.29808,0.635837,-1.772743,0.98416,-0.867284,0.950086,-0.256483,-1.877005,0.962214,-1.073586,-1.609101,0.145932,-0.470992,1.212054,1.192047,1.113644,-1.414185,-1.693232,0.968831,0.99535,1.144591,-1.798445,-1.701162,0.947666,0.638313,1.204434,0.696367,-1.667684,1.09357,0.872603,1.295753,1.260262,-1.743137,1.08594,0.903991,1.482189,-0.755053,-1.717178,1.0539,-1.227801,1.265856,0.361356,-1.883152,0.942316,-1.403968,1.560418,-0.662473,-0.923799,0.443007,-1.910405,1.488531,-1.929411,-0.134473,-2.105514,0.852664,1.302405,-1.138526,1.677015,1.309865,1.250379,1.180407,-2.019839,1.602943,0.917688,0.937119,0.758224,0.865387,-1.740229,0.6612,1.061871,0.93209,1.045643,-1.65448,0.521222,0.715093,0.958208,0.653562,-1.527879,0.931884,-1.255854,1.433184,0.736695,0.154263,1.030717,-1.21397,1.124497,-1.723858,-1.365436,1.028716,2.062802,1.287637,-1.88791,-0.099817,0.342744,1.336028,1.267607,-1.922833,-0.286512,-2.458877,0.76667,1.301539,-0.598784,1.295413,0.944323,1.033638,0.822077,-1.843568,-1.591496,0.878226,0.849036,0.542327,1.364632,1.333886,1.07864,1.121835,0.66208,-1.790221,-2.256266,0.550003,-0.503565,0.332633,0.99397,1.680478,-2.017863,1.647682,-0.805966,-1.377857,1.197087,0.935841,2.184248,1.227863,1.221828,-1.240152,0.991131,1.45819,1.281496,2.34527,-0.802355,1.147004,1.191722,1.209561,-1.400259,1.068791,-2.054379,0.966606,1.153986,2.354381,1.570009,1.004701,0.908152,1.003349,-0.157684,-1.405834,0.764092,0.825116,0.640162,-1.560135,2.205923,0.590724,0.866448,0.379687,-2.026935,0.525983,0.749352,1.52017,-2.057066,-0.81365,1.107507,-1.860638,1.127911,0.451149,-0.606003,0.906483,0.82013,1.872619,1.438301,-1.097471,1.784294,0.851153,1.348353,1.231657,0.54357,-0.532639,0.935049,1.419533,1.30114,-0.977663,1.558102,1.388519,0.956486,1.072245,-1.277895,2.057488,-1.563186,0.963595,1.000722,-1.211603,-0.736076,-0.962907,0.674939,0.705133,1.57832,-1.923441,0.81134,0.585057,0.467461,-1.485352,1.183996,0.871703,1.778389,1.336227,1.283485,1.075455,1.195919,0.490121,0.510151,0.804531,1.541189,0.755417,1.026727,1.482487,2.046244,0.803155,0.674812,-2.165838,1.140741,-0.936093,1.458285,-2.804826,0.700886,1.14544,-1.162802,1.729601,-1.3622,0.753863,1.038379,-0.317856,1.60821,-1.696465,0.310269,0.656868,-0.293726
499.0,87.9,72.4,4.0,5.0,59688.0,60187.0,-0.24853,-1.914973,1.001682,0.114723,0.186072,0.331305,-1.94272,1.051365,-0.510033,-1.229764,0.481622,-1.879346,0.73987,-2.083863,1.29808,0.635837,-1.772743,0.98416,-0.867284,0.950086,-0.256483,-1.877005,0.962214,-1.073586,-1.609101,0.145932,-0.470992,1.212054,1.192047,1.113644,-1.414185,-1.693232,0.968831,0.99535,1.144591,-1.798445,-1.701162,0.947666,0.638313,1.204434,0.696367,-1.667684,1.09357,0.872603,1.295753,1.260262,-1.743137,1.08594,0.903991,1.482189,-0.755053,-1.717178,1.0539,-1.227801,1.265856,0.361356,-1.883152,0.942316,-1.403968,1.560418,-0.662473,-0.923799,0.443007,-1.910405,1.488531,-1.929411,-0.134473,-2.105514,0.852664,1.302405,-1.138526,1.677015,1.309865,1.250379,1.180407,-2.019839,1.602943,0.917688,0.937119,0.758224,0.865387,-1.740229,0.6612,1.061871,0.93209,1.045643,-1.65448,0.521222,0.715093,0.958208,0.653562,-1.527879,0.931884,-1.255854,1.433184,0.736695,0.154263,1.030717,-1.21397,1.124497,-1.723858,-1.365436,1.028716,2.062802,1.287637,-1.88791,-0.099817,0.342744,1.336028,1.267607,-1.922833,-0.286512,-2.458877,0.76667,1.301539,-0.598784,1.295413,0.944323,1.033638,0.822077,-1.843568,-1.591496,0.878226,0.849036,0.542327,1.364632,1.333886,1.07864,1.121835,0.66208,-1.790221,-2.256266,0.550003,-0.503565,0.332633,0.99397,1.680478,-2.017863,1.647682,-0.805966,-1.377857,1.197087,0.935841,2.184248,1.227863,1.221828,-1.240152,0.991131,1.45819,1.281496,2.34527,-0.802355,1.147004,1.191722,1.209561,-1.400259,1.068791,-2.054379,0.966606,1.153986,2.354381,1.570009,1.004701,0.908152,1.003349,-0.157684,-1.405834,0.764092,0.825116,0.640162,-1.560135,2.205923,0.590724,0.866448,0.379687,-2.026935,0.525983,0.749352,1.52017,-2.057066,-0.81365,1.107507,-1.860638,1.127911,0.451149,-0.606003,0.906483,0.82013,1.872619,1.438301,-1.097471,1.784294,0.851153,1.348353,1.231657,0.54357,-0.532639,0.935049,1.419533,1.30114,-0.977663,1.558102,1.388519,0.956486,1.072245,-1.277895,2.057488,-1.563186,0.963595,1.000722,-1.211603,-0.736076,-0.962907,0.674939,0.705133,1.57832,-1.923441,0.81134,0.585057,0.467461,-1.485352,1.183996,0.871703,1.778389,1.336227,1.283485,1.075455,1.195919,0.490121,0.510151,0.804531,1.541189,0.755417,1.026727,1.482487,2.046244,0.803155,0.674812,-2.165838,1.140741,-0.936093,1.458285,-2.804826,0.700886,1.14544,-1.162802,1.729601,-1.3622,0.753863,1.038379,-0.317856,1.60821,-1.696465,0.310269,0.656868,-0.293726
133.0,64.0,51.8,2.0,13.0,7936.0,8069.0,-0.983132,0.446179,-1.260447,-0.303495,-0.95105,-1.121732,0.138157,-1.298584,-1.02856,0.358026,-1.229515,-0.335845,-1.2845,0.562299,-1.184371,-1.034854,0.740253,-1.118917,0.766101,-0.667819,-0.992749,0.661533,-1.166069,0.505757,0.485746,-0.633463,0.341312,-1.108345,-1.115517,-1.096853,0.023784,0.549182,-1.137502,-1.051999,-1.050979,0.269328,0.91221,-1.142096,-1.159295,-0.986175,-1.028203,0.907872,-1.11795,-1.471852,-1.067524,-0.976949,0.859591,-1.087979,-1.395075,-1.163492,-0.739903,1.012142,-1.103559,0.773145,-1.298442,-0.982395,0.255075,-1.117846,0.8313,-1.255675,-0.884487,-0.924217,-1.211957,1.149641,-1.027086,0.419291,-1.166688,-1.164423,-1.008986,-0.972721,1.026925,-1.071051,-1.07296,-1.022737,-1.025874,1.014544,-1.182191,-1.145565,-0.93709,-0.978508,-0.842237,0.64812,-1.133469,-0.936228,-0.962289,-0.810571,1.000062,-1.164601,-0.680786,-0.95261,-0.838993,0.392936,-1.077939,1.029651,-1.09093,-1.093283,-0.962192,-1.079257,1.147589,-1.060342,0.426317,0.26737,-1.081918,-0.144743,-1.034468,0.138285,-1.017333,-1.160892,-0.916968,-0.972141,0.422403,-1.128863,-0.792267,-0.987447,-0.972731,-0.140611,-1.119856,-1.090997,-0.963361,-0.900193,0.992459,0.047886,-1.152098,-0.939275,-0.893111,-1.021472,-1.091224,-1.073616,-0.998705,-0.914608,0.906412,0.552122,-1.110356,-0.596607,-0.834822,-1.251052,-1.079932,0.5412,-1.084706,1.009924,0.800164,-0.981103,-1.033616,-0.669531,-1.00773,-1.300585,-0.401718,-0.954005,-0.883968,-0.9489,-0.971927,-0.64907,-0.978481,-0.887719,-0.915501,0.461542,-1.202779,0.080456,-0.868684,-0.917215,-0.584642,-1.150986,-1.089368,-0.998211,-0.923186,1.287967,0.677647,-1.204032,-1.099891,-0.984219,1.328564,-1.269601,-1.175312,-1.227222,-0.895965,0.602358,-1.311724,-1.09794,-0.827932,0.375724,0.824167,-0.890178,1.08047,0.640693,-0.753952,1.478226,-0.748803,-1.006003,-0.942779,-0.888357,1.069903,-0.50967,-0.958296,-1.016554,-0.956677,0.208133,-0.893861,-1.019117,-1.069549,-0.907748,0.942615,-1.10293,-1.036929,-0.859486,-0.875224,1.074212,-0.361389,-1.257381,-1.060282,-1.02207,1.102037,0.886671,-1.636782,-1.051561,-1.001228,-0.633254,0.669029,-1.224676,-1.457713,-1.003687,0.062821,-1.213385,-1.291174,-1.194568,-0.99584,-1.130374,-1.045138,-1.161463,-0.076457,-0.753816,-1.023917,-1.01098,-1.224242,-0.795077,-1.028019,0.456908,-1.199979,-0.964231,0.683076,-0.863794,0.99245,-1.008237,0.32436,-0.893735,-0.896278,0.651975,-1.071889,-0.584122,-0.840189,-0.875137,1.143837,-1.057176,-0.773179,-1.155861,-1.053545,1.145788
332.0,87.0,71.2,3.0,1.0,60187.0,60519.0,-0.24853,-1.914973,1.001682,0.114723,0.186072,0.331305,-1.94272,1.051365,-0.510033,-1.229764,0.481622,-1.879346,0.73987,-2.083863,1.29808,0.635837,-1.772743,0.98416,-0.867284,0.950086,-0.256483,-1.877005,0.962214,-1.073586,-1.609101,0.145932,-0.470992,1.212054,1.192047,1.113644,-1.414185,-1.693232,0.968831,0.99535,1.144591,-1.798445,-1.701162,0.947666,0.638313,1.204434,0.696367,-1.667684,1.09357,0.872603,1.295753,1.260262,-1.743137,1.08594,0.903991,1.482189,-0.755053,-1.717178,1.0539,-1.227801,1.265856,0.361356,-1.883152,0.942316,-1.403968,1.560418,-0.662473,-0.923799,0.443007,-1.910405,1.488531,-1.929411,-0.134473,-2.105514,0.852664,1.302405,-1.138526,1.677015,1.309865,1.250379,1.180407,-2.019839,1.602943,0.917688,0.937119,0.758224,0.865387,-1.740229,0.6612,1.061871,0.93209,1.045643,-1.65448,0.521222,0.715093,0.958208,0.653562,-1.527879,0.931884,-1.255854,1.433184,0.736695,0.154263,1.030717,-1.21397,1.124497,-1.723858,-1.365436,1.028716,2.062802,1.287637,-1.88791,-0.099817,0.342744,1.336028,1.267607,-1.922833,-0.286512,-2.458877,0.76667,1.301539,-0.598784,1.295413,0.944323,1.033638,0.822077,-1.843568,-1.591496,0.878226,0.849036,0.542327,1.364632,1.333886,1.07864,1.121835,0.66208,-1.790221,-2.256266,0.550003,-0.503565,0.332633,0.99397,1.680478,-2.017863,1.647682,-0.805966,-1.377857,1.197087,0.935841,2.184248,1.227863,1.221828,-1.240152,0.991131,1.45819,1.281496,2.34527,-0.802355,1.147004,1.191722,1.209561,-1.400259,1.068791,-2.054379,0.966606,1.153986,2.354381,1.570009,1.004701,0.908152,1.003349,-0.157684,-1.405834,0.764092,0.825116,0.640162,-1.560135,2.205923,0.590724,0.866448,0.379687,-2.026935,0.525983,0.749352,1.52017,-2.057066,-0.81365,1.107507,-1.860638,1.127911,0.451149,-0.606003,0.906483,0.82013,1.872619,1.438301,-1.097471,1.784294,0.851153,1.348353,1.231657,0.54357,-0.532639,0.935049,1.419533,1.30114,-0.977663,1.558102,1.388519,0.956486,1.072245,-1.277895,2.057488,-1.563186,0.963595,1.000722,-1.211603,-0.736076,-0.962907,0.674939,0.705133,1.57832,-1.923441,0.81134,0.585057,0.467461,-1.485352,1.183996,0.871703,1.778389,1.336227,1.283485,1.075455,1.195919,0.490121,0.510151,0.804531,1.541189,0.755417,1.026727,1.482487,2.046244,0.803155,0.674812,-2.165838,1.140741,-0.936093,1.458285,-2.804826,0.700886,1.14544,-1.162802,1.729601,-1.3622,0.753863,1.038379,-0.317856,1.60821,-1.696465,0.310269,0.656868,-0.293726
166.0,81.8,67.0,6.0,14.0,60519.0,60685.0,-0.24853,-1.914973,1.001682,0.114723,0.186072,0.331305,-1.94272,1.051365,-0.510033,-1.229764,0.481622,-1.879346,0.73987,-2.083863,1.29808,0.635837,-1.772743,0.98416,-0.867284,0.950086,-0.256483,-1.877005,0.962214,-1.073586,-1.609101,0.145932,-0.470992,1.212054,1.192047,1.113644,-1.414185,-1.693232,0.968831,0.99535,1.144591,-1.798445,-1.701162,0.947666,0.638313,1.204434,0.696367,-1.667684,1.09357,0.872603,1.295753,1.260262,-1.743137,1.08594,0.903991,1.482189,-0.755053,-1.717178,1.0539,-1.227801,1.265856,0.361356,-1.883152,0.942316,-1.403968,1.560418,-0.662473,-0.923799,0.443007,-1.910405,1.488531,-1.929411,-0.134473,-2.105514,0.852664,1.302405,-1.138526,1.677015,1.309865,1.250379,1.180407,-2.019839,1.602943,0.917688,0.937119,0.758224,0.865387,-1.740229,0.6612,1.061871,0.93209,1.045643,-1.65448,0.521222,0.715093,0.958208,0.653562,-1.527879,0.931884,-1.255854,1.433184,0.736695,0.154263,1.030717,-1.21397,1.124497,-1.723858,-1.365436,1.028716,2.062802,1.287637,-1.88791,-0.099817,0.342744,1.336028,1.267607,-1.922833,-0.286512,-2.458877,0.76667,1.301539,-0.598784,1.295413,0.944323,1.033638,0.822077,-1.843568,-1.591496,0.878226,0.849036,0.542327,1.364632,1.333886,1.07864,1.121835,0.66208,-1.790221,-2.256266,0.550003,-0.503565,0.332633,0.99397,1.680478,-2.017863,1.647682,-0.805966,-1.377857,1.197087,0.935841,2.184248,1.227863,1.221828,-1.240152,0.991131,1.45819,1.281496,2.34527,-0.802355,1.147004,1.191722,1.209561,-1.400259,1.068791,-2.054379,0.966606,1.153986,2.354381,1.570009,1.004701,0.908152,1.003349,-0.157684,-1.405834,0.764092,0.825116,0.640162,-1.560135,2.205923,0.590724,0.866448,0.379687,-2.026935,0.525983,0.749352,1.52017,-2.057066,-0.81365,1.107507,-1.860638,1.127911,0.451149,-0.606003,0.906483,0.82013,1.872619,1.438301,-1.097471,1.784294,0.851153,1.348353,1.231657,0.54357,-0.532639,0.935049,1.419533,1.30114,-0.977663,1.558102,1.388519,0.956486,1.072245,-1.277895,2.057488,-1.563186,0.963595,1.000722,-1.211603,-0.736076,-0.962907,0.674939,0.705133,1.57832,-1.923441,0.81134,0.585057,0.467461,-1.485352,1.183996,0.871703,1.778389,1.336227,1.283485,1.075455,1.195919,0.490121,0.510151,0.804531,1.541189,0.755417,1.026727,1.482487,2.046244,0.803155,0.674812,-2.165838,1.140741,-0.936093,1.458285,-2.804826,0.700886,1.14544,-1.162802,1.729601,-1.3622,0.753863,1.038379,-0.317856,1.60821,-1.696465,0.310269,0.656868,-0.293726
502.0,72.3,57.9,8.0,11.0,60685.0,61187.0,-0.24853,-1.914973,1.001682,0.114723,0.186072,0.331305,-1.94272,1.051365,-0.510033,-1.229764,0.481622,-1.879346,0.73987,-2.083863,1.29808,0.635837,-1.772743,0.98416,-0.867284,0.950086,-0.256483,-1.877005,0.962214,-1.073586,-1.609101,0.145932,-0.470992,1.212054,1.192047,1.113644,-1.414185,-1.693232,0.968831,0.99535,1.144591,-1.798445,-1.701162,0.947666,0.638313,1.204434,0.696367,-1.667684,1.09357,0.872603,1.295753,1.260262,-1.743137,1.08594,0.903991,1.482189,-0.755053,-1.717178,1.0539,-1.227801,1.265856,0.361356,-1.883152,0.942316,-1.403968,1.560418,-0.662473,-0.923799,0.443007,-1.910405,1.488531,-1.929411,-0.134473,-2.105514,0.852664,1.302405,-1.138526,1.677015,1.309865,1.250379,1.180407,-2.019839,1.602943,0.917688,0.937119,0.758224,0.865387,-1.740229,0.6612,1.061871,0.93209,1.045643,-1.65448,0.521222,0.715093,0.958208,0.653562,-1.527879,0.931884,-1.255854,1.433184,0.736695,0.154263,1.030717,-1.21397,1.124497,-1.723858,-1.365436,1.028716,2.062802,1.287637,-1.88791,-0.099817,0.342744,1.336028,1.267607,-1.922833,-0.286512,-2.458877,0.76667,1.301539,-0.598784,1.295413,0.944323,1.033638,0.822077,-1.843568,-1.591496,0.878226,0.849036,0.542327,1.364632,1.333886,1.07864,1.121835,0.66208,-1.790221,-2.256266,0.550003,-0.503565,0.332633,0.99397,1.680478,-2.017863,1.647682,-0.805966,-1.377857,1.197087,0.935841,2.184248,1.227863,1.221828,-1.240152,0.991131,1.45819,1.281496,2.34527,-0.802355,1.147004,1.191722,1.209561,-1.400259,1.068791,-2.054379,0.966606,1.153986,2.354381,1.570009,1.004701,0.908152,1.003349,-0.157684,-1.405834,0.764092,0.825116,0.640162,-1.560135,2.205923,0.590724,0.866448,0.379687,-2.026935,0.525983,0.749352,1.52017,-2.057066,-0.81365,1.107507,-1.860638,1.127911,0.451149,-0.606003,0.906483,0.82013,1.872619,1.438301,-1.097471,1.784294,0.851153,1.348353,1.231657,0.54357,-0.532639,0.935049,1.419533,1.30114,-0.977663,1.558102,1.388519,0.956486,1.072245,-1.277895,2.057488,-1.563186,0.963595,1.000722,-1.211603,-0.736076,-0.962907,0.674939,0.705133,1.57832,-1.923441,0.81134,0.585057,0.467461,-1.485352,1.183996,0.871703,1.778389,1.336227,1.283485,1.075455,1.195919,0.490121,0.510151,0.804531,1.541189,0.755417,1.026727,1.482487,2.046244,0.803155,0.674812,-2.165838,1.140741,-0.936093,1.458285,-2.804826,0.700886,1.14544,-1.162802,1.729601,-1.3622,0.753863,1.038379,-0.317856,1.60821,-1.696465,0.310269,0.656868,-0.293726
99.0,72.7,56.0,2.0,2.0,61187.0,61286.0,-0.24853,-1.914973,1.001682,0.114723,0.186072,0.331305,-1.94272,1.051365,-0.510033,-1.229764,0.481622,-1.879346,0.73987,-2.083863,1.29808,0.635837,-1.772743,0.98416,-0.867284,0.950086,-0.256483,-1.877005,0.962214,-1.073586,-1.609101,0.145932,-0.470992,1.212054,1.192047,1.113644,-1.414185,-1.693232,0.968831,0.99535,1.144591,-1.798445,-1.701162,0.947666,0.638313,1.204434,0.696367,-1.667684,1.09357,0.872603,1.295753,1.260262,-1.743137,1.08594,0.903991,1.482189,-0.755053,-1.717178,1.0539,-1.227801,1.265856,0.361356,-1.883152,0.942316,-1.403968,1.560418,-0.662473,-0.923799,0.443007,-1.910405,1.488531,-1.929411,-0.134473,-2.105514,0.852664,1.302405,-1.138526,1.677015,1.309865,1.250379,1.180407,-2.019839,1.602943,0.917688,0.937119,0.758224,0.865387,-1.740229,0.6612,1.061871,0.93209,1.045643,-1.65448,0.521222,0.715093,0.958208,0.653562,-1.527879,0.931884,-1.255854,1.433184,0.736695,0.154263,1.030717,-1.21397,1.124497,-1.723858,-1.365436,1.028716,2.062802,1.287637,-1.88791,-0.099817,0.342744,1.336028,1.267607,-1.922833,-0.286512,-2.458877,0.76667,1.301539,-0.598784,1.295413,0.944323,1.033638,0.822077,-1.843568,-1.591496,0.878226,0.849036,0.542327,1.364632,1.333886,1.07864,1.121835,0.66208,-1.790221,-2.256266,0.550003,-0.503565,0.332633,0.99397,1.680478,-2.017863,1.647682,-0.805966,-1.377857,1.197087,0.935841,2.184248,1.227863,1.221828,-1.240152,0.991131,1.45819,1.281496,2.34527,-0.802355,1.147004,1.191722,1.209561,-1.400259,1.068791,-2.054379,0.966606,1.153986,2.354381,1.570009,1.004701,0.908152,1.003349,-0.157684,-1.405834,0.764092,0.825116,0.640162,-1.560135,2.205923,0.590724,0.866448,0.379687,-2.026935,0.525983,0.749352,1.52017,-2.057066,-0.81365,1.107507,-1.860638,1.127911,0.451149,-0.606003,0.906483,0.82013,1.872619,1.438301,-1.097471,1.784294,0.851153,1.348353,1.231657,0.54357,-0.532639,0.935049,1.419533,1.30114,-0.977663,1.558102,1.388519,0.956486,1.072245,-1.277895,2.057488,-1.563186,0.963595,1.000722,-1.211603,-0.736076,-0.962907,0.674939,0.705133,1.57832,-1.923441,0.81134,0.585057,0.467461,-1.485352,1.183996,0.871703,1.778389,1.336227,1.283485,1.075455,1.195919,0.490121,0.510151,0.804531,1.541189,0.755417,1.026727,1.482487,2.046244,0.803155,0.674812,-2.165838,1.140741,-0.936093,1.458285,-2.804826,0.700886,1.14544,-1.162802,1.729601,-1.3622,0.753863,1.038379,-0.317856,1.60821,-1.696465,0.310269,0.656868,-0.293726
299.0,69.7,53.2,17.0,9.0,61286.0,61585.0,-0.24853,-1.914973,1.001682,0.114723,0.186072,0.331305,-1.94272,1.051365,-0.510033,-1.229764,0.481622,-1.879346,0.73987,-2.083863,1.29808,0.635837,-1.772743,0.98416,-0.867284,0.950086,-0.256483,-1.877005,0.962214,-1.073586,-1.609101,0.145932,-0.470992,1.212054,1.192047,1.113644,-1.414185,-1.693232,0.968831,0.99535,1.144591,-1.798445,-1.701162,0.947666,0.638313,1.204434,0.696367,-1.667684,1.09357,0.872603,1.295753,1.260262,-1.743137,1.08594,0.903991,1.482189,-0.755053,-1.717178,1.0539,-1.227801,1.265856,0.361356,-1.883152,0.942316,-1.403968,1.560418,-0.662473,-0.923799,0.443007,-1.910405,1.488531,-1.929411,-0.134473,-2.105514,0.852664,1.302405,-1.138526,1.677015,1.309865,1.250379,1.180407,-2.019839,1.602943,0.917688,0.937119,0.758224,0.865387,-1.740229,0.6612,1.061871,0.93209,1.045643,-1.65448,0.521222,0.715093,0.958208,0.653562,-1.527879,0.931884,-1.255854,1.433184,0.736695,0.154263,1.030717,-1.21397,1.124497,-1.723858,-1.365436,1.028716,2.062802,1.287637,-1.88791,-0.099817,0.342744,1.336028,1.267607,-1.922833,-0.286512,-2.458877,0.76667,1.301539,-0.598784,1.295413,0.944323,1.033638,0.822077,-1.843568,-1.591496,0.878226,0.849036,0.542327,1.364632,1.333886,1.07864,1.121835,0.66208,-1.790221,-2.256266,0.550003,-0.503565,0.332633,0.99397,1.680478,-2.017863,1.647682,-0.805966,-1.377857,1.197087,0.935841,2.184248,1.227863,1.221828,-1.240152,0.991131,1.45819,1.281496,2.34527,-0.802355,1.147004,1.191722,1.209561,-1.400259,1.068791,-2.054379,0.966606,1.153986,2.354381,1.570009,1.004701,0.908152,1.003349,-0.157684,-1.405834,0.764092,0.825116,0.640162,-1.560135,2.205923,0.590724,0.866448,0.379687,-2.026935,0.525983,0.749352,1.52017,-2.057066,-0.81365,1.107507,-1.860638,1.127911,0.451149,-0.606003,0.906483,0.82013,1.872619,1.438301,-1.097471,1.784294,0.851153,1.348353,1.231657,0.54357,-0.532639,0.935049,1.419533,1.30114,-0.977663,1.558102,1.388519,0.956486,1.072245,-1.277895,2.057488,-1.563186,0.963595,1.000722,-1.211603,-0.736076,-0.962907,0.674939,0.705133,1.57832,-1.923441,0.81134,0.585057,0.467461,-1.485352,1.183996,0.871703,1.778389,1.336227,1.283485,1.075455,1.195919,0.490121,0.510151,0.804531,1.541189,0.755417,1.026727,1.482487,2.046244,0.803155,0.674812,-2.165838,1.140741,-0.936093,1.458285,-2.804826,0.700886,1.14544,-1.162802,1.729601,-1.3622,0.753863,1.038379,-0.317856,1.60821,-1.696465,0.310269,0.656868,-0.293726
432.0,67.2,51.8,26.0,4.0,61585.0,62017.0,-0.24853,-1.914973,1.001682,0.114723,0.186072,0.331305,-1.94272,1.051365,-0.510033,-1.229764,0.481622,-1.879346,0.73987,-2.083863,1.29808,0.635837,-1.772743,0.98416,-0.867284,0.950086,-0.256483,-1.877005,0.962214,-1.073586,-1.609101,0.145932,-0.470992,1.212054,1.192047,1.113644,-1.414185,-1.693232,0.968831,0.99535,1.144591,-1.798445,-1.701162,0.947666,0.638313,1.204434,0.696367,-1.667684,1.09357,0.872603,1.295753,1.260262,-1.743137,1.08594,0.903991,1.482189,-0.755053,-1.717178,1.0539,-1.227801,1.265856,0.361356,-1.883152,0.942316,-1.403968,1.560418,-0.662473,-0.923799,0.443007,-1.910405,1.488531,-1.929411,-0.134473,-2.105514,0.852664,1.302405,-1.138526,1.677015,1.309865,1.250379,1.180407,-2.019839,1.602943,0.917688,0.937119,0.758224,0.865387,-1.740229,0.6612,1.061871,0.93209,1.045643,-1.65448,0.521222,0.715093,0.958208,0.653562,-1.527879,0.931884,-1.255854,1.433184,0.736695,0.154263,1.030717,-1.21397,1.124497,-1.723858,-1.365436,1.028716,2.062802,1.287637,-1.88791,-0.099817,0.342744,1.336028,1.267607,-1.922833,-0.286512,-2.458877,0.76667,1.301539,-0.598784,1.295413,0.944323,1.033638,0.822077,-1.843568,-1.591496,0.878226,0.849036,0.542327,1.364632,1.333886,1.07864,1.121835,0.66208,-1.790221,-2.256266,0.550003,-0.503565,0.332633,0.99397,1.680478,-2.017863,1.647682,-0.805966,-1.377857,1.197087,0.935841,2.184248,1.227863,1.221828,-1.240152,0.991131,1.45819,1.281496,2.34527,-0.802355,1.147004,1.191722,1.209561,-1.400259,1.068791,-2.054379,0.966606,1.153986,2.354381,1.570009,1.004701,0.908152,1.003349,-0.157684,-1.405834,0.764092,0.825116,0.640162,-1.560135,2.205923,0.590724,0.866448,0.379687,-2.026935,0.525983,0.749352,1.52017,-2.057066,-0.81365,1.107507,-1.860638,1.127911,0.451149,-0.606003,0.906483,0.82013,1.872619,1.438301,-1.097471,1.784294,0.851153,1.348353,1.231657,0.54357,-0.532639,0.935049,1.419533,1.30114,-0.977663,1.558102,1.388519,0.956486,1.072245,-1.277895,2.057488,-1.563186,0.963595,1.000722,-1.211603,-0.736076,-0.962907,0.674939,0.705133,1.57832,-1.923441,0.81134,0.585057,0.467461,-1.485352,1.183996,0.871703,1.778389,1.336227,1.283485,1.075455,1.195919,0.490121,0.510151,0.804531,1.541189,0.755417,1.026727,1.482487,2.046244,0.803155,0.674812,-2.165838,1.140741,-0.936093,1.458285,-2.804826,0.700886,1.14544,-1.162802,1.729601,-1.3622,0.753863,1.038379,-0.317856,1.60821,-1.696465,0.310269,0.656868,-0.293726
233.0,74.0,62.1,7.0,5.0,62017.0,62250.0,-0.205748,0.517669,-0.617848,-0.496954,0.490355,-0.194356,0.527704,-0.668464,-0.284752,0.804317,-0.315144,0.575443,-0.599361,0.500568,-0.441956,-0.31295,0.780877,-0.601398,0.101827,-0.287969,0.17528,0.869003,-0.609792,-0.25292,0.859898,0.000771,0.977481,-0.492529,-0.345642,-0.35113,0.536689,1.191473,-0.483895,-0.247359,-0.370971,0.697559,0.859007,-0.511472,-0.350029,-0.241047,-0.22194,0.922168,-0.575355,-1.164077,-0.134961,-0.296193,1.030671,-0.603726,-1.445433,-0.126349,0.142542,0.882158,-0.632732,0.240755,0.308238,-0.05317,0.959428,-0.606835,0.655879,-0.085084,0.371771,0.319357,-0.556716,1.118644,-0.205749,0.733704,0.166135,0.052603,0.145565,-0.376828,1.116973,-0.508722,-0.598839,-0.39687,-0.388323,0.811036,-0.431645,-0.412319,-0.163049,-0.131231,0.073166,1.310364,-0.450258,-0.229769,-0.145191,-0.180554,0.99241,-0.470587,0.157323,-0.02402,-0.021771,1.415388,-0.569595,0.273583,-0.389697,-0.321169,0.265379,-0.633508,0.665434,-0.14325,1.208905,1.227122,-0.680823,-0.288124,-0.252805,0.992675,0.07664,-0.447647,-0.274832,-0.314338,0.736829,0.247678,0.289737,0.208845,-0.369721,0.720756,-0.351076,-0.376227,-0.197657,-0.096667,0.870935,1.343156,-0.58296,-0.069386,0.087723,-0.52092,-0.196128,-0.587701,-0.198854,0.074077,0.511302,1.036863,-0.495518,0.431295,-0.132148,-1.217882,-0.58724,0.741047,-0.601497,0.308038,0.459667,-0.391057,-0.525644,-0.48045,-0.303066,-0.212828,1.219487,-0.314945,-0.474099,-0.324514,-0.959452,0.549865,-0.368545,-0.226467,-0.299471,0.411006,-0.27026,1.286214,-0.037847,-0.23056,-0.324002,-0.442065,-0.445047,-0.246673,-0.185711,-0.047197,0.804296,-0.857316,-0.2922,-0.079987,0.907153,0.367029,-0.751584,-0.51738,0.029087,1.047484,-0.452944,-0.615293,-1.003818,1.041414,0.084373,0.110531,0.845989,-0.42573,0.360597,0.145877,-1.088852,-0.312327,-0.762916,-0.520481,0.732419,-0.121769,-0.204158,-0.532344,-0.315812,-0.995721,0.244246,-0.313761,-0.567168,-0.340238,0.273972,-0.617938,-0.532667,-0.072996,-0.185474,0.692333,0.187171,0.206785,-0.351126,-0.288336,0.684619,0.702579,-1.172602,-0.253396,-0.079604,-0.653845,1.07898,-0.916925,-0.640877,0.017579,0.786143,-0.46596,-0.920072,-1.00495,-0.404147,-0.463054,-0.322188,-0.528455,-0.368682,0.156347,-0.214974,-0.689576,-0.351112,-1.208129,-0.554859,0.03699,-0.533732,-0.09711,1.302736,-0.179071,0.142621,-0.7855,0.842036,0.059292,-0.211726,0.216446,-0.829996,-0.074732,0.061315,-0.1374,0.459616,-0.623201,0.430781,-0.042221,-0.110592,0.454838
166.0,75.8,63.0,11.0,3.0,62250.0,62416.0,-0.24853,-1.914973,1.001682,0.114723,0.186072,0.331305,-1.94272,1.051365,-0.510033,-1.229764,0.481622,-1.879346,0.73987,-2.083863,1.29808,0.635837,-1.772743,0.98416,-0.867284,0.950086,-0.256483,-1.877005,0.962214,-1.073586,-1.609101,0.145932,-0.470992,1.212054,1.192047,1.113644,-1.414185,-1.693232,0.968831,0.99535,1.144591,-1.798445,-1.701162,0.947666,0.638313,1.204434,0.696367,-1.667684,1.09357,0.872603,1.295753,1.260262,-1.743137,1.08594,0.903991,1.482189,-0.755053,-1.717178,1.0539,-1.227801,1.265856,0.361356,-1.883152,0.942316,-1.403968,1.560418,-0.662473,-0.923799,0.443007,-1.910405,1.488531,-1.929411,-0.134473,-2.105514,0.852664,1.302405,-1.138526,1.677015,1.309865,1.250379,1.180407,-2.019839,1.602943,0.917688,0.937119,0.758224,0.865387,-1.740229,0.6612,1.061871,0.93209,1.045643,-1.65448,0.521222,0.715093,0.958208,0.653562,-1.527879,0.931884,-1.255854,1.433184,0.736695,0.154263,1.030717,-1.21397,1.124497,-1.723858,-1.365436,1.028716,2.062802,1.287637,-1.88791,-0.099817,0.342744,1.336028,1.267607,-1.922833,-0.286512,-2.458877,0.76667,1.301539,-0.598784,1.295413,0.944323,1.033638,0.822077,-1.843568,-1.591496,0.878226,0.849036,0.542327,1.364632,1.333886,1.07864,1.121835,0.66208,-1.790221,-2.256266,0.550003,-0.503565,0.332633,0.99397,1.680478,-2.017863,1.647682,-0.805966,-1.377857,1.197087,0.935841,2.184248,1.227863,1.221828,-1.240152,0.991131,1.45819,1.281496,2.34527,-0.802355,1.147004,1.191722,1.209561,-1.400259,1.068791,-2.054379,0.966606,1.153986,2.354381,1.570009,1.004701,0.908152,1.003349,-0.157684,-1.405834,0.764092,0.825116,0.640162,-1.560135,2.205923,0.590724,0.866448,0.379687,-2.026935,0.525983,0.749352,1.52017,-2.057066,-0.81365,1.107507,-1.860638,1.127911,0.451149,-0.606003,0.906483,0.82013,1.872619,1.438301,-1.097471,1.784294,0.851153,1.348353,1.231657,0.54357,-0.532639,0.935049,1.419533,1.30114,-0.977663,1.558102,1.388519,0.956486,1.072245,-1.277895,2.057488,-1.563186,0.963595,1.000722,-1.211603,-0.736076,-0.962907,0.674939,0.705133,1.57832,-1.923441,0.81134,0.585057,0.467461,-1.485352,1.183996,0.871703,1.778389,1.336227,1.283485,1.075455,1.195919,0.490121,0.510151,0.804531,1.541189,0.755417,1.026727,1.482487,2.046244,0.803155,0.674812,-2.165838,1.140741,-0.936093,1.458285,-2.804826,0.700886,1.14544,-1.162802,1.729601,-1.3622,0.753863,1.038379,-0.317856,1.60821,-1.696465,0.310269,0.656868,-0.293726
66.0,78.0,65.5,0.0,3.0,62416.0,62482.0,-0.24853,-1.914973,1.001682,0.114723,0.186072,0.331305,-1.94272,1.051365,-0.510033,-1.229764,0.481622,-1.879346,0.73987,-2.083863,1.29808,0.635837,-1.772743,0.98416,-0.867284,0.950086,-0.256483,-1.877005,0.962214,-1.073586,-1.609101,0.145932,-0.470992,1.212054,1.192047,1.113644,-1.414185,-1.693232,0.968831,0.99535,1.144591,-1.798445,-1.701162,0.947666,0.638313,1.204434,0.696367,-1.667684,1.09357,0.872603,1.295753,1.260262,-1.743137,1.08594,0.903991,1.482189,-0.755053,-1.717178,1.0539,-1.227801,1.265856,0.361356,-1.883152,0.942316,-1.403968,1.560418,-0.662473,-0.923799,0.443007,-1.910405,1.488531,-1.929411,-0.134473,-2.105514,0.852664,1.302405,-1.138526,1.677015,1.309865,1.250379,1.180407,-2.019839,1.602943,0.917688,0.937119,0.758224,0.865387,-1.740229,0.6612,1.061871,0.93209,1.045643,-1.65448,0.521222,0.715093,0.958208,0.653562,-1.527879,0.931884,-1.255854,1.433184,0.736695,0.154263,1.030717,-1.21397,1.124497,-1.723858,-1.365436,1.028716,2.062802,1.287637,-1.88791,-0.099817,0.342744,1.336028,1.267607,-1.922833,-0.286512,-2.458877,0.76667,1.301539,-0.598784,1.295413,0.944323,1.033638,0.822077,-1.843568,-1.591496,0.878226,0.849036,0.542327,1.364632,1.333886,1.07864,1.121835,0.66208,-1.790221,-2.256266,0.550003,-0.503565,0.332633,0.99397,1.680478,-2.017863,1.647682,-0.805966,-1.377857,1.197087,0.935841,2.184248,1.227863,1.221828,-1.240152,0.991131,1.45819,1.281496,2.34527,-0.802355,1.147004,1.191722,1.209561,-1.400259,1.068791,-2.054379,0.966606,1.153986,2.354381,1.570009,1.004701,0.908152,1.003349,-0.157684,-1.405834,0.764092,0.825116,0.640162,-1.560135,2.205923,0.590724,0.866448,0.379687,-2.026935,0.525983,0.749352,1.52017,-2.057066,-0.81365,1.107507,-1.860638,1.127911,0.451149,-0.606003,0.906483,0.82013,1.872619,1.438301,-1.097471,1.784294,0.851153,1.348353,1.231657,0.54357,-0.532639,0.935049,1.419533,1.30114,-0.977663,1.558102,1.388519,0.956486,1.072245,-1.277895,2.057488,-1.563186,0.963595,1.000722,-1.211603,-0.736076,-0.962907,0.674939,0.705133,1.57832,-1.923441,0.81134,0.585057,0.467461,-1.485352,1.183996,0.871703,1.778389,1.336227,1.283485,1.075455,1.195919,0.490121,0.510151,0.804531,1.541189,0.755417,1.026727,1.482487,2.046244,0.803155,0.674812,-2.165838,1.140741,-0.936093,1.458285,-2.804826,0.700886,1.14544,-1.162802,1.729601,-1.3622,0.753863,1.038379,-0.317856,1.60821,-1.696465,0.310269,0.656868,-0.293726
232.0,82.1,70.1,9.0,4.0,62482.0,62714.0,-0.24853,-1.914973,1.001682,0.114723,0.186072,0.331305,-1.94272,1.051365,-0.510033,-1.229764,0.481622,-1.879346,0.73987,-2.083863,1.29808,0.635837,-1.772743,0.98416,-0.867284,0.950086,-0.256483,-1.877005,0.962214,-1.073586,-1.609101,0.145932,-0.470992,1.212054,1.192047,1.113644,-1.414185,-1.693232,0.968831,0.99535,1.144591,-1.798445,-1.701162,0.947666,0.638313,1.204434,0.696367,-1.667684,1.09357,0.872603,1.295753,1.260262,-1.743137,1.08594,0.903991,1.482189,-0.755053,-1.717178,1.0539,-1.227801,1.265856,0.361356,-1.883152,0.942316,-1.403968,1.560418,-0.662473,-0.923799,0.443007,-1.910405,1.488531,-1.929411,-0.134473,-2.105514,0.852664,1.302405,-1.138526,1.677015,1.309865,1.250379,1.180407,-2.019839,1.602943,0.917688,0.937119,0.758224,0.865387,-1.740229,0.6612,1.061871,0.93209,1.045643,-1.65448,0.521222,0.715093,0.958208,0.653562,-1.527879,0.931884,-1.255854,1.433184,0.736695,0.154263,1.030717,-1.21397,1.124497,-1.723858,-1.365436,1.028716,2.062802,1.287637,-1.88791,-0.099817,0.342744,1.336028,1.267607,-1.922833,-0.286512,-2.458877,0.76667,1.301539,-0.598784,1.295413,0.944323,1.033638,0.822077,-1.843568,-1.591496,0.878226,0.849036,0.542327,1.364632,1.333886,1.07864,1.121835,0.66208,-1.790221,-2.256266,0.550003,-0.503565,0.332633,0.99397,1.680478,-2.017863,1.647682,-0.805966,-1.377857,1.197087,0.935841,2.184248,1.227863,1.221828,-1.240152,0.991131,1.45819,1.281496,2.34527,-0.802355,1.147004,1.191722,1.209561,-1.400259,1.068791,-2.054379,0.966606,1.153986,2.354381,1.570009,1.004701,0.908152,1.003349,-0.157684,-1.405834,0.764092,0.825116,0.640162,-1.560135,2.205923,0.590724,0.866448,0.379687,-2.026935,0.525983,0.749352,1.52017,-2.057066,-0.81365,1.107507,-1.860638,1.127911,0.451149,-0.606003,0.906483,0.82013,1.872619,1.438301,-1.097471,1.784294,0.851153,1.348353,1.231657,0.54357,-0.532639,0.935049,1.419533,1.30114,-0.977663,1.558102,1.388519,0.956486,1.072245,-1.277895,2.057488,-1.563186,0.963595,1.000722,-1.211603,-0.736076,-0.962907,0.674939,0.705133,1.57832,-1.923441,0.81134,0.585057,0.467461,-1.485352,1.183996,0.871703,1.778389,1.336227,1.283485,1.075455,1.195919,0.490121,0.510151,0.804531,1.541189,0.755417,1.026727,1.482487,2.046244,0.803155,0.674812,-2.165838,1.140741,-0.936093,1.458285,-2.804826,0.700886,1.14544,-1.162802,1.729601,-1.3622,0.753863,1.038379,-0.317856,1.60821,-1.696465,0.310269,0.656868,-0.293726
65.0,64.0,51.5,0.0,10.0,8069.0,8134.0,-0.24853,-1.914973,1.001682,0.114723,0.186072,0.331305,-1.94272,1.051365,-0.510033,-1.229764,0.481622,-1.879346,0.73987,-2.083863,1.29808,0.635837,-1.772743,0.98416,-0.867284,0.950086,-0.256483,-1.877005,0.962214,-1.073586,-1.609101,0.145932,-0.470992,1.212054,1.192047,1.113644,-1.414185,-1.693232,0.968831,0.99535,1.144591,-1.798445,-1.701162,0.947666,0.638313,1.204434,0.696367,-1.667684,1.09357,0.872603,1.295753,1.260262,-1.743137,1.08594,0.903991,1.482189,-0.755053,-1.717178,1.0539,-1.227801,1.265856,0.361356,-1.883152,0.942316,-1.403968,1.560418,-0.662473,-0.923799,0.443007,-1.910405,1.488531,-1.929411,-0.134473,-2.105514,0.852664,1.302405,-1.138526,1.677015,1.309865,1.250379,1.180407,-2.019839,1.602943,0.917688,0.937119,0.758224,0.865387,-1.740229,0.6612,1.061871,0.93209,1.045643,-1.65448,0.521222,0.715093,0.958208,0.653562,-1.527879,0.931884,-1.255854,1.433184,0.736695,0.154263,1.030717,-1.21397,1.124497,-1.723858,-1.365436,1.028716,2.062802,1.287637,-1.88791,-0.099817,0.342744,1.336028,1.267607,-1.922833,-0.286512,-2.458877,0.76667,1.301539,-0.598784,1.295413,0.944323,1.033638,0.822077,-1.843568,-1.591496,0.878226,0.849036,0.542327,1.364632,1.333886,1.07864,1.121835,0.66208,-1.790221,-2.256266,0.550003,-0.503565,0.332633,0.99397,1.680478,-2.017863,1.647682,-0.805966,-1.377857,1.197087,0.935841,2.184248,1.227863,1.221828,-1.240152,0.991131,1.45819,1.281496,2.34527,-0.802355,1.147004,1.191722,1.209561,-1.400259,1.068791,-2.054379,0.966606,1.153986,2.354381,1.570009,1.004701,0.908152,1.003349,-0.157684,-1.405834,0.764092,0.825116,0.640162,-1.560135,2.205923,0.590724,0.866448,0.379687,-2.026935,0.525983,0.749352,1.52017,-2.057066,-0.81365,1.107507,-1.860638,1.127911,0.451149,-0.606003,0.906483,0.82013,1.872619,1.438301,-1.097471,1.784294,0.851153,1.348353,1.231657,0.54357,-0.532639,0.935049,1.419533,1.30114,-0.977663,1.558102,1.388519,0.956486,1.072245,-1.277895,2.057488,-1.563186,0.963595,1.000722,-1.211603,-0.736076,-0.962907,0.674939,0.705133,1.57832,-1.923441,0.81134,0.585057,0.467461,-1.485352,1.183996,0.871703,1.778389,1.336227,1.283485,1.075455,1.195919,0.490121,0.510151,0.804531,1.541189,0.755417,1.026727,1.482487,2.046244,0.803155,0.674812,-2.165838,1.140741,-0.936093,1.458285,-2.804826,0.700886,1.14544,-1.162802,1.729601,-1.3622,0.753863,1.038379,-0.317856,1.60821,-1.696465,0.310269,0.656868,-0.293726
305.0,83.0,68.0,2.0,12.0,62714.0,63019.0,-0.24853,-1.914973,1.001682,0.114723,0.186072,0.331305,-1.94272,1.051365,-0.510033,-1.229764,0.481622,-1.879346,0.73987,-2.083863,1.29808,0.635837,-1.772743,0.98416,-0.867284,0.950086,-0.256483,-1.877005,0.962214,-1.073586,-1.609101,0.145932,-0.470992,1.212054,1.192047,1.113644,-1.414185,-1.693232,0.968831,0.99535,1.144591,-1.798445,-1.701162,0.947666,0.638313,1.204434,0.696367,-1.667684,1.09357,0.872603,1.295753,1.260262,-1.743137,1.08594,0.903991,1.482189,-0.755053,-1.717178,1.0539,-1.227801,1.265856,0.361356,-1.883152,0.942316,-1.403968,1.560418,-0.662473,-0.923799,0.443007,-1.910405,1.488531,-1.929411,-0.134473,-2.105514,0.852664,1.302405,-1.138526,1.677015,1.309865,1.250379,1.180407,-2.019839,1.602943,0.917688,0.937119,0.758224,0.865387,-1.740229,0.6612,1.061871,0.93209,1.045643,-1.65448,0.521222,0.715093,0.958208,0.653562,-1.527879,0.931884,-1.255854,1.433184,0.736695,0.154263,1.030717,-1.21397,1.124497,-1.723858,-1.365436,1.028716,2.062802,1.287637,-1.88791,-0.099817,0.342744,1.336028,1.267607,-1.922833,-0.286512,-2.458877,0.76667,1.301539,-0.598784,1.295413,0.944323,1.033638,0.822077,-1.843568,-1.591496,0.878226,0.849036,0.542327,1.364632,1.333886,1.07864,1.121835,0.66208,-1.790221,-2.256266,0.550003,-0.503565,0.332633,0.99397,1.680478,-2.017863,1.647682,-0.805966,-1.377857,1.197087,0.935841,2.184248,1.227863,1.221828,-1.240152,0.991131,1.45819,1.281496,2.34527,-0.802355,1.147004,1.191722,1.209561,-1.400259,1.068791,-2.054379,0.966606,1.153986,2.354381,1.570009,1.004701,0.908152,1.003349,-0.157684,-1.405834,0.764092,0.825116,0.640162,-1.560135,2.205923,0.590724,0.866448,0.379687,-2.026935,0.525983,0.749352,1.52017,-2.057066,-0.81365,1.107507,-1.860638,1.127911,0.451149,-0.606003,0.906483,0.82013,1.872619,1.438301,-1.097471,1.784294,0.851153,1.348353,1.231657,0.54357,-0.532639,0.935049,1.419533,1.30114,-0.977663,1.558102,1.388519,0.956486,1.072245,-1.277895,2.057488,-1.563186,0.963595,1.000722,-1.211603,-0.736076,-0.962907,0.674939,0.705133,1.57832,-1.923441,0.81134,0.585057,0.467461,-1.485352,1.183996,0.871703,1.778389,1.336227,1.283485,1.075455,1.195919,0.490121,0.510151,0.804531,1.541189,0.755417,1.026727,1.482487,2.046244,0.803155,0.674812,-2.165838,1.140741,-0.936093,1.458285,-2.804826,0.700886,1.14544,-1.162802,1.729601,-1.3622,0.753863,1.038379,-0.317856,1.60821,-1.696465,0.310269,0.656868,-0.293726
565.0,84.8,70.7,10.0,19.0,63019.0,63584.0,-0.24853,-1.914973,1.001682,0.114723,0.186072,0.331305,-1.94272,1.051365,-0.510033,-1.229764,0.481622,-1.879346,0.73987,-2.083863,1.29808,0.635837,-1.772743,0.98416,-0.867284,0.950086,-0.256483,-1.877005,0.962214,-1.073586,-1.609101,0.145932,-0.470992,1.212054,1.192047,1.113644,-1.414185,-1.693232,0.968831,0.99535,1.144591,-1.798445,-1.701162,0.947666,0.638313,1.204434,0.696367,-1.667684,1.09357,0.872603,1.295753,1.260262,-1.743137,1.08594,0.903991,1.482189,-0.755053,-1.717178,1.0539,-1.227801,1.265856,0.361356,-1.883152,0.942316,-1.403968,1.560418,-0.662473,-0.923799,0.443007,-1.910405,1.488531,-1.929411,-0.134473,-2.105514,0.852664,1.302405,-1.138526,1.677015,1.309865,1.250379,1.180407,-2.019839,1.602943,0.917688,0.937119,0.758224,0.865387,-1.740229,0.6612,1.061871,0.93209,1.045643,-1.65448,0.521222,0.715093,0.958208,0.653562,-1.527879,0.931884,-1.255854,1.433184,0.736695,0.154263,1.030717,-1.21397,1.124497,-1.723858,-1.365436,1.028716,2.062802,1.287637,-1.88791,-0.099817,0.342744,1.336028,1.267607,-1.922833,-0.286512,-2.458877,0.76667,1.301539,-0.598784,1.295413,0.944323,1.033638,0.822077,-1.843568,-1.591496,0.878226,0.849036,0.542327,1.364632,1.333886,1.07864,1.121835,0.66208,-1.790221,-2.256266,0.550003,-0.503565,0.332633,0.99397,1.680478,-2.017863,1.647682,-0.805966,-1.377857,1.197087,0.935841,2.184248,1.227863,1.221828,-1.240152,0.991131,1.45819,1.281496,2.34527,-0.802355,1.147004,1.191722,1.209561,-1.400259,1.068791,-2.054379,0.966606,1.153986,2.354381,1.570009,1.004701,0.908152,1.003349,-0.157684,-1.405834,0.764092,0.825116,0.640162,-1.560135,2.205923,0.590724,0.866448,0.379687,-2.026935,0.525983,0.749352,1.52017,-2.057066,-0.81365,1.107507,-1.860638,1.127911,0.451149,-0.606003,0.906483,0.82013,1.872619,1.438301,-1.097471,1.784294,0.851153,1.348353,1.231657,0.54357,-0.532639,0.935049,1.419533,1.30114,-0.977663,1.558102,1.388519,0.956486,1.072245,-1.277895,2.057488,-1.563186,0.963595,1.000722,-1.211603,-0.736076,-0.962907,0.674939,0.705133,1.57832,-1.923441,0.81134,0.585057,0.467461,-1.485352,1.183996,0.871703,1.778389,1.336227,1.283485,1.075455,1.195919,0.490121,0.510151,0.804531,1.541189,0.755417,1.026727,1.482487,2.046244,0.803155,0.674812,-2.165838,1.140741,-0.936093,1.458285,-2.804826,0.700886,1.14544,-1.162802,1.729601,-1.3622,0.753863,1.038379,-0.317856,1.60821,-1.696465,0.310269,0.656868,-0.293726
299.0,88.9,73.0,8.0,13.0,63584.0,63883.0,-0.24853,-1.914973,1.001682,0.114723,0.186072,0.331305,-1.94272,1.051365,-0.510033,-1.229764,0.481622,-1.879346,0.73987,-2.083863,1.29808,0.635837,-1.772743,0.98416,-0.867284,0.950086,-0.256483,-1.877005,0.962214,-1.073586,-1.609101,0.145932,-0.470992,1.212054,1.192047,1.113644,-1.414185,-1.693232,0.968831,0.99535,1.144591,-1.798445,-1.701162,0.947666,0.638313,1.204434,0.696367,-1.667684,1.09357,0.872603,1.295753,1.260262,-1.743137,1.08594,0.903991,1.482189,-0.755053,-1.717178,1.0539,-1.227801,1.265856,0.361356,-1.883152,0.942316,-1.403968,1.560418,-0.662473,-0.923799,0.443007,-1.910405,1.488531,-1.929411,-0.134473,-2.105514,0.852664,1.302405,-1.138526,1.677015,1.309865,1.250379,1.180407,-2.019839,1.602943,0.917688,0.937119,0.758224,0.865387,-1.740229,0.6612,1.061871,0.93209,1.045643,-1.65448,0.521222,0.715093,0.958208,0.653562,-1.527879,0.931884,-1.255854,1.433184,0.736695,0.154263,1.030717,-1.21397,1.124497,-1.723858,-1.365436,1.028716,2.062802,1.287637,-1.88791,-0.099817,0.342744,1.336028,1.267607,-1.922833,-0.286512,-2.458877,0.76667,1.301539,-0.598784,1.295413,0.944323,1.033638,0.822077,-1.843568,-1.591496,0.878226,0.849036,0.542327,1.364632,1.333886,1.07864,1.121835,0.66208,-1.790221,-2.256266,0.550003,-0.503565,0.332633,0.99397,1.680478,-2.017863,1.647682,-0.805966,-1.377857,1.197087,0.935841,2.184248,1.227863,1.221828,-1.240152,0.991131,1.45819,1.281496,2.34527,-0.802355,1.147004,1.191722,1.209561,-1.400259,1.068791,-2.054379,0.966606,1.153986,2.354381,1.570009,1.004701,0.908152,1.003349,-0.157684,-1.405834,0.764092,0.825116,0.640162,-1.560135,2.205923,0.590724,0.866448,0.379687,-2.026935,0.525983,0.749352,1.52017,-2.057066,-0.81365,1.107507,-1.860638,1.127911,0.451149,-0.606003,0.906483,0.82013,1.872619,1.438301,-1.097471,1.784294,0.851153,1.348353,1.231657,0.54357,-0.532639,0.935049,1.419533,1.30114,-0.977663,1.558102,1.388519,0.956486,1.072245,-1.277895,2.057488,-1.563186,0.963595,1.000722,-1.211603,-0.736076,-0.962907,0.674939,0.705133,1.57832,-1.923441,0.81134,0.585057,0.467461,-1.485352,1.183996,0.871703,1.778389,1.336227,1.283485,1.075455,1.195919,0.490121,0.510151,0.804531,1.541189,0.755417,1.026727,1.482487,2.046244,0.803155,0.674812,-2.165838,1.140741,-0.936093,1.458285,-2.804826,0.700886,1.14544,-1.162802,1.729601,-1.3622,0.753863,1.038379,-0.317856,1.60821,-1.696465,0.310269,0.656868,-0.293726
232.0,89.1,73.1,1.0,10.0,63883.0,64115.0,-0.24853,-1.914973,1.001682,0.114723,0.186072,0.331305,-1.94272,1.051365,-0.510033,-1.229764,0.481622,-1.879346,0.73987,-2.083863,1.29808,0.635837,-1.772743,0.98416,-0.867284,0.950086,-0.256483,-1.877005,0.962214,-1.073586,-1.609101,0.145932,-0.470992,1.212054,1.192047,1.113644,-1.414185,-1.693232,0.968831,0.99535,1.144591,-1.798445,-1.701162,0.947666,0.638313,1.204434,0.696367,-1.667684,1.09357,0.872603,1.295753,1.260262,-1.743137,1.08594,0.903991,1.482189,-0.755053,-1.717178,1.0539,-1.227801,1.265856,0.361356,-1.883152,0.942316,-1.403968,1.560418,-0.662473,-0.923799,0.443007,-1.910405,1.488531,-1.929411,-0.134473,-2.105514,0.852664,1.302405,-1.138526,1.677015,1.309865,1.250379,1.180407,-2.019839,1.602943,0.917688,0.937119,0.758224,0.865387,-1.740229,0.6612,1.061871,0.93209,1.045643,-1.65448,0.521222,0.715093,0.958208,0.653562,-1.527879,0.931884,-1.255854,1.433184,0.736695,0.154263,1.030717,-1.21397,1.124497,-1.723858,-1.365436,1.028716,2.062802,1.287637,-1.88791,-0.099817,0.342744,1.336028,1.267607,-1.922833,-0.286512,-2.458877,0.76667,1.301539,-0.598784,1.295413,0.944323,1.033638,0.822077,-1.843568,-1.591496,0.878226,0.849036,0.542327,1.364632,1.333886,1.07864,1.121835,0.66208,-1.790221,-2.256266,0.550003,-0.503565,0.332633,0.99397,1.680478,-2.017863,1.647682,-0.805966,-1.377857,1.197087,0.935841,2.184248,1.227863,1.221828,-1.240152,0.991131,1.45819,1.281496,2.34527,-0.802355,1.147004,1.191722,1.209561,-1.400259,1.068791,-2.054379,0.966606,1.153986,2.354381,1.570009,1.004701,0.908152,1.003349,-0.157684,-1.405834,0.764092,0.825116,0.640162,-1.560135,2.205923,0.590724,0.866448,0.379687,-2.026935,0.525983,0.749352,1.52017,-2.057066,-0.81365,1.107507,-1.860638,1.127911,0.451149,-0.606003,0.906483,0.82013,1.872619,1.438301,-1.097471,1.784294,0.851153,1.348353,1.231657,0.54357,-0.532639,0.935049,1.419533,1.30114,-0.977663,1.558102,1.388519,0.956486,1.072245,-1.277895,2.057488,-1.563186,0.963595,1.000722,-1.211603,-0.736076,-0.962907,0.674939,0.705133,1.57832,-1.923441,0.81134,0.585057,0.467461,-1.485352,1.183996,0.871703,1.778389,1.336227,1.283485,1.075455,1.195919,0.490121,0.510151,0.804531,1.541189,0.755417,1.026727,1.482487,2.046244,0.803155,0.674812,-2.165838,1.140741,-0.936093,1.458285,-2.804826,0.700886,1.14544,-1.162802,1.729601,-1.3622,0.753863,1.038379,-0.317856,1.60821,-1.696465,0.310269,0.656868,-0.293726
266.0,91.9,80.4,3.0,6.0,64115.0,64381.0,-0.24853,-1.914973,1.001682,0.114723,0.186072,0.331305,-1.94272,1.051365,-0.510033,-1.229764,0.481622,-1.879346,0.73987,-2.083863,1.29808,0.635837,-1.772743,0.98416,-0.867284,0.950086,-0.256483,-1.877005,0.962214,-1.073586,-1.609101,0.145932,-0.470992,1.212054,1.192047,1.113644,-1.414185,-1.693232,0.968831,0.99535,1.144591,-1.798445,-1.701162,0.947666,0.638313,1.204434,0.696367,-1.667684,1.09357,0.872603,1.295753,1.260262,-1.743137,1.08594,0.903991,1.482189,-0.755053,-1.717178,1.0539,-1.227801,1.265856,0.361356,-1.883152,0.942316,-1.403968,1.560418,-0.662473,-0.923799,0.443007,-1.910405,1.488531,-1.929411,-0.134473,-2.105514,0.852664,1.302405,-1.138526,1.677015,1.309865,1.250379,1.180407,-2.019839,1.602943,0.917688,0.937119,0.758224,0.865387,-1.740229,0.6612,1.061871,0.93209,1.045643,-1.65448,0.521222,0.715093,0.958208,0.653562,-1.527879,0.931884,-1.255854,1.433184,0.736695,0.154263,1.030717,-1.21397,1.124497,-1.723858,-1.365436,1.028716,2.062802,1.287637,-1.88791,-0.099817,0.342744,1.336028,1.267607,-1.922833,-0.286512,-2.458877,0.76667,1.301539,-0.598784,1.295413,0.944323,1.033638,0.822077,-1.843568,-1.591496,0.878226,0.849036,0.542327,1.364632,1.333886,1.07864,1.121835,0.66208,-1.790221,-2.256266,0.550003,-0.503565,0.332633,0.99397,1.680478,-2.017863,1.647682,-0.805966,-1.377857,1.197087,0.935841,2.184248,1.227863,1.221828,-1.240152,0.991131,1.45819,1.281496,2.34527,-0.802355,1.147004,1.191722,1.209561,-1.400259,1.068791,-2.054379,0.966606,1.153986,2.354381,1.570009,1.004701,0.908152,1.003349,-0.157684,-1.405834,0.764092,0.825116,0.640162,-1.560135,2.205923,0.590724,0.866448,0.379687,-2.026935,0.525983,0.749352,1.52017,-2.057066,-0.81365,1.107507,-1.860638,1.127911,0.451149,-0.606003,0.906483,0.82013,1.872619,1.438301,-1.097471,1.784294,0.851153,1.348353,1.231657,0.54357,-0.532639,0.935049,1.419533,1.30114,-0.977663,1.558102,1.388519,0.956486,1.072245,-1.277895,2.057488,-1.563186,0.963595,1.000722,-1.211603,-0.736076,-0.962907,0.674939,0.705133,1.57832,-1.923441,0.81134,0.585057,0.467461,-1.485352,1.183996,0.871703,1.778389,1.336227,1.283485,1.075455,1.195919,0.490121,0.510151,0.804531,1.541189,0.755417,1.026727,1.482487,2.046244,0.803155,0.674812,-2.165838,1.140741,-0.936093,1.458285,-2.804826,0.700886,1.14544,-1.162802,1.729601,-1.3622,0.753863,1.038379,-0.317856,1.60821,-1.696465,0.310269,0.656868,-0.293726
99.0,86.3,75.0,2.0,7.0,64381.0,64480.0,-0.24853,-1.914973,1.001682,0.114723,0.186072,0.331305,-1.94272,1.051365,-0.510033,-1.229764,0.481622,-1.879346,0.73987,-2.083863,1.29808,0.635837,-1.772743,0.98416,-0.867284,0.950086,-0.256483,-1.877005,0.962214,-1.073586,-1.609101,0.145932,-0.470992,1.212054,1.192047,1.113644,-1.414185,-1.693232,0.968831,0.99535,1.144591,-1.798445,-1.701162,0.947666,0.638313,1.204434,0.696367,-1.667684,1.09357,0.872603,1.295753,1.260262,-1.743137,1.08594,0.903991,1.482189,-0.755053,-1.717178,1.0539,-1.227801,1.265856,0.361356,-1.883152,0.942316,-1.403968,1.560418,-0.662473,-0.923799,0.443007,-1.910405,1.488531,-1.929411,-0.134473,-2.105514,0.852664,1.302405,-1.138526,1.677015,1.309865,1.250379,1.180407,-2.019839,1.602943,0.917688,0.937119,0.758224,0.865387,-1.740229,0.6612,1.061871,0.93209,1.045643,-1.65448,0.521222,0.715093,0.958208,0.653562,-1.527879,0.931884,-1.255854,1.433184,0.736695,0.154263,1.030717,-1.21397,1.124497,-1.723858,-1.365436,1.028716,2.062802,1.287637,-1.88791,-0.099817,0.342744,1.336028,1.267607,-1.922833,-0.286512,-2.458877,0.76667,1.301539,-0.598784,1.295413,0.944323,1.033638,0.822077,-1.843568,-1.591496,0.878226,0.849036,0.542327,1.364632,1.333886,1.07864,1.121835,0.66208,-1.790221,-2.256266,0.550003,-0.503565,0.332633,0.99397,1.680478,-2.017863,1.647682,-0.805966,-1.377857,1.197087,0.935841,2.184248,1.227863,1.221828,-1.240152,0.991131,1.45819,1.281496,2.34527,-0.802355,1.147004,1.191722,1.209561,-1.400259,1.068791,-2.054379,0.966606,1.153986,2.354381,1.570009,1.004701,0.908152,1.003349,-0.157684,-1.405834,0.764092,0.825116,0.640162,-1.560135,2.205923,0.590724,0.866448,0.379687,-2.026935,0.525983,0.749352,1.52017,-2.057066,-0.81365,1.107507,-1.860638,1.127911,0.451149,-0.606003,0.906483,0.82013,1.872619,1.438301,-1.097471,1.784294,0.851153,1.348353,1.231657,0.54357,-0.532639,0.935049,1.419533,1.30114,-0.977663,1.558102,1.388519,0.956486,1.072245,-1.277895,2.057488,-1.563186,0.963595,1.000722,-1.211603,-0.736076,-0.962907,0.674939,0.705133,1.57832,-1.923441,0.81134,0.585057,0.467461,-1.485352,1.183996,0.871703,1.778389,1.336227,1.283485,1.075455,1.195919,0.490121,0.510151,0.804531,1.541189,0.755417,1.026727,1.482487,2.046244,0.803155,0.674812,-2.165838,1.140741,-0.936093,1.458285,-2.804826,0.700886,1.14544,-1.162802,1.729601,-1.3622,0.753863,1.038379,-0.317856,1.60821,-1.696465,0.310269,0.656868,-0.293726
399.0,87.6,75.6,9.0,13.0,64480.0,64879.0,-0.24853,-1.914973,1.001682,0.114723,0.186072,0.331305,-1.94272,1.051365,-0.510033,-1.229764,0.481622,-1.879346,0.73987,-2.083863,1.29808,0.635837,-1.772743,0.98416,-0.867284,0.950086,-0.256483,-1.877005,0.962214,-1.073586,-1.609101,0.145932,-0.470992,1.212054,1.192047,1.113644,-1.414185,-1.693232,0.968831,0.99535,1.144591,-1.798445,-1.701162,0.947666,0.638313,1.204434,0.696367,-1.667684,1.09357,0.872603,1.295753,1.260262,-1.743137,1.08594,0.903991,1.482189,-0.755053,-1.717178,1.0539,-1.227801,1.265856,0.361356,-1.883152,0.942316,-1.403968,1.560418,-0.662473,-0.923799,0.443007,-1.910405,1.488531,-1.929411,-0.134473,-2.105514,0.852664,1.302405,-1.138526,1.677015,1.309865,1.250379,1.180407,-2.019839,1.602943,0.917688,0.937119,0.758224,0.865387,-1.740229,0.6612,1.061871,0.93209,1.045643,-1.65448,0.521222,0.715093,0.958208,0.653562,-1.527879,0.931884,-1.255854,1.433184,0.736695,0.154263,1.030717,-1.21397,1.124497,-1.723858,-1.365436,1.028716,2.062802,1.287637,-1.88791,-0.099817,0.342744,1.336028,1.267607,-1.922833,-0.286512,-2.458877,0.76667,1.301539,-0.598784,1.295413,0.944323,1.033638,0.822077,-1.843568,-1.591496,0.878226,0.849036,0.542327,1.364632,1.333886,1.07864,1.121835,0.66208,-1.790221,-2.256266,0.550003,-0.503565,0.332633,0.99397,1.680478,-2.017863,1.647682,-0.805966,-1.377857,1.197087,0.935841,2.184248,1.227863,1.221828,-1.240152,0.991131,1.45819,1.281496,2.34527,-0.802355,1.147004,1.191722,1.209561,-1.400259,1.068791,-2.054379,0.966606,1.153986,2.354381,1.570009,1.004701,0.908152,1.003349,-0.157684,-1.405834,0.764092,0.825116,0.640162,-1.560135,2.205923,0.590724,0.866448,0.379687,-2.026935,0.525983,0.749352,1.52017,-2.057066,-0.81365,1.107507,-1.860638,1.127911,0.451149,-0.606003,0.906483,0.82013,1.872619,1.438301,-1.097471,1.784294,0.851153,1.348353,1.231657,0.54357,-0.532639,0.935049,1.419533,1.30114,-0.977663,1.558102,1.388519,0.956486,1.072245,-1.277895,2.057488,-1.563186,0.963595,1.000722,-1.211603,-0.736076,-0.962907,0.674939,0.705133,1.57832,-1.923441,0.81134,0.585057,0.467461,-1.485352,1.183996,0.871703,1.778389,1.336227,1.283485,1.075455,1.195919,0.490121,0.510151,0.804531,1.541189,0.755417,1.026727,1.482487,2.046244,0.803155,0.674812,-2.165838,1.140741,-0.936093,1.458285,-2.804826,0.700886,1.14544,-1.162802,1.729601,-1.3622,0.753863,1.038379,-0.317856,1.60821,-1.696465,0.310269,0.656868,-0.293726
133.0,85.5,74.8,3.0,13.0,64879.0,65012.0,-0.138401,0.536389,-0.567209,-0.435924,0.599909,-0.131789,0.561592,-0.62185,-0.197406,0.83952,-0.25193,0.639597,-0.546409,0.502268,-0.399996,-0.260042,0.785776,-0.562936,0.080345,-0.2962,0.244291,0.880332,-0.568395,-0.290572,0.854158,0.066678,0.99911,-0.449517,-0.300889,-0.308805,0.597847,1.204655,-0.438641,-0.20509,-0.333271,0.742785,0.848766,-0.469121,-0.301259,-0.204513,-0.169642,0.913167,-0.538311,-1.118142,-0.094724,-0.254202,1.026299,-0.568857,-1.400605,-0.08708,0.211377,0.86799,-0.597047,0.225688,0.344553,0.006739,1.002524,-0.567716,0.641589,-0.051927,0.461983,0.410024,-0.507837,1.077989,-0.175579,0.785372,0.251077,0.171753,0.193023,-0.347449,1.159697,-0.481328,-0.564273,-0.364646,-0.35461,0.814458,-0.395104,-0.366232,-0.127018,-0.091543,0.121626,1.329179,-0.403615,-0.193542,-0.107269,-0.140156,0.99028,-0.423588,0.204277,0.016335,0.023866,1.441708,-0.534147,0.249505,-0.359627,-0.26885,0.337933,-0.599218,0.639303,-0.10929,1.258759,1.28394,-0.643839,-0.303362,-0.220091,1.063415,0.144084,-0.388528,-0.245976,-0.282229,0.787956,0.334351,0.397252,0.25802,-0.3401,0.794218,-0.306611,-0.336542,-0.159914,-0.061268,0.864047,1.393837,-0.543916,-0.030016,0.129204,-0.467987,-0.151543,-0.556643,-0.160654,0.117756,0.48476,1.056741,-0.454532,0.504536,-0.098937,-1.15973,-0.560281,0.738584,-0.554309,0.26639,0.455069,-0.35301,-0.49121,-0.469467,-0.269616,-0.137291,1.296769,-0.279107,-0.454049,-0.293944,-0.906658,0.610681,-0.329878,-0.197853,-0.26918,0.448165,-0.218619,1.336559,-0.00469,-0.200134,-0.265209,-0.405042,-0.396891,-0.208706,-0.151833,-0.046773,0.80769,-0.822739,-0.249318,-0.032625,0.8839,0.452698,-0.715795,-0.486748,0.07654,1.064181,-0.396712,-0.582789,-1.013198,1.062224,0.068682,0.139819,0.828824,-0.461231,0.412636,0.069804,-1.086992,-0.273648,-0.746152,-0.501294,0.705328,-0.154016,-0.163763,-0.509028,-0.282953,-1.022088,0.288268,-0.278257,-0.540618,-0.31012,0.268944,-0.587928,-0.502681,-0.038051,-0.152941,0.680228,0.210086,0.333001,-0.313481,-0.250745,0.661689,0.688219,-1.08134,-0.221385,-0.035278,-0.657936,1.08874,-0.886424,-0.604806,0.071215,0.816762,-0.423258,-0.892036,-0.995533,-0.371601,-0.42359,-0.286922,-0.490081,-0.410427,0.188212,-0.181649,-0.678156,-0.310513,-1.236638,-0.530009,0.03039,-0.497041,-0.062464,1.282238,-0.148792,0.114083,-0.776653,0.837407,0.095539,-0.18007,0.246909,-0.810799,-0.094602,0.100168,-0.103959,0.437756,-0.597716,0.494462,0.015661,-0.061395,0.431957
432.0,77.9,65.5,3.0,10.0,65012.0,65444.0,-0.24853,-1.914973,1.001682,0.114723,0.186072,0.331305,-1.94272,1.051365,-0.510033,-1.229764,0.481622,-1.879346,0.73987,-2.083863,1.29808,0.635837,-1.772743,0.98416,-0.867284,0.950086,-0.256483,-1.877005,0.962214,-1.073586,-1.609101,0.145932,-0.470992,1.212054,1.192047,1.113644,-1.414185,-1.693232,0.968831,0.99535,1.144591,-1.798445,-1.701162,0.947666,0.638313,1.204434,0.696367,-1.667684,1.09357,0.872603,1.295753,1.260262,-1.743137,1.08594,0.903991,1.482189,-0.755053,-1.717178,1.0539,-1.227801,1.265856,0.361356,-1.883152,0.942316,-1.403968,1.560418,-0.662473,-0.923799,0.443007,-1.910405,1.488531,-1.929411,-0.134473,-2.105514,0.852664,1.302405,-1.138526,1.677015,1.309865,1.250379,1.180407,-2.019839,1.602943,0.917688,0.937119,0.758224,0.865387,-1.740229,0.6612,1.061871,0.93209,1.045643,-1.65448,0.521222,0.715093,0.958208,0.653562,-1.527879,0.931884,-1.255854,1.433184,0.736695,0.154263,1.030717,-1.21397,1.124497,-1.723858,-1.365436,1.028716,2.062802,1.287637,-1.88791,-0.099817,0.342744,1.336028,1.267607,-1.922833,-0.286512,-2.458877,0.76667,1.301539,-0.598784,1.295413,0.944323,1.033638,0.822077,-1.843568,-1.591496,0.878226,0.849036,0.542327,1.364632,1.333886,1.07864,1.121835,0.66208,-1.790221,-2.256266,0.550003,-0.503565,0.332633,0.99397,1.680478,-2.017863,1.647682,-0.805966,-1.377857,1.197087,0.935841,2.184248,1.227863,1.221828,-1.240152,0.991131,1.45819,1.281496,2.34527,-0.802355,1.147004,1.191722,1.209561,-1.400259,1.068791,-2.054379,0.966606,1.153986,2.354381,1.570009,1.004701,0.908152,1.003349,-0.157684,-1.405834,0.764092,0.825116,0.640162,-1.560135,2.205923,0.590724,0.866448,0.379687,-2.026935,0.525983,0.749352,1.52017,-2.057066,-0.81365,1.107507,-1.860638,1.127911,0.451149,-0.606003,0.906483,0.82013,1.872619,1.438301,-1.097471,1.784294,0.851153,1.348353,1.231657,0.54357,-0.532639,0.935049,1.419533,1.30114,-0.977663,1.558102,1.388519,0.956486,1.072245,-1.277895,2.057488,-1.563186,0.963595,1.000722,-1.211603,-0.736076,-0.962907,0.674939,0.705133,1.57832,-1.923441,0.81134,0.585057,0.467461,-1.485352,1.183996,0.871703,1.778389,1.336227,1.283485,1.075455,1.195919,0.490121,0.510151,0.804531,1.541189,0.755417,1.026727,1.482487,2.046244,0.803155,0.674812,-2.165838,1.140741,-0.936093,1.458285,-2.804826,0.700886,1.14544,-1.162802,1.729601,-1.3622,0.753863,1.038379,-0.317856,1.60821,-1.696465,0.310269,0.656868,-0.293726
299.0,82.2,70.2,3.0,10.0,65444.0,65743.0,-0.24853,-1.914973,1.001682,0.114723,0.186072,0.331305,-1.94272,1.051365,-0.510033,-1.229764,0.481622,-1.879346,0.73987,-2.083863,1.29808,0.635837,-1.772743,0.98416,-0.867284,0.950086,-0.256483,-1.877005,0.962214,-1.073586,-1.609101,0.145932,-0.470992,1.212054,1.192047,1.113644,-1.414185,-1.693232,0.968831,0.99535,1.144591,-1.798445,-1.701162,0.947666,0.638313,1.204434,0.696367,-1.667684,1.09357,0.872603,1.295753,1.260262,-1.743137,1.08594,0.903991,1.482189,-0.755053,-1.717178,1.0539,-1.227801,1.265856,0.361356,-1.883152,0.942316,-1.403968,1.560418,-0.662473,-0.923799,0.443007,-1.910405,1.488531,-1.929411,-0.134473,-2.105514,0.852664,1.302405,-1.138526,1.677015,1.309865,1.250379,1.180407,-2.019839,1.602943,0.917688,0.937119,0.758224,0.865387,-1.740229,0.6612,1.061871,0.93209,1.045643,-1.65448,0.521222,0.715093,0.958208,0.653562,-1.527879,0.931884,-1.255854,1.433184,0.736695,0.154263,1.030717,-1.21397,1.124497,-1.723858,-1.365436,1.028716,2.062802,1.287637,-1.88791,-0.099817,0.342744,1.336028,1.267607,-1.922833,-0.286512,-2.458877,0.76667,1.301539,-0.598784,1.295413,0.944323,1.033638,0.822077,-1.843568,-1.591496,0.878226,0.849036,0.542327,1.364632,1.333886,1.07864,1.121835,0.66208,-1.790221,-2.256266,0.550003,-0.503565,0.332633,0.99397,1.680478,-2.017863,1.647682,-0.805966,-1.377857,1.197087,0.935841,2.184248,1.227863,1.221828,-1.240152,0.991131,1.45819,1.281496,2.34527,-0.802355,1.147004,1.191722,1.209561,-1.400259,1.068791,-2.054379,0.966606,1.153986,2.354381,1.570009,1.004701,0.908152,1.003349,-0.157684,-1.405834,0.764092,0.825116,0.640162,-1.560135,2.205923,0.590724,0.866448,0.379687,-2.026935,0.525983,0.749352,1.52017,-2.057066,-0.81365,1.107507,-1.860638,1.127911,0.451149,-0.606003,0.906483,0.82013,1.872619,1.438301,-1.097471,1.784294,0.851153,1.348353,1.231657,0.54357,-0.532639,0.935049,1.419533,1.30114,-0.977663,1.558102,1.388519,0.956486,1.072245,-1.277895,2.057488,-1.563186,0.963595,1.000722,-1.211603,-0.736076,-0.962907,0.674939,0.705133,1.57832,-1.923441,0.81134,0.585057,0.467461,-1.485352,1.183996,0.871703,1.778389,1.336227,1.283485,1.075455,1.195919,0.490121,0.510151,0.804531,1.541189,0.755417,1.026727,1.482487,2.046244,0.803155,0.674812,-2.165838,1.140741,-0.936093,1.458285,-2.804826,0.700886,1.14544,-1.162802,1.729601,-1.3622,0.753863,1.038379,-0.317856,1.60821,-1.696465,0.310269,0.656868,-0.293726
199.0,65.5,53.5,3.0,1.0,8134.0,8333.0,-0.24853,-1.914973,1.001682,0.114723,0.186072,0.331305,-1.94272,1.051365,-0.510033,-1.229764,0.481622,-1.879346,0.73987,-2.083863,1.29808,0.635837,-1.772743,0.98416,-0.867284,0.950086,-0.256483,-1.877005,0.962214,-1.073586,-1.609101,0.145932,-0.470992,1.212054,1.192047,1.113644,-1.414185,-1.693232,0.968831,0.99535,1.144591,-1.798445,-1.701162,0.947666,0.638313,1.204434,0.696367,-1.667684,1.09357,0.872603,1.295753,1.260262,-1.743137,1.08594,0.903991,1.482189,-0.755053,-1.717178,1.0539,-1.227801,1.265856,0.361356,-1.883152,0.942316,-1.403968,1.560418,-0.662473,-0.923799,0.443007,-1.910405,1.488531,-1.929411,-0.134473,-2.105514,0.852664,1.302405,-1.138526,1.677015,1.309865,1.250379,1.180407,-2.019839,1.602943,0.917688,0.937119,0.758224,0.865387,-1.740229,0.6612,1.061871,0.93209,1.045643,-1.65448,0.521222,0.715093,0.958208,0.653562,-1.527879,0.931884,-1.255854,1.433184,0.736695,0.154263,1.030717,-1.21397,1.124497,-1.723858,-1.365436,1.028716,2.062802,1.287637,-1.88791,-0.099817,0.342744,1.336028,1.267607,-1.922833,-0.286512,-2.458877,0.76667,1.301539,-0.598784,1.295413,0.944323,1.033638,0.822077,-1.843568,-1.591496,0.878226,0.849036,0.542327,1.364632,1.333886,1.07864,1.121835,0.66208,-1.790221,-2.256266,0.550003,-0.503565,0.332633,0.99397,1.680478,-2.017863,1.647682,-0.805966,-1.377857,1.197087,0.935841,2.184248,1.227863,1.221828,-1.240152,0.991131,1.45819,1.281496,2.34527,-0.802355,1.147004,1.191722,1.209561,-1.400259,1.068791,-2.054379,0.966606,1.153986,2.354381,1.570009,1.004701,0.908152,1.003349,-0.157684,-1.405834,0.764092,0.825116,0.640162,-1.560135,2.205923,0.590724,0.866448,0.379687,-2.026935,0.525983,0.749352,1.52017,-2.057066,-0.81365,1.107507,-1.860638,1.127911,0.451149,-0.606003,0.906483,0.82013,1.872619,1.438301,-1.097471,1.784294,0.851153,1.348353,1.231657,0.54357,-0.532639,0.935049,1.419533,1.30114,-0.977663,1.558102,1.388519,0.956486,1.072245,-1.277895,2.057488,-1.563186,0.963595,1.000722,-1.211603,-0.736076,-0.962907,0.674939,0.705133,1.57832,-1.923441,0.81134,0.585057,0.467461,-1.485352,1.183996,0.871703,1.778389,1.336227,1.283485,1.075455,1.195919,0.490121,0.510151,0.804531,1.541189,0.755417,1.026727,1.482487,2.046244,0.803155,0.674812,-2.165838,1.140741,-0.936093,1.458285,-2.804826,0.700886,1.14544,-1.162802,1.729601,-1.3622,0.753863,1.038379,-0.317856,1.60821,-1.696465,0.310269,0.656868,-0.293726
232.0,82.7,63.3,45.0,5.0,65743.0,65975.0,-0.24853,-1.914973,1.001682,0.114723,0.186072,0.331305,-1.94272,1.051365,-0.510033,-1.229764,0.481622,-1.879346,0.73987,-2.083863,1.29808,0.635837,-1.772743,0.98416,-0.867284,0.950086,-0.256483,-1.877005,0.962214,-1.073586,-1.609101,0.145932,-0.470992,1.212054,1.192047,1.113644,-1.414185,-1.693232,0.968831,0.99535,1.144591,-1.798445,-1.701162,0.947666,0.638313,1.204434,0.696367,-1.667684,1.09357,0.872603,1.295753,1.260262,-1.743137,1.08594,0.903991,1.482189,-0.755053,-1.717178,1.0539,-1.227801,1.265856,0.361356,-1.883152,0.942316,-1.403968,1.560418,-0.662473,-0.923799,0.443007,-1.910405,1.488531,-1.929411,-0.134473,-2.105514,0.852664,1.302405,-1.138526,1.677015,1.309865,1.250379,1.180407,-2.019839,1.602943,0.917688,0.937119,0.758224,0.865387,-1.740229,0.6612,1.061871,0.93209,1.045643,-1.65448,0.521222,0.715093,0.958208,0.653562,-1.527879,0.931884,-1.255854,1.433184,0.736695,0.154263,1.030717,-1.21397,1.124497,-1.723858,-1.365436,1.028716,2.062802,1.287637,-1.88791,-0.099817,0.342744,1.336028,1.267607,-1.922833,-0.286512,-2.458877,0.76667,1.301539,-0.598784,1.295413,0.944323,1.033638,0.822077,-1.843568,-1.591496,0.878226,0.849036,0.542327,1.364632,1.333886,1.07864,1.121835,0.66208,-1.790221,-2.256266,0.550003,-0.503565,0.332633,0.99397,1.680478,-2.017863,1.647682,-0.805966,-1.377857,1.197087,0.935841,2.184248,1.227863,1.221828,-1.240152,0.991131,1.45819,1.281496,2.34527,-0.802355,1.147004,1.191722,1.209561,-1.400259,1.068791,-2.054379,0.966606,1.153986,2.354381,1.570009,1.004701,0.908152,1.003349,-0.157684,-1.405834,0.764092,0.825116,0.640162,-1.560135,2.205923,0.590724,0.866448,0.379687,-2.026935,0.525983,0.749352,1.52017,-2.057066,-0.81365,1.107507,-1.860638,1.127911,0.451149,-0.606003,0.906483,0.82013,1.872619,1.438301,-1.097471,1.784294,0.851153,1.348353,1.231657,0.54357,-0.532639,0.935049,1.419533,1.30114,-0.977663,1.558102,1.388519,0.956486,1.072245,-1.277895,2.057488,-1.563186,0.963595,1.000722,-1.211603,-0.736076,-0.962907,0.674939,0.705133,1.57832,-1.923441,0.81134,0.585057,0.467461,-1.485352,1.183996,0.871703,1.778389,1.336227,1.283485,1.075455,1.195919,0.490121,0.510151,0.804531,1.541189,0.755417,1.026727,1.482487,2.046244,0.803155,0.674812,-2.165838,1.140741,-0.936093,1.458285,-2.804826,0.700886,1.14544,-1.162802,1.729601,-1.3622,0.753863,1.038379,-0.317856,1.60821,-1.696465,0.310269,0.656868,-0.293726
166.0,77.0,59.0,7.0,8.0,65975.0,66141.0,-0.24853,-1.914973,1.001682,0.114723,0.186072,0.331305,-1.94272,1.051365,-0.510033,-1.229764,0.481622,-1.879346,0.73987,-2.083863,1.29808,0.635837,-1.772743,0.98416,-0.867284,0.950086,-0.256483,-1.877005,0.962214,-1.073586,-1.609101,0.145932,-0.470992,1.212054,1.192047,1.113644,-1.414185,-1.693232,0.968831,0.99535,1.144591,-1.798445,-1.701162,0.947666,0.638313,1.204434,0.696367,-1.667684,1.09357,0.872603,1.295753,1.260262,-1.743137,1.08594,0.903991,1.482189,-0.755053,-1.717178,1.0539,-1.227801,1.265856,0.361356,-1.883152,0.942316,-1.403968,1.560418,-0.662473,-0.923799,0.443007,-1.910405,1.488531,-1.929411,-0.134473,-2.105514,0.852664,1.302405,-1.138526,1.677015,1.309865,1.250379,1.180407,-2.019839,1.602943,0.917688,0.937119,0.758224,0.865387,-1.740229,0.6612,1.061871,0.93209,1.045643,-1.65448,0.521222,0.715093,0.958208,0.653562,-1.527879,0.931884,-1.255854,1.433184,0.736695,0.154263,1.030717,-1.21397,1.124497,-1.723858,-1.365436,1.028716,2.062802,1.287637,-1.88791,-0.099817,0.342744,1.336028,1.267607,-1.922833,-0.286512,-2.458877,0.76667,1.301539,-0.598784,1.295413,0.944323,1.033638,0.822077,-1.843568,-1.591496,0.878226,0.849036,0.542327,1.364632,1.333886,1.07864,1.121835,0.66208,-1.790221,-2.256266,0.550003,-0.503565,0.332633,0.99397,1.680478,-2.017863,1.647682,-0.805966,-1.377857,1.197087,0.935841,2.184248,1.227863,1.221828,-1.240152,0.991131,1.45819,1.281496,2.34527,-0.802355,1.147004,1.191722,1.209561,-1.400259,1.068791,-2.054379,0.966606,1.153986,2.354381,1.570009,1.004701,0.908152,1.003349,-0.157684,-1.405834,0.764092,0.825116,0.640162,-1.560135,2.205923,0.590724,0.866448,0.379687,-2.026935,0.525983,0.749352,1.52017,-2.057066,-0.81365,1.107507,-1.860638,1.127911,0.451149,-0.606003,0.906483,0.82013,1.872619,1.438301,-1.097471,1.784294,0.851153,1.348353,1.231657,0.54357,-0.532639,0.935049,1.419533,1.30114,-0.977663,1.558102,1.388519,0.956486,1.072245,-1.277895,2.057488,-1.563186,0.963595,1.000722,-1.211603,-0.736076,-0.962907,0.674939,0.705133,1.57832,-1.923441,0.81134,0.585057,0.467461,-1.485352,1.183996,0.871703,1.778389,1.336227,1.283485,1.075455,1.195919,0.490121,0.510151,0.804531,1.541189,0.755417,1.026727,1.482487,2.046244,0.803155,0.674812,-2.165838,1.140741,-0.936093,1.458285,-2.804826,0.700886,1.14544,-1.162802,1.729601,-1.3622,0.753863,1.038379,-0.317856,1.60821,-1.696465,0.310269,0.656868,-0.293726
200.0,78.8,68.2,25.0,21.0,66141.0,66341.0,-0.24853,-1.914973,1.001682,0.114723,0.186072,0.331305,-1.94272,1.051365,-0.510033,-1.229764,0.481622,-1.879346,0.73987,-2.083863,1.29808,0.635837,-1.772743,0.98416,-0.867284,0.950086,-0.256483,-1.877005,0.962214,-1.073586,-1.609101,0.145932,-0.470992,1.212054,1.192047,1.113644,-1.414185,-1.693232,0.968831,0.99535,1.144591,-1.798445,-1.701162,0.947666,0.638313,1.204434,0.696367,-1.667684,1.09357,0.872603,1.295753,1.260262,-1.743137,1.08594,0.903991,1.482189,-0.755053,-1.717178,1.0539,-1.227801,1.265856,0.361356,-1.883152,0.942316,-1.403968,1.560418,-0.662473,-0.923799,0.443007,-1.910405,1.488531,-1.929411,-0.134473,-2.105514,0.852664,1.302405,-1.138526,1.677015,1.309865,1.250379,1.180407,-2.019839,1.602943,0.917688,0.937119,0.758224,0.865387,-1.740229,0.6612,1.061871,0.93209,1.045643,-1.65448,0.521222,0.715093,0.958208,0.653562,-1.527879,0.931884,-1.255854,1.433184,0.736695,0.154263,1.030717,-1.21397,1.124497,-1.723858,-1.365436,1.028716,2.062802,1.287637,-1.88791,-0.099817,0.342744,1.336028,1.267607,-1.922833,-0.286512,-2.458877,0.76667,1.301539,-0.598784,1.295413,0.944323,1.033638,0.822077,-1.843568,-1.591496,0.878226,0.849036,0.542327,1.364632,1.333886,1.07864,1.121835,0.66208,-1.790221,-2.256266,0.550003,-0.503565,0.332633,0.99397,1.680478,-2.017863,1.647682,-0.805966,-1.377857,1.197087,0.935841,2.184248,1.227863,1.221828,-1.240152,0.991131,1.45819,1.281496,2.34527,-0.802355,1.147004,1.191722,1.209561,-1.400259,1.068791,-2.054379,0.966606,1.153986,2.354381,1.570009,1.004701,0.908152,1.003349,-0.157684,-1.405834,0.764092,0.825116,0.640162,-1.560135,2.205923,0.590724,0.866448,0.379687,-2.026935,0.525983,0.749352,1.52017,-2.057066,-0.81365,1.107507,-1.860638,1.127911,0.451149,-0.606003,0.906483,0.82013,1.872619,1.438301,-1.097471,1.784294,0.851153,1.348353,1.231657,0.54357,-0.532639,0.935049,1.419533,1.30114,-0.977663,1.558102,1.388519,0.956486,1.072245,-1.277895,2.057488,-1.563186,0.963595,1.000722,-1.211603,-0.736076,-0.962907,0.674939,0.705133,1.57832,-1.923441,0.81134,0.585057,0.467461,-1.485352,1.183996,0.871703,1.778389,1.336227,1.283485,1.075455,1.195919,0.490121,0.510151,0.804531,1.541189,0.755417,1.026727,1.482487,2.046244,0.803155,0.674812,-2.165838,1.140741,-0.936093,1.458285,-2.804826,0.700886,1.14544,-1.162802,1.729601,-1.3622,0.753863,1.038379,-0.317856,1.60821,-1.696465,0.310269,0.656868,-0.293726
499.0,82.3,71.1,4.0,18.0,66341.0,66840.0,-0.24853,-1.914973,1.001682,0.114723,0.186072,0.331305,-1.94272,1.051365,-0.510033,-1.229764,0.481622,-1.879346,0.73987,-2.083863,1.29808,0.635837,-1.772743,0.98416,-0.867284,0.950086,-0.256483,-1.877005,0.962214,-1.073586,-1.609101,0.145932,-0.470992,1.212054,1.192047,1.113644,-1.414185,-1.693232,0.968831,0.99535,1.144591,-1.798445,-1.701162,0.947666,0.638313,1.204434,0.696367,-1.667684,1.09357,0.872603,1.295753,1.260262,-1.743137,1.08594,0.903991,1.482189,-0.755053,-1.717178,1.0539,-1.227801,1.265856,0.361356,-1.883152,0.942316,-1.403968,1.560418,-0.662473,-0.923799,0.443007,-1.910405,1.488531,-1.929411,-0.134473,-2.105514,0.852664,1.302405,-1.138526,1.677015,1.309865,1.250379,1.180407,-2.019839,1.602943,0.917688,0.937119,0.758224,0.865387,-1.740229,0.6612,1.061871,0.93209,1.045643,-1.65448,0.521222,0.715093,0.958208,0.653562,-1.527879,0.931884,-1.255854,1.433184,0.736695,0.154263,1.030717,-1.21397,1.124497,-1.723858,-1.365436,1.028716,2.062802,1.287637,-1.88791,-0.099817,0.342744,1.336028,1.267607,-1.922833,-0.286512,-2.458877,0.76667,1.301539,-0.598784,1.295413,0.944323,1.033638,0.822077,-1.843568,-1.591496,0.878226,0.849036,0.542327,1.364632,1.333886,1.07864,1.121835,0.66208,-1.790221,-2.256266,0.550003,-0.503565,0.332633,0.99397,1.680478,-2.017863,1.647682,-0.805966,-1.377857,1.197087,0.935841,2.184248,1.227863,1.221828,-1.240152,0.991131,1.45819,1.281496,2.34527,-0.802355,1.147004,1.191722,1.209561,-1.400259,1.068791,-2.054379,0.966606,1.153986,2.354381,1.570009,1.004701,0.908152,1.003349,-0.157684,-1.405834,0.764092,0.825116,0.640162,-1.560135,2.205923,0.590724,0.866448,0.379687,-2.026935,0.525983,0.749352,1.52017,-2.057066,-0.81365,1.107507,-1.860638,1.127911,0.451149,-0.606003,0.906483,0.82013,1.872619,1.438301,-1.097471,1.784294,0.851153,1.348353,1.231657,0.54357,-0.532639,0.935049,1.419533,1.30114,-0.977663,1.558102,1.388519,0.956486,1.072245,-1.277895,2.057488,-1.563186,0.963595,1.000722,-1.211603,-0.736076,-0.962907,0.674939,0.705133,1.57832,-1.923441,0.81134,0.585057,0.467461,-1.485352,1.183996,0.871703,1.778389,1.336227,1.283485,1.075455,1.195919,0.490121,0.510151,0.804531,1.541189,0.755417,1.026727,1.482487,2.046244,0.803155,0.674812,-2.165838,1.140741,-0.936093,1.458285,-2.804826,0.700886,1.14544,-1.162802,1.729601,-1.3622,0.753863,1.038379,-0.317856,1.60821,-1.696465,0.310269,0.656868,-0.293726
599.0,81.8,68.8,7.0,18.0,66840.0,67439.0,-0.24853,-1.914973,1.001682,0.114723,0.186072,0.331305,-1.94272,1.051365,-0.510033,-1.229764,0.481622,-1.879346,0.73987,-2.083863,1.29808,0.635837,-1.772743,0.98416,-0.867284,0.950086,-0.256483,-1.877005,0.962214,-1.073586,-1.609101,0.145932,-0.470992,1.212054,1.192047,1.113644,-1.414185,-1.693232,0.968831,0.99535,1.144591,-1.798445,-1.701162,0.947666,0.638313,1.204434,0.696367,-1.667684,1.09357,0.872603,1.295753,1.260262,-1.743137,1.08594,0.903991,1.482189,-0.755053,-1.717178,1.0539,-1.227801,1.265856,0.361356,-1.883152,0.942316,-1.403968,1.560418,-0.662473,-0.923799,0.443007,-1.910405,1.488531,-1.929411,-0.134473,-2.105514,0.852664,1.302405,-1.138526,1.677015,1.309865,1.250379,1.180407,-2.019839,1.602943,0.917688,0.937119,0.758224,0.865387,-1.740229,0.6612,1.061871,0.93209,1.045643,-1.65448,0.521222,0.715093,0.958208,0.653562,-1.527879,0.931884,-1.255854,1.433184,0.736695,0.154263,1.030717,-1.21397,1.124497,-1.723858,-1.365436,1.028716,2.062802,1.287637,-1.88791,-0.099817,0.342744,1.336028,1.267607,-1.922833,-0.286512,-2.458877,0.76667,1.301539,-0.598784,1.295413,0.944323,1.033638,0.822077,-1.843568,-1.591496,0.878226,0.849036,0.542327,1.364632,1.333886,1.07864,1.121835,0.66208,-1.790221,-2.256266,0.550003,-0.503565,0.332633,0.99397,1.680478,-2.017863,1.647682,-0.805966,-1.377857,1.197087,0.935841,2.184248,1.227863,1.221828,-1.240152,0.991131,1.45819,1.281496,2.34527,-0.802355,1.147004,1.191722,1.209561,-1.400259,1.068791,-2.054379,0.966606,1.153986,2.354381,1.570009,1.004701,0.908152,1.003349,-0.157684,-1.405834,0.764092,0.825116,0.640162,-1.560135,2.205923,0.590724,0.866448,0.379687,-2.026935,0.525983,0.749352,1.52017,-2.057066,-0.81365,1.107507,-1.860638,1.127911,0.451149,-0.606003,0.906483,0.82013,1.872619,1.438301,-1.097471,1.784294,0.851153,1.348353,1.231657,0.54357,-0.532639,0.935049,1.419533,1.30114,-0.977663,1.558102,1.388519,0.956486,1.072245,-1.277895,2.057488,-1.563186,0.963595,1.000722,-1.211603,-0.736076,-0.962907,0.674939,0.705133,1.57832,-1.923441,0.81134,0.585057,0.467461,-1.485352,1.183996,0.871703,1.778389,1.336227,1.283485,1.075455,1.195919,0.490121,0.510151,0.804531,1.541189,0.755417,1.026727,1.482487,2.046244,0.803155,0.674812,-2.165838,1.140741,-0.936093,1.458285,-2.804826,0.700886,1.14544,-1.162802,1.729601,-1.3622,0.753863,1.038379,-0.317856,1.60821,-1.696465,0.310269,0.656868,-0.293726
233.0,74.1,61.9,4.0,4.0,67439.0,67672.0,-0.24853,-1.914973,1.001682,0.114723,0.186072,0.331305,-1.94272,1.051365,-0.510033,-1.229764,0.481622,-1.879346,0.73987,-2.083863,1.29808,0.635837,-1.772743,0.98416,-0.867284,0.950086,-0.256483,-1.877005,0.962214,-1.073586,-1.609101,0.145932,-0.470992,1.212054,1.192047,1.113644,-1.414185,-1.693232,0.968831,0.99535,1.144591,-1.798445,-1.701162,0.947666,0.638313,1.204434,0.696367,-1.667684,1.09357,0.872603,1.295753,1.260262,-1.743137,1.08594,0.903991,1.482189,-0.755053,-1.717178,1.0539,-1.227801,1.265856,0.361356,-1.883152,0.942316,-1.403968,1.560418,-0.662473,-0.923799,0.443007,-1.910405,1.488531,-1.929411,-0.134473,-2.105514,0.852664,1.302405,-1.138526,1.677015,1.309865,1.250379,1.180407,-2.019839,1.602943,0.917688,0.937119,0.758224,0.865387,-1.740229,0.6612,1.061871,0.93209,1.045643,-1.65448,0.521222,0.715093,0.958208,0.653562,-1.527879,0.931884,-1.255854,1.433184,0.736695,0.154263,1.030717,-1.21397,1.124497,-1.723858,-1.365436,1.028716,2.062802,1.287637,-1.88791,-0.099817,0.342744,1.336028,1.267607,-1.922833,-0.286512,-2.458877,0.76667,1.301539,-0.598784,1.295413,0.944323,1.033638,0.822077,-1.843568,-1.591496,0.878226,0.849036,0.542327,1.364632,1.333886,1.07864,1.121835,0.66208,-1.790221,-2.256266,0.550003,-0.503565,0.332633,0.99397,1.680478,-2.017863,1.647682,-0.805966,-1.377857,1.197087,0.935841,2.184248,1.227863,1.221828,-1.240152,0.991131,1.45819,1.281496,2.34527,-0.802355,1.147004,1.191722,1.209561,-1.400259,1.068791,-2.054379,0.966606,1.153986,2.354381,1.570009,1.004701,0.908152,1.003349,-0.157684,-1.405834,0.764092,0.825116,0.640162,-1.560135,2.205923,0.590724,0.866448,0.379687,-2.026935,0.525983,0.749352,1.52017,-2.057066,-0.81365,1.107507,-1.860638,1.127911,0.451149,-0.606003,0.906483,0.82013,1.872619,1.438301,-1.097471,1.784294,0.851153,1.348353,1.231657,0.54357,-0.532639,0.935049,1.419533,1.30114,-0.977663,1.558102,1.388519,0.956486,1.072245,-1.277895,2.057488,-1.563186,0.963595,1.000722,-1.211603,-0.736076,-0.962907,0.674939,0.705133,1.57832,-1.923441,0.81134,0.585057,0.467461,-1.485352,1.183996,0.871703,1.778389,1.336227,1.283485,1.075455,1.195919,0.490121,0.510151,0.804531,1.541189,0.755417,1.026727,1.482487,2.046244,0.803155,0.674812,-2.165838,1.140741,-0.936093,1.458285,-2.804826,0.700886,1.14544,-1.162802,1.729601,-1.3622,0.753863,1.038379,-0.317856,1.60821,-1.696465,0.310269,0.656868,-0.293726
99.0,79.7,67.7,1.0,5.0,67672.0,67771.0,-0.24853,-1.914973,1.001682,0.114723,0.186072,0.331305,-1.94272,1.051365,-0.510033,-1.229764,0.481622,-1.879346,0.73987,-2.083863,1.29808,0.635837,-1.772743,0.98416,-0.867284,0.950086,-0.256483,-1.877005,0.962214,-1.073586,-1.609101,0.145932,-0.470992,1.212054,1.192047,1.113644,-1.414185,-1.693232,0.968831,0.99535,1.144591,-1.798445,-1.701162,0.947666,0.638313,1.204434,0.696367,-1.667684,1.09357,0.872603,1.295753,1.260262,-1.743137,1.08594,0.903991,1.482189,-0.755053,-1.717178,1.0539,-1.227801,1.265856,0.361356,-1.883152,0.942316,-1.403968,1.560418,-0.662473,-0.923799,0.443007,-1.910405,1.488531,-1.929411,-0.134473,-2.105514,0.852664,1.302405,-1.138526,1.677015,1.309865,1.250379,1.180407,-2.019839,1.602943,0.917688,0.937119,0.758224,0.865387,-1.740229,0.6612,1.061871,0.93209,1.045643,-1.65448,0.521222,0.715093,0.958208,0.653562,-1.527879,0.931884,-1.255854,1.433184,0.736695,0.154263,1.030717,-1.21397,1.124497,-1.723858,-1.365436,1.028716,2.062802,1.287637,-1.88791,-0.099817,0.342744,1.336028,1.267607,-1.922833,-0.286512,-2.458877,0.76667,1.301539,-0.598784,1.295413,0.944323,1.033638,0.822077,-1.843568,-1.591496,0.878226,0.849036,0.542327,1.364632,1.333886,1.07864,1.121835,0.66208,-1.790221,-2.256266,0.550003,-0.503565,0.332633,0.99397,1.680478,-2.017863,1.647682,-0.805966,-1.377857,1.197087,0.935841,2.184248,1.227863,1.221828,-1.240152,0.991131,1.45819,1.281496,2.34527,-0.802355,1.147004,1.191722,1.209561,-1.400259,1.068791,-2.054379,0.966606,1.153986,2.354381,1.570009,1.004701,0.908152,1.003349,-0.157684,-1.405834,0.764092,0.825116,0.640162,-1.560135,2.205923,0.590724,0.866448,0.379687,-2.026935,0.525983,0.749352,1.52017,-2.057066,-0.81365,1.107507,-1.860638,1.127911,0.451149,-0.606003,0.906483,0.82013,1.872619,1.438301,-1.097471,1.784294,0.851153,1.348353,1.231657,0.54357,-0.532639,0.935049,1.419533,1.30114,-0.977663,1.558102,1.388519,0.956486,1.072245,-1.277895,2.057488,-1.563186,0.963595,1.000722,-1.211603,-0.736076,-0.962907,0.674939,0.705133,1.57832,-1.923441,0.81134,0.585057,0.467461,-1.485352,1.183996,0.871703,1.778389,1.336227,1.283485,1.075455,1.195919,0.490121,0.510151,0.804531,1.541189,0.755417,1.026727,1.482487,2.046244,0.803155,0.674812,-2.165838,1.140741,-0.936093,1.458285,-2.804826,0.700886,1.14544,-1.162802,1.729601,-1.3622,0.753863,1.038379,-0.317856,1.60821,-1.696465,0.310269,0.656868,-0.293726
167.0,83.0,69.8,6.0,1.0,67771.0,67938.0,-0.24853,-1.914973,1.001682,0.114723,0.186072,0.331305,-1.94272,1.051365,-0.510033,-1.229764,0.481622,-1.879346,0.73987,-2.083863,1.29808,0.635837,-1.772743,0.98416,-0.867284,0.950086,-0.256483,-1.877005,0.962214,-1.073586,-1.609101,0.145932,-0.470992,1.212054,1.192047,1.113644,-1.414185,-1.693232,0.968831,0.99535,1.144591,-1.798445,-1.701162,0.947666,0.638313,1.204434,0.696367,-1.667684,1.09357,0.872603,1.295753,1.260262,-1.743137,1.08594,0.903991,1.482189,-0.755053,-1.717178,1.0539,-1.227801,1.265856,0.361356,-1.883152,0.942316,-1.403968,1.560418,-0.662473,-0.923799,0.443007,-1.910405,1.488531,-1.929411,-0.134473,-2.105514,0.852664,1.302405,-1.138526,1.677015,1.309865,1.250379,1.180407,-2.019839,1.602943,0.917688,0.937119,0.758224,0.865387,-1.740229,0.6612,1.061871,0.93209,1.045643,-1.65448,0.521222,0.715093,0.958208,0.653562,-1.527879,0.931884,-1.255854,1.433184,0.736695,0.154263,1.030717,-1.21397,1.124497,-1.723858,-1.365436,1.028716,2.062802,1.287637,-1.88791,-0.099817,0.342744,1.336028,1.267607,-1.922833,-0.286512,-2.458877,0.76667,1.301539,-0.598784,1.295413,0.944323,1.033638,0.822077,-1.843568,-1.591496,0.878226,0.849036,0.542327,1.364632,1.333886,1.07864,1.121835,0.66208,-1.790221,-2.256266,0.550003,-0.503565,0.332633,0.99397,1.680478,-2.017863,1.647682,-0.805966,-1.377857,1.197087,0.935841,2.184248,1.227863,1.221828,-1.240152,0.991131,1.45819,1.281496,2.34527,-0.802355,1.147004,1.191722,1.209561,-1.400259,1.068791,-2.054379,0.966606,1.153986,2.354381,1.570009,1.004701,0.908152,1.003349,-0.157684,-1.405834,0.764092,0.825116,0.640162,-1.560135,2.205923,0.590724,0.866448,0.379687,-2.026935,0.525983,0.749352,1.52017,-2.057066,-0.81365,1.107507,-1.860638,1.127911,0.451149,-0.606003,0.906483,0.82013,1.872619,1.438301,-1.097471,1.784294,0.851153,1.348353,1.231657,0.54357,-0.532639,0.935049,1.419533,1.30114,-0.977663,1.558102,1.388519,0.956486,1.072245,-1.277895,2.057488,-1.563186,0.963595,1.000722,-1.211603,-0.736076,-0.962907,0.674939,0.705133,1.57832,-1.923441,0.81134,0.585057,0.467461,-1.485352,1.183996,0.871703,1.778389,1.336227,1.283485,1.075455,1.195919,0.490121,0.510151,0.804531,1.541189,0.755417,1.026727,1.482487,2.046244,0.803155,0.674812,-2.165838,1.140741,-0.936093,1.458285,-2.804826,0.700886,1.14544,-1.162802,1.729601,-1.3622,0.753863,1.038379,-0.317856,1.60821,-1.696465,0.310269,0.656868,-0.293726
432.0,88.3,74.8,11.0,9.0,67938.0,68370.0,-0.064893,0.556826,-0.513235,-0.367826,0.71169,-0.069828,0.597761,-0.574586,-0.117572,0.878696,-0.191716,0.702819,-0.492402,0.498299,-0.358722,-0.205156,0.786279,-0.520261,0.062106,-0.301328,0.306455,0.88586,-0.52429,-0.322313,0.857108,0.128977,0.995431,-0.404494,-0.258648,-0.26792,0.656574,1.203775,-0.391808,-0.16467,-0.296329,0.78924,0.833904,-0.424893,-0.250471,-0.169093,-0.11963,0.89839,-0.499292,-1.062192,-0.055064,-0.212643,1.011704,-0.530947,-1.342545,-0.048679,0.279246,0.849686,-0.557861,0.213889,0.371536,0.061696,1.038806,-0.524654,0.623863,-0.029064,0.543835,0.504526,-0.454199,1.03695,-0.150719,0.833562,0.340405,0.31037,0.231217,-0.318565,1.188679,-0.456743,-0.528121,-0.33327,-0.321755,0.816225,-0.363562,-0.320739,-0.092715,-0.054317,0.164745,1.338264,-0.355299,-0.158045,-0.071786,-0.09999,0.984885,-0.37421,0.251629,0.054231,0.067626,1.45055,-0.496561,0.230611,-0.33082,-0.218791,0.403364,-0.562092,0.61052,-0.081024,1.297505,1.334615,-0.6009,-0.32313,-0.19087,1.127398,0.214219,-0.317897,-0.218492,-0.252117,0.835553,0.425822,0.522833,0.297203,-0.311144,0.861472,-0.269537,-0.298275,-0.123681,-0.027618,0.855348,1.430619,-0.503413,0.007248,0.166476,-0.41047,-0.110857,-0.525201,-0.125037,0.156247,0.465924,1.072748,-0.412511,0.583682,-0.064506,-1.109218,-0.537488,0.740483,-0.508443,0.224405,0.447048,-0.312502,-0.454107,-0.464331,-0.238577,-0.070065,1.376696,-0.242445,-0.434122,-0.264647,-0.85514,0.67548,-0.289264,-0.170845,-0.239968,0.486283,-0.165262,1.385955,0.026826,-0.172407,-0.212788,-0.375083,-0.349309,-0.171216,-0.119464,-0.045292,0.802545,-0.786332,-0.208119,0.013545,0.856578,0.521052,-0.678179,-0.460721,0.12196,1.07046,-0.34563,-0.549203,-1.026638,1.073949,0.050987,0.157424,0.812898,-0.499043,0.465119,0.005989,-1.064635,-0.235078,-0.727385,-0.479897,0.673941,-0.182375,-0.124312,-0.486425,-0.251506,-1.033782,0.339206,-0.244415,-0.51559,-0.281053,0.269312,-0.556217,-0.472155,-0.005384,-0.121785,0.664185,0.211999,0.466019,-0.274844,-0.213565,0.637508,0.663431,-0.986647,-0.19018,0.00745,-0.664576,1.092835,-0.850204,-0.570086,0.123237,0.82975,-0.380603,-0.865721,-0.989666,-0.33898,-0.385704,-0.254898,-0.455564,-0.464605,0.232846,-0.154962,-0.666909,-0.279731,-1.267119,-0.503145,0.020287,-0.457353,-0.03465,1.244748,-0.11886,0.090622,-0.765197,0.821359,0.123502,-0.149844,0.291083,-0.786982,-0.123025,0.135225,-0.072304,0.409038,-0.575054,0.564718,0.072015,-0.012549,0.40209
299.0,88.1,73.2,5.0,7.0,68370.0,68669.0,-0.24853,-1.914973,1.001682,0.114723,0.186072,0.331305,-1.94272,1.051365,-0.510033,-1.229764,0.481622,-1.879346,0.73987,-2.083863,1.29808,0.635837,-1.772743,0.98416,-0.867284,0.950086,-0.256483,-1.877005,0.962214,-1.073586,-1.609101,0.145932,-0.470992,1.212054,1.192047,1.113644,-1.414185,-1.693232,0.968831,0.99535,1.144591,-1.798445,-1.701162,0.947666,0.638313,1.204434,0.696367,-1.667684,1.09357,0.872603,1.295753,1.260262,-1.743137,1.08594,0.903991,1.482189,-0.755053,-1.717178,1.0539,-1.227801,1.265856,0.361356,-1.883152,0.942316,-1.403968,1.560418,-0.662473,-0.923799,0.443007,-1.910405,1.488531,-1.929411,-0.134473,-2.105514,0.852664,1.302405,-1.138526,1.677015,1.309865,1.250379,1.180407,-2.019839,1.602943,0.917688,0.937119,0.758224,0.865387,-1.740229,0.6612,1.061871,0.93209,1.045643,-1.65448,0.521222,0.715093,0.958208,0.653562,-1.527879,0.931884,-1.255854,1.433184,0.736695,0.154263,1.030717,-1.21397,1.124497,-1.723858,-1.365436,1.028716,2.062802,1.287637,-1.88791,-0.099817,0.342744,1.336028,1.267607,-1.922833,-0.286512,-2.458877,0.76667,1.301539,-0.598784,1.295413,0.944323,1.033638,0.822077,-1.843568,-1.591496,0.878226,0.849036,0.542327,1.364632,1.333886,1.07864,1.121835,0.66208,-1.790221,-2.256266,0.550003,-0.503565,0.332633,0.99397,1.680478,-2.017863,1.647682,-0.805966,-1.377857,1.197087,0.935841,2.184248,1.227863,1.221828,-1.240152,0.991131,1.45819,1.281496,2.34527,-0.802355,1.147004,1.191722,1.209561,-1.400259,1.068791,-2.054379,0.966606,1.153986,2.354381,1.570009,1.004701,0.908152,1.003349,-0.157684,-1.405834,0.764092,0.825116,0.640162,-1.560135,2.205923,0.590724,0.866448,0.379687,-2.026935,0.525983,0.749352,1.52017,-2.057066,-0.81365,1.107507,-1.860638,1.127911,0.451149,-0.606003,0.906483,0.82013,1.872619,1.438301,-1.097471,1.784294,0.851153,1.348353,1.231657,0.54357,-0.532639,0.935049,1.419533,1.30114,-0.977663,1.558102,1.388519,0.956486,1.072245,-1.277895,2.057488,-1.563186,0.963595,1.000722,-1.211603,-0.736076,-0.962907,0.674939,0.705133,1.57832,-1.923441,0.81134,0.585057,0.467461,-1.485352,1.183996,0.871703,1.778389,1.336227,1.283485,1.075455,1.195919,0.490121,0.510151,0.804531,1.541189,0.755417,1.026727,1.482487,2.046244,0.803155,0.674812,-2.165838,1.140741,-0.936093,1.458285,-2.804826,0.700886,1.14544,-1.162802,1.729601,-1.3622,0.753863,1.038379,-0.317856,1.60821,-1.696465,0.310269,0.656868,-0.293726
99.0,65.0,53.7,1.0,1.0,8333.0,8432.0,-0.24853,-1.914973,1.001682,0.114723,0.186072,0.331305,-1.94272,1.051365,-0.510033,-1.229764,0.481622,-1.879346,0.73987,-2.083863,1.29808,0.635837,-1.772743,0.98416,-0.867284,0.950086,-0.256483,-1.877005,0.962214,-1.073586,-1.609101,0.145932,-0.470992,1.212054,1.192047,1.113644,-1.414185,-1.693232,0.968831,0.99535,1.144591,-1.798445,-1.701162,0.947666,0.638313,1.204434,0.696367,-1.667684,1.09357,0.872603,1.295753,1.260262,-1.743137,1.08594,0.903991,1.482189,-0.755053,-1.717178,1.0539,-1.227801,1.265856,0.361356,-1.883152,0.942316,-1.403968,1.560418,-0.662473,-0.923799,0.443007,-1.910405,1.488531,-1.929411,-0.134473,-2.105514,0.852664,1.302405,-1.138526,1.677015,1.309865,1.250379,1.180407,-2.019839,1.602943,0.917688,0.937119,0.758224,0.865387,-1.740229,0.6612,1.061871,0.93209,1.045643,-1.65448,0.521222,0.715093,0.958208,0.653562,-1.527879,0.931884,-1.255854,1.433184,0.736695,0.154263,1.030717,-1.21397,1.124497,-1.723858,-1.365436,1.028716,2.062802,1.287637,-1.88791,-0.099817,0.342744,1.336028,1.267607,-1.922833,-0.286512,-2.458877,0.76667,1.301539,-0.598784,1.295413,0.944323,1.033638,0.822077,-1.843568,-1.591496,0.878226,0.849036,0.542327,1.364632,1.333886,1.07864,1.121835,0.66208,-1.790221,-2.256266,0.550003,-0.503565,0.332633,0.99397,1.680478,-2.017863,1.647682,-0.805966,-1.377857,1.197087,0.935841,2.184248,1.227863,1.221828,-1.240152,0.991131,1.45819,1.281496,2.34527,-0.802355,1.147004,1.191722,1.209561,-1.400259,1.068791,-2.054379,0.966606,1.153986,2.354381,1.570009,1.004701,0.908152,1.003349,-0.157684,-1.405834,0.764092,0.825116,0.640162,-1.560135,2.205923,0.590724,0.866448,0.379687,-2.026935,0.525983,0.749352,1.52017,-2.057066,-0.81365,1.107507,-1.860638,1.127911,0.451149,-0.606003,0.906483,0.82013,1.872619,1.438301,-1.097471,1.784294,0.851153,1.348353,1.231657,0.54357,-0.532639,0.935049,1.419533,1.30114,-0.977663,1.558102,1.388519,0.956486,1.072245,-1.277895,2.057488,-1.563186,0.963595,1.000722,-1.211603,-0.736076,-0.962907,0.674939,0.705133,1.57832,-1.923441,0.81134,0.585057,0.467461,-1.485352,1.183996,0.871703,1.778389,1.336227,1.283485,1.075455,1.195919,0.490121,0.510151,0.804531,1.541189,0.755417,1.026727,1.482487,2.046244,0.803155,0.674812,-2.165838,1.140741,-0.936093,1.458285,-2.804826,0.700886,1.14544,-1.162802,1.729601,-1.3622,0.753863,1.038379,-0.317856,1.60821,-1.696465,0.310269,0.656868,-0.293726
232.0,84.1,68.3,2.0,7.0,68669.0,68901.0,-0.24853,-1.914973,1.001682,0.114723,0.186072,0.331305,-1.94272,1.051365,-0.510033,-1.229764,0.481622,-1.879346,0.73987,-2.083863,1.29808,0.635837,-1.772743,0.98416,-0.867284,0.950086,-0.256483,-1.877005,0.962214,-1.073586,-1.609101,0.145932,-0.470992,1.212054,1.192047,1.113644,-1.414185,-1.693232,0.968831,0.99535,1.144591,-1.798445,-1.701162,0.947666,0.638313,1.204434,0.696367,-1.667684,1.09357,0.872603,1.295753,1.260262,-1.743137,1.08594,0.903991,1.482189,-0.755053,-1.717178,1.0539,-1.227801,1.265856,0.361356,-1.883152,0.942316,-1.403968,1.560418,-0.662473,-0.923799,0.443007,-1.910405,1.488531,-1.929411,-0.134473,-2.105514,0.852664,1.302405,-1.138526,1.677015,1.309865,1.250379,1.180407,-2.019839,1.602943,0.917688,0.937119,0.758224,0.865387,-1.740229,0.6612,1.061871,0.93209,1.045643,-1.65448,0.521222,0.715093,0.958208,0.653562,-1.527879,0.931884,-1.255854,1.433184,0.736695,0.154263,1.030717,-1.21397,1.124497,-1.723858,-1.365436,1.028716,2.062802,1.287637,-1.88791,-0.099817,0.342744,1.336028,1.267607,-1.922833,-0.286512,-2.458877,0.76667,1.301539,-0.598784,1.295413,0.944323,1.033638,0.822077,-1.843568,-1.591496,0.878226,0.849036,0.542327,1.364632,1.333886,1.07864,1.121835,0.66208,-1.790221,-2.256266,0.550003,-0.503565,0.332633,0.99397,1.680478,-2.017863,1.647682,-0.805966,-1.377857,1.197087,0.935841,2.184248,1.227863,1.221828,-1.240152,0.991131,1.45819,1.281496,2.34527,-0.802355,1.147004,1.191722,1.209561,-1.400259,1.068791,-2.054379,0.966606,1.153986,2.354381,1.570009,1.004701,0.908152,1.003349,-0.157684,-1.405834,0.764092,0.825116,0.640162,-1.560135,2.205923,0.590724,0.866448,0.379687,-2.026935,0.525983,0.749352,1.52017,-2.057066,-0.81365,1.107507,-1.860638,1.127911,0.451149,-0.606003,0.906483,0.82013,1.872619,1.438301,-1.097471,1.784294,0.851153,1.348353,1.231657,0.54357,-0.532639,0.935049,1.419533,1.30114,-0.977663,1.558102,1.388519,0.956486,1.072245,-1.277895,2.057488,-1.563186,0.963595,1.000722,-1.211603,-0.736076,-0.962907,0.674939,0.705133,1.57832,-1.923441,0.81134,0.585057,0.467461,-1.485352,1.183996,0.871703,1.778389,1.336227,1.283485,1.075455,1.195919,0.490121,0.510151,0.804531,1.541189,0.755417,1.026727,1.482487,2.046244,0.803155,0.674812,-2.165838,1.140741,-0.936093,1.458285,-2.804826,0.700886,1.14544,-1.162802,1.729601,-1.3622,0.753863,1.038379,-0.317856,1.60821,-1.696465,0.310269,0.656868,-0.293726
732.0,82.7,67.6,12.0,28.0,68901.0,69633.0,-0.24853,-1.914973,1.001682,0.114723,0.186072,0.331305,-1.94272,1.051365,-0.510033,-1.229764,0.481622,-1.879346,0.73987,-2.083863,1.29808,0.635837,-1.772743,0.98416,-0.867284,0.950086,-0.256483,-1.877005,0.962214,-1.073586,-1.609101,0.145932,-0.470992,1.212054,1.192047,1.113644,-1.414185,-1.693232,0.968831,0.99535,1.144591,-1.798445,-1.701162,0.947666,0.638313,1.204434,0.696367,-1.667684,1.09357,0.872603,1.295753,1.260262,-1.743137,1.08594,0.903991,1.482189,-0.755053,-1.717178,1.0539,-1.227801,1.265856,0.361356,-1.883152,0.942316,-1.403968,1.560418,-0.662473,-0.923799,0.443007,-1.910405,1.488531,-1.929411,-0.134473,-2.105514,0.852664,1.302405,-1.138526,1.677015,1.309865,1.250379,1.180407,-2.019839,1.602943,0.917688,0.937119,0.758224,0.865387,-1.740229,0.6612,1.061871,0.93209,1.045643,-1.65448,0.521222,0.715093,0.958208,0.653562,-1.527879,0.931884,-1.255854,1.433184,0.736695,0.154263,1.030717,-1.21397,1.124497,-1.723858,-1.365436,1.028716,2.062802,1.287637,-1.88791,-0.099817,0.342744,1.336028,1.267607,-1.922833,-0.286512,-2.458877,0.76667,1.301539,-0.598784,1.295413,0.944323,1.033638,0.822077,-1.843568,-1.591496,0.878226,0.849036,0.542327,1.364632,1.333886,1.07864,1.121835,0.66208,-1.790221,-2.256266,0.550003,-0.503565,0.332633,0.99397,1.680478,-2.017863,1.647682,-0.805966,-1.377857,1.197087,0.935841,2.184248,1.227863,1.221828,-1.240152,0.991131,1.45819,1.281496,2.34527,-0.802355,1.147004,1.191722,1.209561,-1.400259,1.068791,-2.054379,0.966606,1.153986,2.354381,1.570009,1.004701,0.908152,1.003349,-0.157684,-1.405834,0.764092,0.825116,0.640162,-1.560135,2.205923,0.590724,0.866448,0.379687,-2.026935,0.525983,0.749352,1.52017,-2.057066,-0.81365,1.107507,-1.860638,1.127911,0.451149,-0.606003,0.906483,0.82013,1.872619,1.438301,-1.097471,1.784294,0.851153,1.348353,1.231657,0.54357,-0.532639,0.935049,1.419533,1.30114,-0.977663,1.558102,1.388519,0.956486,1.072245,-1.277895,2.057488,-1.563186,0.963595,1.000722,-1.211603,-0.736076,-0.962907,0.674939,0.705133,1.57832,-1.923441,0.81134,0.585057,0.467461,-1.485352,1.183996,0.871703,1.778389,1.336227,1.283485,1.075455,1.195919,0.490121,0.510151,0.804531,1.541189,0.755417,1.026727,1.482487,2.046244,0.803155,0.674812,-2.165838,1.140741,-0.936093,1.458285,-2.804826,0.700886,1.14544,-1.162802,1.729601,-1.3622,0.753863,1.038379,-0.317856,1.60821,-1.696465,0.310269,0.656868,-0.293726
299.0,87.6,73.1,9.0,19.0,69633.0,69932.0,-0.24853,-1.914973,1.001682,0.114723,0.186072,0.331305,-1.94272,1.051365,-0.510033,-1.229764,0.481622,-1.879346,0.73987,-2.083863,1.29808,0.635837,-1.772743,0.98416,-0.867284,0.950086,-0.256483,-1.877005,0.962214,-1.073586,-1.609101,0.145932,-0.470992,1.212054,1.192047,1.113644,-1.414185,-1.693232,0.968831,0.99535,1.144591,-1.798445,-1.701162,0.947666,0.638313,1.204434,0.696367,-1.667684,1.09357,0.872603,1.295753,1.260262,-1.743137,1.08594,0.903991,1.482189,-0.755053,-1.717178,1.0539,-1.227801,1.265856,0.361356,-1.883152,0.942316,-1.403968,1.560418,-0.662473,-0.923799,0.443007,-1.910405,1.488531,-1.929411,-0.134473,-2.105514,0.852664,1.302405,-1.138526,1.677015,1.309865,1.250379,1.180407,-2.019839,1.602943,0.917688,0.937119,0.758224,0.865387,-1.740229,0.6612,1.061871,0.93209,1.045643,-1.65448,0.521222,0.715093,0.958208,0.653562,-1.527879,0.931884,-1.255854,1.433184,0.736695,0.154263,1.030717,-1.21397,1.124497,-1.723858,-1.365436,1.028716,2.062802,1.287637,-1.88791,-0.099817,0.342744,1.336028,1.267607,-1.922833,-0.286512,-2.458877,0.76667,1.301539,-0.598784,1.295413,0.944323,1.033638,0.822077,-1.843568,-1.591496,0.878226,0.849036,0.542327,1.364632,1.333886,1.07864,1.121835,0.66208,-1.790221,-2.256266,0.550003,-0.503565,0.332633,0.99397,1.680478,-2.017863,1.647682,-0.805966,-1.377857,1.197087,0.935841,2.184248,1.227863,1.221828,-1.240152,0.991131,1.45819,1.281496,2.34527,-0.802355,1.147004,1.191722,1.209561,-1.400259,1.068791,-2.054379,0.966606,1.153986,2.354381,1.570009,1.004701,0.908152,1.003349,-0.157684,-1.405834,0.764092,0.825116,0.640162,-1.560135,2.205923,0.590724,0.866448,0.379687,-2.026935,0.525983,0.749352,1.52017,-2.057066,-0.81365,1.107507,-1.860638,1.127911,0.451149,-0.606003,0.906483,0.82013,1.872619,1.438301,-1.097471,1.784294,0.851153,1.348353,1.231657,0.54357,-0.532639,0.935049,1.419533,1.30114,-0.977663,1.558102,1.388519,0.956486,1.072245,-1.277895,2.057488,-1.563186,0.963595,1.000722,-1.211603,-0.736076,-0.962907,0.674939,0.705133,1.57832,-1.923441,0.81134,0.585057,0.467461,-1.485352,1.183996,0.871703,1.778389,1.336227,1.283485,1.075455,1.195919,0.490121,0.510151,0.804531,1.541189,0.755417,1.026727,1.482487,2.046244,0.803155,0.674812,-2.165838,1.140741,-0.936093,1.458285,-2.804826,0.700886,1.14544,-1.162802,1.729601,-1.3622,0.753863,1.038379,-0.317856,1.60821,-1.696465,0.310269,0.656868,-0.293726
465.0,89.9,78.5,40.0,38.0,69932.0,70397.0,-0.24853,-1.914973,1.001682,0.114723,0.186072,0.331305,-1.94272,1.051365,-0.510033,-1.229764,0.481622,-1.879346,0.73987,-2.083863,1.29808,0.635837,-1.772743,0.98416,-0.867284,0.950086,-0.256483,-1.877005,0.962214,-1.073586,-1.609101,0.145932,-0.470992,1.212054,1.192047,1.113644,-1.414185,-1.693232,0.968831,0.99535,1.144591,-1.798445,-1.701162,0.947666,0.638313,1.204434,0.696367,-1.667684,1.09357,0.872603,1.295753,1.260262,-1.743137,1.08594,0.903991,1.482189,-0.755053,-1.717178,1.0539,-1.227801,1.265856,0.361356,-1.883152,0.942316,-1.403968,1.560418,-0.662473,-0.923799,0.443007,-1.910405,1.488531,-1.929411,-0.134473,-2.105514,0.852664,1.302405,-1.138526,1.677015,1.309865,1.250379,1.180407,-2.019839,1.602943,0.917688,0.937119,0.758224,0.865387,-1.740229,0.6612,1.061871,0.93209,1.045643,-1.65448,0.521222,0.715093,0.958208,0.653562,-1.527879,0.931884,-1.255854,1.433184,0.736695,0.154263,1.030717,-1.21397,1.124497,-1.723858,-1.365436,1.028716,2.062802,1.287637,-1.88791,-0.099817,0.342744,1.336028,1.267607,-1.922833,-0.286512,-2.458877,0.76667,1.301539,-0.598784,1.295413,0.944323,1.033638,0.822077,-1.843568,-1.591496,0.878226,0.849036,0.542327,1.364632,1.333886,1.07864,1.121835,0.66208,-1.790221,-2.256266,0.550003,-0.503565,0.332633,0.99397,1.680478,-2.017863,1.647682,-0.805966,-1.377857,1.197087,0.935841,2.184248,1.227863,1.221828,-1.240152,0.991131,1.45819,1.281496,2.34527,-0.802355,1.147004,1.191722,1.209561,-1.400259,1.068791,-2.054379,0.966606,1.153986,2.354381,1.570009,1.004701,0.908152,1.003349,-0.157684,-1.405834,0.764092,0.825116,0.640162,-1.560135,2.205923,0.590724,0.866448,0.379687,-2.026935,0.525983,0.749352,1.52017,-2.057066,-0.81365,1.107507,-1.860638,1.127911,0.451149,-0.606003,0.906483,0.82013,1.872619,1.438301,-1.097471,1.784294,0.851153,1.348353,1.231657,0.54357,-0.532639,0.935049,1.419533,1.30114,-0.977663,1.558102,1.388519,0.956486,1.072245,-1.277895,2.057488,-1.563186,0.963595,1.000722,-1.211603,-0.736076,-0.962907,0.674939,0.705133,1.57832,-1.923441,0.81134,0.585057,0.467461,-1.485352,1.183996,0.871703,1.778389,1.336227,1.283485,1.075455,1.195919,0.490121,0.510151,0.804531,1.541189,0.755417,1.026727,1.482487,2.046244,0.803155,0.674812,-2.165838,1.140741,-0.936093,1.458285,-2.804826,0.700886,1.14544,-1.162802,1.729601,-1.3622,0.753863,1.038379,-0.317856,1.60821,-1.696465,0.310269,0.656868,-0.293726
432.0,87.1,75.7,3.0,8.0,70397.0,70829.0,-0.24853,-1.914973,1.001682,0.114723,0.186072,0.331305,-1.94272,1.051365,-0.510033,-1.229764,0.481622,-1.879346,0.73987,-2.083863,1.29808,0.635837,-1.772743,0.98416,-0.867284,0.950086,-0.256483,-1.877005,0.962214,-1.073586,-1.609101,0.145932,-0.470992,1.212054,1.192047,1.113644,-1.414185,-1.693232,0.968831,0.99535,1.144591,-1.798445,-1.701162,0.947666,0.638313,1.204434,0.696367,-1.667684,1.09357,0.872603,1.295753,1.260262,-1.743137,1.08594,0.903991,1.482189,-0.755053,-1.717178,1.0539,-1.227801,1.265856,0.361356,-1.883152,0.942316,-1.403968,1.560418,-0.662473,-0.923799,0.443007,-1.910405,1.488531,-1.929411,-0.134473,-2.105514,0.852664,1.302405,-1.138526,1.677015,1.309865,1.250379,1.180407,-2.019839,1.602943,0.917688,0.937119,0.758224,0.865387,-1.740229,0.6612,1.061871,0.93209,1.045643,-1.65448,0.521222,0.715093,0.958208,0.653562,-1.527879,0.931884,-1.255854,1.433184,0.736695,0.154263,1.030717,-1.21397,1.124497,-1.723858,-1.365436,1.028716,2.062802,1.287637,-1.88791,-0.099817,0.342744,1.336028,1.267607,-1.922833,-0.286512,-2.458877,0.76667,1.301539,-0.598784,1.295413,0.944323,1.033638,0.822077,-1.843568,-1.591496,0.878226,0.849036,0.542327,1.364632,1.333886,1.07864,1.121835,0.66208,-1.790221,-2.256266,0.550003,-0.503565,0.332633,0.99397,1.680478,-2.017863,1.647682,-0.805966,-1.377857,1.197087,0.935841,2.184248,1.227863,1.221828,-1.240152,0.991131,1.45819,1.281496,2.34527,-0.802355,1.147004,1.191722,1.209561,-1.400259,1.068791,-2.054379,0.966606,1.153986,2.354381,1.570009,1.004701,0.908152,1.003349,-0.157684,-1.405834,0.764092,0.825116,0.640162,-1.560135,2.205923,0.590724,0.866448,0.379687,-2.026935,0.525983,0.749352,1.52017,-2.057066,-0.81365,1.107507,-1.860638,1.127911,0.451149,-0.606003,0.906483,0.82013,1.872619,1.438301,-1.097471,1.784294,0.851153,1.348353,1.231657,0.54357,-0.532639,0.935049,1.419533,1.30114,-0.977663,1.558102,1.388519,0.956486,1.072245,-1.277895,2.057488,-1.563186,0.963595,1.000722,-1.211603,-0.736076,-0.962907,0.674939,0.705133,1.57832,-1.923441,0.81134,0.585057,0.467461,-1.485352,1.183996,0.871703,1.778389,1.336227,1.283485,1.075455,1.195919,0.490121,0.510151,0.804531,1.541189,0.755417,1.026727,1.482487,2.046244,0.803155,0.674812,-2.165838,1.140741,-0.936093,1.458285,-2.804826,0.700886,1.14544,-1.162802,1.729601,-1.3622,0.753863,1.038379,-0.317856,1.60821,-1.696465,0.310269,0.656868,-0.293726
763.0,85.7,73.5,5.0,10.0,70829.0,71592.0,-0.24853,-1.914973,1.001682,0.114723,0.186072,0.331305,-1.94272,1.051365,-0.510033,-1.229764,0.481622,-1.879346,0.73987,-2.083863,1.29808,0.635837,-1.772743,0.98416,-0.867284,0.950086,-0.256483,-1.877005,0.962214,-1.073586,-1.609101,0.145932,-0.470992,1.212054,1.192047,1.113644,-1.414185,-1.693232,0.968831,0.99535,1.144591,-1.798445,-1.701162,0.947666,0.638313,1.204434,0.696367,-1.667684,1.09357,0.872603,1.295753,1.260262,-1.743137,1.08594,0.903991,1.482189,-0.755053,-1.717178,1.0539,-1.227801,1.265856,0.361356,-1.883152,0.942316,-1.403968,1.560418,-0.662473,-0.923799,0.443007,-1.910405,1.488531,-1.929411,-0.134473,-2.105514,0.852664,1.302405,-1.138526,1.677015,1.309865,1.250379,1.180407,-2.019839,1.602943,0.917688,0.937119,0.758224,0.865387,-1.740229,0.6612,1.061871,0.93209,1.045643,-1.65448,0.521222,0.715093,0.958208,0.653562,-1.527879,0.931884,-1.255854,1.433184,0.736695,0.154263,1.030717,-1.21397,1.124497,-1.723858,-1.365436,1.028716,2.062802,1.287637,-1.88791,-0.099817,0.342744,1.336028,1.267607,-1.922833,-0.286512,-2.458877,0.76667,1.301539,-0.598784,1.295413,0.944323,1.033638,0.822077,-1.843568,-1.591496,0.878226,0.849036,0.542327,1.364632,1.333886,1.07864,1.121835,0.66208,-1.790221,-2.256266,0.550003,-0.503565,0.332633,0.99397,1.680478,-2.017863,1.647682,-0.805966,-1.377857,1.197087,0.935841,2.184248,1.227863,1.221828,-1.240152,0.991131,1.45819,1.281496,2.34527,-0.802355,1.147004,1.191722,1.209561,-1.400259,1.068791,-2.054379,0.966606,1.153986,2.354381,1.570009,1.004701,0.908152,1.003349,-0.157684,-1.405834,0.764092,0.825116,0.640162,-1.560135,2.205923,0.590724,0.866448,0.379687,-2.026935,0.525983,0.749352,1.52017,-2.057066,-0.81365,1.107507,-1.860638,1.127911,0.451149,-0.606003,0.906483,0.82013,1.872619,1.438301,-1.097471,1.784294,0.851153,1.348353,1.231657,0.54357,-0.532639,0.935049,1.419533,1.30114,-0.977663,1.558102,1.388519,0.956486,1.072245,-1.277895,2.057488,-1.563186,0.963595,1.000722,-1.211603,-0.736076,-0.962907,0.674939,0.705133,1.57832,-1.923441,0.81134,0.585057,0.467461,-1.485352,1.183996,0.871703,1.778389,1.336227,1.283485,1.075455,1.195919,0.490121,0.510151,0.804531,1.541189,0.755417,1.026727,1.482487,2.046244,0.803155,0.674812,-2.165838,1.140741,-0.936093,1.458285,-2.804826,0.700886,1.14544,-1.162802,1.729601,-1.3622,0.753863,1.038379,-0.317856,1.60821,-1.696465,0.310269,0.656868,-0.293726
133.0,86.8,74.8,3.0,3.0,71592.0,71725.0,-0.24853,-1.914973,1.001682,0.114723,0.186072,0.331305,-1.94272,1.051365,-0.510033,-1.229764,0.481622,-1.879346,0.73987,-2.083863,1.29808,0.635837,-1.772743,0.98416,-0.867284,0.950086,-0.256483,-1.877005,0.962214,-1.073586,-1.609101,0.145932,-0.470992,1.212054,1.192047,1.113644,-1.414185,-1.693232,0.968831,0.99535,1.144591,-1.798445,-1.701162,0.947666,0.638313,1.204434,0.696367,-1.667684,1.09357,0.872603,1.295753,1.260262,-1.743137,1.08594,0.903991,1.482189,-0.755053,-1.717178,1.0539,-1.227801,1.265856,0.361356,-1.883152,0.942316,-1.403968,1.560418,-0.662473,-0.923799,0.443007,-1.910405,1.488531,-1.929411,-0.134473,-2.105514,0.852664,1.302405,-1.138526,1.677015,1.309865,1.250379,1.180407,-2.019839,1.602943,0.917688,0.937119,0.758224,0.865387,-1.740229,0.6612,1.061871,0.93209,1.045643,-1.65448,0.521222,0.715093,0.958208,0.653562,-1.527879,0.931884,-1.255854,1.433184,0.736695,0.154263,1.030717,-1.21397,1.124497,-1.723858,-1.365436,1.028716,2.062802,1.287637,-1.88791,-0.099817,0.342744,1.336028,1.267607,-1.922833,-0.286512,-2.458877,0.76667,1.301539,-0.598784,1.295413,0.944323,1.033638,0.822077,-1.843568,-1.591496,0.878226,0.849036,0.542327,1.364632,1.333886,1.07864,1.121835,0.66208,-1.790221,-2.256266,0.550003,-0.503565,0.332633,0.99397,1.680478,-2.017863,1.647682,-0.805966,-1.377857,1.197087,0.935841,2.184248,1.227863,1.221828,-1.240152,0.991131,1.45819,1.281496,2.34527,-0.802355,1.147004,1.191722,1.209561,-1.400259,1.068791,-2.054379,0.966606,1.153986,2.354381,1.570009,1.004701,0.908152,1.003349,-0.157684,-1.405834,0.764092,0.825116,0.640162,-1.560135,2.205923,0.590724,0.866448,0.379687,-2.026935,0.525983,0.749352,1.52017,-2.057066,-0.81365,1.107507,-1.860638,1.127911,0.451149,-0.606003,0.906483,0.82013,1.872619,1.438301,-1.097471,1.784294,0.851153,1.348353,1.231657,0.54357,-0.532639,0.935049,1.419533,1.30114,-0.977663,1.558102,1.388519,0.956486,1.072245,-1.277895,2.057488,-1.563186,0.963595,1.000722,-1.211603,-0.736076,-0.962907,0.674939,0.705133,1.57832,-1.923441,0.81134,0.585057,0.467461,-1.485352,1.183996,0.871703,1.778389,1.336227,1.283485,1.075455,1.195919,0.490121,0.510151,0.804531,1.541189,0.755417,1.026727,1.482487,2.046244,0.803155,0.674812,-2.165838,1.140741,-0.936093,1.458285,-2.804826,0.700886,1.14544,-1.162802,1.729601,-1.3622,0.753863,1.038379,-0.317856,1.60821,-1.696465,0.310269,0.656868,-0.293726
99.0,89.0,76.7,2.0,2.0,71725.0,71824.0,-0.24853,-1.914973,1.001682,0.114723,0.186072,0.331305,-1.94272,1.051365,-0.510033,-1.229764,0.481622,-1.879346,0.73987,-2.083863,1.29808,0.635837,-1.772743,0.98416,-0.867284,0.950086,-0.256483,-1.877005,0.962214,-1.073586,-1.609101,0.145932,-0.470992,1.212054,1.192047,1.113644,-1.414185,-1.693232,0.968831,0.99535,1.144591,-1.798445,-1.701162,0.947666,0.638313,1.204434,0.696367,-1.667684,1.09357,0.872603,1.295753,1.260262,-1.743137,1.08594,0.903991,1.482189,-0.755053,-1.717178,1.0539,-1.227801,1.265856,0.361356,-1.883152,0.942316,-1.403968,1.560418,-0.662473,-0.923799,0.443007,-1.910405,1.488531,-1.929411,-0.134473,-2.105514,0.852664,1.302405,-1.138526,1.677015,1.309865,1.250379,1.180407,-2.019839,1.602943,0.917688,0.937119,0.758224,0.865387,-1.740229,0.6612,1.061871,0.93209,1.045643,-1.65448,0.521222,0.715093,0.958208,0.653562,-1.527879,0.931884,-1.255854,1.433184,0.736695,0.154263,1.030717,-1.21397,1.124497,-1.723858,-1.365436,1.028716,2.062802,1.287637,-1.88791,-0.099817,0.342744,1.336028,1.267607,-1.922833,-0.286512,-2.458877,0.76667,1.301539,-0.598784,1.295413,0.944323,1.033638,0.822077,-1.843568,-1.591496,0.878226,0.849036,0.542327,1.364632,1.333886,1.07864,1.121835,0.66208,-1.790221,-2.256266,0.550003,-0.503565,0.332633,0.99397,1.680478,-2.017863,1.647682,-0.805966,-1.377857,1.197087,0.935841,2.184248,1.227863,1.221828,-1.240152,0.991131,1.45819,1.281496,2.34527,-0.802355,1.147004,1.191722,1.209561,-1.400259,1.068791,-2.054379,0.966606,1.153986,2.354381,1.570009,1.004701,0.908152,1.003349,-0.157684,-1.405834,0.764092,0.825116,0.640162,-1.560135,2.205923,0.590724,0.866448,0.379687,-2.026935,0.525983,0.749352,1.52017,-2.057066,-0.81365,1.107507,-1.860638,1.127911,0.451149,-0.606003,0.906483,0.82013,1.872619,1.438301,-1.097471,1.784294,0.851153,1.348353,1.231657,0.54357,-0.532639,0.935049,1.419533,1.30114,-0.977663,1.558102,1.388519,0.956486,1.072245,-1.277895,2.057488,-1.563186,0.963595,1.000722,-1.211603,-0.736076,-0.962907,0.674939,0.705133,1.57832,-1.923441,0.81134,0.585057,0.467461,-1.485352,1.183996,0.871703,1.778389,1.336227,1.283485,1.075455,1.195919,0.490121,0.510151,0.804531,1.541189,0.755417,1.026727,1.482487,2.046244,0.803155,0.674812,-2.165838,1.140741,-0.936093,1.458285,-2.804826,0.700886,1.14544,-1.162802,1.729601,-1.3622,0.753863,1.038379,-0.317856,1.60821,-1.696465,0.310269,0.656868,-0.293726
266.0,83.9,69.1,3.0,4.0,71824.0,72090.0,-0.24853,-1.914973,1.001682,0.114723,0.186072,0.331305,-1.94272,1.051365,-0.510033,-1.229764,0.481622,-1.879346,0.73987,-2.083863,1.29808,0.635837,-1.772743,0.98416,-0.867284,0.950086,-0.256483,-1.877005,0.962214,-1.073586,-1.609101,0.145932,-0.470992,1.212054,1.192047,1.113644,-1.414185,-1.693232,0.968831,0.99535,1.144591,-1.798445,-1.701162,0.947666,0.638313,1.204434,0.696367,-1.667684,1.09357,0.872603,1.295753,1.260262,-1.743137,1.08594,0.903991,1.482189,-0.755053,-1.717178,1.0539,-1.227801,1.265856,0.361356,-1.883152,0.942316,-1.403968,1.560418,-0.662473,-0.923799,0.443007,-1.910405,1.488531,-1.929411,-0.134473,-2.105514,0.852664,1.302405,-1.138526,1.677015,1.309865,1.250379,1.180407,-2.019839,1.602943,0.917688,0.937119,0.758224,0.865387,-1.740229,0.6612,1.061871,0.93209,1.045643,-1.65448,0.521222,0.715093,0.958208,0.653562,-1.527879,0.931884,-1.255854,1.433184,0.736695,0.154263,1.030717,-1.21397,1.124497,-1.723858,-1.365436,1.028716,2.062802,1.287637,-1.88791,-0.099817,0.342744,1.336028,1.267607,-1.922833,-0.286512,-2.458877,0.76667,1.301539,-0.598784,1.295413,0.944323,1.033638,0.822077,-1.843568,-1.591496,0.878226,0.849036,0.542327,1.364632,1.333886,1.07864,1.121835,0.66208,-1.790221,-2.256266,0.550003,-0.503565,0.332633,0.99397,1.680478,-2.017863,1.647682,-0.805966,-1.377857,1.197087,0.935841,2.184248,1.227863,1.221828,-1.240152,0.991131,1.45819,1.281496,2.34527,-0.802355,1.147004,1.191722,1.209561,-1.400259,1.068791,-2.054379,0.966606,1.153986,2.354381,1.570009,1.004701,0.908152,1.003349,-0.157684,-1.405834,0.764092,0.825116,0.640162,-1.560135,2.205923,0.590724,0.866448,0.379687,-2.026935,0.525983,0.749352,1.52017,-2.057066,-0.81365,1.107507,-1.860638,1.127911,0.451149,-0.606003,0.906483,0.82013,1.872619,1.438301,-1.097471,1.784294,0.851153,1.348353,1.231657,0.54357,-0.532639,0.935049,1.419533,1.30114,-0.977663,1.558102,1.388519,0.956486,1.072245,-1.277895,2.057488,-1.563186,0.963595,1.000722,-1.211603,-0.736076,-0.962907,0.674939,0.705133,1.57832,-1.923441,0.81134,0.585057,0.467461,-1.485352,1.183996,0.871703,1.778389,1.336227,1.283485,1.075455,1.195919,0.490121,0.510151,0.804531,1.541189,0.755417,1.026727,1.482487,2.046244,0.803155,0.674812,-2.165838,1.140741,-0.936093,1.458285,-2.804826,0.700886,1.14544,-1.162802,1.729601,-1.3622,0.753863,1.038379,-0.317856,1.60821,-1.696465,0.310269,0.656868,-0.293726
366.0,79.6,63.5,35.0,12.0,72090.0,72456.0,-0.004841,0.573522,-0.469142,-0.312194,0.803009,-0.019209,0.627309,-0.535975,-0.052353,0.910701,-0.142526,0.754468,-0.448281,0.495057,-0.325003,-0.160318,0.78669,-0.485399,0.047206,-0.305517,0.35724,0.890376,-0.488258,-0.348243,0.859518,0.179872,0.992425,-0.367714,-0.22414,-0.234519,0.704551,1.203057,-0.353548,-0.13165,-0.26615,0.827191,0.821762,-0.388762,-0.208979,-0.140158,-0.078773,0.886317,-0.467416,-1.016484,-0.022664,-0.178692,0.999781,-0.499978,-1.295114,-0.017307,0.33469,0.834733,-0.525848,0.20425,0.393579,0.106593,1.068447,-0.489474,0.609381,-0.010386,0.610703,0.581728,-0.41038,1.003423,-0.13041,0.87293,0.413381,0.423611,0.262419,-0.294968,1.212356,-0.436658,-0.498587,-0.307637,-0.294914,0.817669,-0.337794,-0.283574,-0.064692,-0.023906,0.199972,1.345685,-0.315828,-0.129047,-0.042798,-0.067176,0.980477,-0.333871,0.290312,0.08519,0.103375,1.457774,-0.465857,0.215175,-0.307286,-0.177896,0.456816,-0.531762,0.587007,-0.057933,1.329159,1.376012,-0.565822,-0.33928,-0.166999,1.179669,0.271516,-0.260196,-0.196039,-0.227518,0.874438,0.500547,0.625425,0.329213,-0.287489,0.916414,-0.239249,-0.267013,-0.094082,-0.000129,0.848241,1.460668,-0.470324,0.03769,0.196926,-0.363483,-0.077619,-0.499515,-0.095941,0.187692,0.450536,1.085824,-0.378184,0.64834,-0.036378,-1.067952,-0.518868,0.742034,-0.470973,0.190106,0.440494,-0.279409,-0.423796,-0.460136,-0.21322,-0.015146,1.441991,-0.212494,-0.417843,-0.240714,-0.813054,0.728417,-0.256085,-0.14878,-0.216104,0.517423,-0.121672,1.426308,0.052573,-0.149756,-0.169963,-0.350608,-0.310437,-0.140589,-0.093021,-0.044082,0.798343,-0.756589,-0.174461,0.051263,0.834257,0.576893,-0.647449,-0.439458,0.159066,1.07559,-0.303899,-0.521766,-1.037619,1.083528,0.036532,0.171807,0.799887,-0.529933,0.507995,-0.046144,-1.046372,-0.203569,-0.712053,-0.462416,0.648299,-0.205542,-0.092083,-0.46796,-0.225816,-1.043335,0.38082,-0.216768,-0.495143,-0.257307,0.269613,-0.53031,-0.447217,0.021302,-0.096332,0.651078,0.213561,0.574685,-0.24328,-0.183192,0.617754,0.643181,-0.909289,-0.164686,0.042355,-0.67,1.096179,-0.820614,-0.541722,0.165736,0.840361,-0.345757,-0.844223,-0.984873,-0.312331,-0.354754,-0.228735,-0.427366,-0.508865,0.269309,-0.13316,-0.65772,-0.254583,-1.29202,-0.481199,0.012033,-0.424931,-0.011927,1.214121,-0.094406,0.071455,-0.755839,0.808248,0.146346,-0.125151,0.32717,-0.767525,-0.146244,0.163865,-0.046444,0.385576,-0.556541,0.622113,0.118053,0.027355,0.377691
166.0,65.6,53.8,3.0,4.0,8432.0,8598.0,-0.24853,-1.914973,1.001682,0.114723,0.186072,0.331305,-1.94272,1.051365,-0.510033,-1.229764,0.481622,-1.879346,0.73987,-2.083863,1.29808,0.635837,-1.772743,0.98416,-0.867284,0.950086,-0.256483,-1.877005,0.962214,-1.073586,-1.609101,0.145932,-0.470992,1.212054,1.192047,1.113644,-1.414185,-1.693232,0.968831,0.99535,1.144591,-1.798445,-1.701162,0.947666,0.638313,1.204434,0.696367,-1.667684,1.09357,0.872603,1.295753,1.260262,-1.743137,1.08594,0.903991,1.482189,-0.755053,-1.717178,1.0539,-1.227801,1.265856,0.361356,-1.883152,0.942316,-1.403968,1.560418,-0.662473,-0.923799,0.443007,-1.910405,1.488531,-1.929411,-0.134473,-2.105514,0.852664,1.302405,-1.138526,1.677015,1.309865,1.250379,1.180407,-2.019839,1.602943,0.917688,0.937119,0.758224,0.865387,-1.740229,0.6612,1.061871,0.93209,1.045643,-1.65448,0.521222,0.715093,0.958208,0.653562,-1.527879,0.931884,-1.255854,1.433184,0.736695,0.154263,1.030717,-1.21397,1.124497,-1.723858,-1.365436,1.028716,2.062802,1.287637,-1.88791,-0.099817,0.342744,1.336028,1.267607,-1.922833,-0.286512,-2.458877,0.76667,1.301539,-0.598784,1.295413,0.944323,1.033638,0.822077,-1.843568,-1.591496,0.878226,0.849036,0.542327,1.364632,1.333886,1.07864,1.121835,0.66208,-1.790221,-2.256266,0.550003,-0.503565,0.332633,0.99397,1.680478,-2.017863,1.647682,-0.805966,-1.377857,1.197087,0.935841,2.184248,1.227863,1.221828,-1.240152,0.991131,1.45819,1.281496,2.34527,-0.802355,1.147004,1.191722,1.209561,-1.400259,1.068791,-2.054379,0.966606,1.153986,2.354381,1.570009,1.004701,0.908152,1.003349,-0.157684,-1.405834,0.764092,0.825116,0.640162,-1.560135,2.205923,0.590724,0.866448,0.379687,-2.026935,0.525983,0.749352,1.52017,-2.057066,-0.81365,1.107507,-1.860638,1.127911,0.451149,-0.606003,0.906483,0.82013,1.872619,1.438301,-1.097471,1.784294,0.851153,1.348353,1.231657,0.54357,-0.532639,0.935049,1.419533,1.30114,-0.977663,1.558102,1.388519,0.956486,1.072245,-1.277895,2.057488,-1.563186,0.963595,1.000722,-1.211603,-0.736076,-0.962907,0.674939,0.705133,1.57832,-1.923441,0.81134,0.585057,0.467461,-1.485352,1.183996,0.871703,1.778389,1.336227,1.283485,1.075455,1.195919,0.490121,0.510151,0.804531,1.541189,0.755417,1.026727,1.482487,2.046244,0.803155,0.674812,-2.165838,1.140741,-0.936093,1.458285,-2.804826,0.700886,1.14544,-1.162802,1.729601,-1.3622,0.753863,1.038379,-0.317856,1.60821,-1.696465,0.310269,0.656868,-0.293726
199.0,72.2,57.8,2.0,8.0,72456.0,72655.0,-0.24853,-1.914973,1.001682,0.114723,0.186072,0.331305,-1.94272,1.051365,-0.510033,-1.229764,0.481622,-1.879346,0.73987,-2.083863,1.29808,0.635837,-1.772743,0.98416,-0.867284,0.950086,-0.256483,-1.877005,0.962214,-1.073586,-1.609101,0.145932,-0.470992,1.212054,1.192047,1.113644,-1.414185,-1.693232,0.968831,0.99535,1.144591,-1.798445,-1.701162,0.947666,0.638313,1.204434,0.696367,-1.667684,1.09357,0.872603,1.295753,1.260262,-1.743137,1.08594,0.903991,1.482189,-0.755053,-1.717178,1.0539,-1.227801,1.265856,0.361356,-1.883152,0.942316,-1.403968,1.560418,-0.662473,-0.923799,0.443007,-1.910405,1.488531,-1.929411,-0.134473,-2.105514,0.852664,1.302405,-1.138526,1.677015,1.309865,1.250379,1.180407,-2.019839,1.602943,0.917688,0.937119,0.758224,0.865387,-1.740229,0.6612,1.061871,0.93209,1.045643,-1.65448,0.521222,0.715093,0.958208,0.653562,-1.527879,0.931884,-1.255854,1.433184,0.736695,0.154263,1.030717,-1.21397,1.124497,-1.723858,-1.365436,1.028716,2.062802,1.287637,-1.88791,-0.099817,0.342744,1.336028,1.267607,-1.922833,-0.286512,-2.458877,0.76667,1.301539,-0.598784,1.295413,0.944323,1.033638,0.822077,-1.843568,-1.591496,0.878226,0.849036,0.542327,1.364632,1.333886,1.07864,1.121835,0.66208,-1.790221,-2.256266,0.550003,-0.503565,0.332633,0.99397,1.680478,-2.017863,1.647682,-0.805966,-1.377857,1.197087,0.935841,2.184248,1.227863,1.221828,-1.240152,0.991131,1.45819,1.281496,2.34527,-0.802355,1.147004,1.191722,1.209561,-1.400259,1.068791,-2.054379,0.966606,1.153986,2.354381,1.570009,1.004701,0.908152,1.003349,-0.157684,-1.405834,0.764092,0.825116,0.640162,-1.560135,2.205923,0.590724,0.866448,0.379687,-2.026935,0.525983,0.749352,1.52017,-2.057066,-0.81365,1.107507,-1.860638,1.127911,0.451149,-0.606003,0.906483,0.82013,1.872619,1.438301,-1.097471,1.784294,0.851153,1.348353,1.231657,0.54357,-0.532639,0.935049,1.419533,1.30114,-0.977663,1.558102,1.388519,0.956486,1.072245,-1.277895,2.057488,-1.563186,0.963595,1.000722,-1.211603,-0.736076,-0.962907,0.674939,0.705133,1.57832,-1.923441,0.81134,0.585057,0.467461,-1.485352,1.183996,0.871703,1.778389,1.336227,1.283485,1.075455,1.195919,0.490121,0.510151,0.804531,1.541189,0.755417,1.026727,1.482487,2.046244,0.803155,0.674812,-2.165838,1.140741,-0.936093,1.458285,-2.804826,0.700886,1.14544,-1.162802,1.729601,-1.3622,0.753863,1.038379,-0.317856,1.60821,-1.696465,0.310269,0.656868,-0.293726
200.0,73.0,60.7,2.0,5.0,72655.0,72855.0,-0.24853,-1.914973,1.001682,0.114723,0.186072,0.331305,-1.94272,1.051365,-0.510033,-1.229764,0.481622,-1.879346,0.73987,-2.083863,1.29808,0.635837,-1.772743,0.98416,-0.867284,0.950086,-0.256483,-1.877005,0.962214,-1.073586,-1.609101,0.145932,-0.470992,1.212054,1.192047,1.113644,-1.414185,-1.693232,0.968831,0.99535,1.144591,-1.798445,-1.701162,0.947666,0.638313,1.204434,0.696367,-1.667684,1.09357,0.872603,1.295753,1.260262,-1.743137,1.08594,0.903991,1.482189,-0.755053,-1.717178,1.0539,-1.227801,1.265856,0.361356,-1.883152,0.942316,-1.403968,1.560418,-0.662473,-0.923799,0.443007,-1.910405,1.488531,-1.929411,-0.134473,-2.105514,0.852664,1.302405,-1.138526,1.677015,1.309865,1.250379,1.180407,-2.019839,1.602943,0.917688,0.937119,0.758224,0.865387,-1.740229,0.6612,1.061871,0.93209,1.045643,-1.65448,0.521222,0.715093,0.958208,0.653562,-1.527879,0.931884,-1.255854,1.433184,0.736695,0.154263,1.030717,-1.21397,1.124497,-1.723858,-1.365436,1.028716,2.062802,1.287637,-1.88791,-0.099817,0.342744,1.336028,1.267607,-1.922833,-0.286512,-2.458877,0.76667,1.301539,-0.598784,1.295413,0.944323,1.033638,0.822077,-1.843568,-1.591496,0.878226,0.849036,0.542327,1.364632,1.333886,1.07864,1.121835,0.66208,-1.790221,-2.256266,0.550003,-0.503565,0.332633,0.99397,1.680478,-2.017863,1.647682,-0.805966,-1.377857,1.197087,0.935841,2.184248,1.227863,1.221828,-1.240152,0.991131,1.45819,1.281496,2.34527,-0.802355,1.147004,1.191722,1.209561,-1.400259,1.068791,-2.054379,0.966606,1.153986,2.354381,1.570009,1.004701,0.908152,1.003349,-0.157684,-1.405834,0.764092,0.825116,0.640162,-1.560135,2.205923,0.590724,0.866448,0.379687,-2.026935,0.525983,0.749352,1.52017,-2.057066,-0.81365,1.107507,-1.860638,1.127911,0.451149,-0.606003,0.906483,0.82013,1.872619,1.438301,-1.097471,1.784294,0.851153,1.348353,1.231657,0.54357,-0.532639,0.935049,1.419533,1.30114,-0.977663,1.558102,1.388519,0.956486,1.072245,-1.277895,2.057488,-1.563186,0.963595,1.000722,-1.211603,-0.736076,-0.962907,0.674939,0.705133,1.57832,-1.923441,0.81134,0.585057,0.467461,-1.485352,1.183996,0.871703,1.778389,1.336227,1.283485,1.075455,1.195919,0.490121,0.510151,0.804531,1.541189,0.755417,1.026727,1.482487,2.046244,0.803155,0.674812,-2.165838,1.140741,-0.936093,1.458285,-2.804826,0.700886,1.14544,-1.162802,1.729601,-1.3622,0.753863,1.038379,-0.317856,1.60821,-1.696465,0.310269,0.656868,-0.293726
100.0,75.3,60.0,1.0,1.0,72855.0,72955.0,-0.24853,-1.914973,1.001682,0.114723,0.186072,0.331305,-1.94272,1.051365,-0.510033,-1.229764,0.481622,-1.879346,0.73987,-2.083863,1.29808,0.635837,-1.772743,0.98416,-0.867284,0.950086,-0.256483,-1.877005,0.962214,-1.073586,-1.609101,0.145932,-0.470992,1.212054,1.192047,1.113644,-1.414185,-1.693232,0.968831,0.99535,1.144591,-1.798445,-1.701162,0.947666,0.638313,1.204434,0.696367,-1.667684,1.09357,0.872603,1.295753,1.260262,-1.743137,1.08594,0.903991,1.482189,-0.755053,-1.717178,1.0539,-1.227801,1.265856,0.361356,-1.883152,0.942316,-1.403968,1.560418,-0.662473,-0.923799,0.443007,-1.910405,1.488531,-1.929411,-0.134473,-2.105514,0.852664,1.302405,-1.138526,1.677015,1.309865,1.250379,1.180407,-2.019839,1.602943,0.917688,0.937119,0.758224,0.865387,-1.740229,0.6612,1.061871,0.93209,1.045643,-1.65448,0.521222,0.715093,0.958208,0.653562,-1.527879,0.931884,-1.255854,1.433184,0.736695,0.154263,1.030717,-1.21397,1.124497,-1.723858,-1.365436,1.028716,2.062802,1.287637,-1.88791,-0.099817,0.342744,1.336028,1.267607,-1.922833,-0.286512,-2.458877,0.76667,1.301539,-0.598784,1.295413,0.944323,1.033638,0.822077,-1.843568,-1.591496,0.878226,0.849036,0.542327,1.364632,1.333886,1.07864,1.121835,0.66208,-1.790221,-2.256266,0.550003,-0.503565,0.332633,0.99397,1.680478,-2.017863,1.647682,-0.805966,-1.377857,1.197087,0.935841,2.184248,1.227863,1.221828,-1.240152,0.991131,1.45819,1.281496,2.34527,-0.802355,1.147004,1.191722,1.209561,-1.400259,1.068791,-2.054379,0.966606,1.153986,2.354381,1.570009,1.004701,0.908152,1.003349,-0.157684,-1.405834,0.764092,0.825116,0.640162,-1.560135,2.205923,0.590724,0.866448,0.379687,-2.026935,0.525983,0.749352,1.52017,-2.057066,-0.81365,1.107507,-1.860638,1.127911,0.451149,-0.606003,0.906483,0.82013,1.872619,1.438301,-1.097471,1.784294,0.851153,1.348353,1.231657,0.54357,-0.532639,0.935049,1.419533,1.30114,-0.977663,1.558102,1.388519,0.956486,1.072245,-1.277895,2.057488,-1.563186,0.963595,1.000722,-1.211603,-0.736076,-0.962907,0.674939,0.705133,1.57832,-1.923441,0.81134,0.585057,0.467461,-1.485352,1.183996,0.871703,1.778389,1.336227,1.283485,1.075455,1.195919,0.490121,0.510151,0.804531,1.541189,0.755417,1.026727,1.482487,2.046244,0.803155,0.674812,-2.165838,1.140741,-0.936093,1.458285,-2.804826,0.700886,1.14544,-1.162802,1.729601,-1.3622,0.753863,1.038379,-0.317856,1.60821,-1.696465,0.310269,0.656868,-0.293726
165.0,77.2,61.8,7.0,3.0,72955.0,73120.0,-0.24853,-1.914973,1.001682,0.114723,0.186072,0.331305,-1.94272,1.051365,-0.510033,-1.229764,0.481622,-1.879346,0.73987,-2.083863,1.29808,0.635837,-1.772743,0.98416,-0.867284,0.950086,-0.256483,-1.877005,0.962214,-1.073586,-1.609101,0.145932,-0.470992,1.212054,1.192047,1.113644,-1.414185,-1.693232,0.968831,0.99535,1.144591,-1.798445,-1.701162,0.947666,0.638313,1.204434,0.696367,-1.667684,1.09357,0.872603,1.295753,1.260262,-1.743137,1.08594,0.903991,1.482189,-0.755053,-1.717178,1.0539,-1.227801,1.265856,0.361356,-1.883152,0.942316,-1.403968,1.560418,-0.662473,-0.923799,0.443007,-1.910405,1.488531,-1.929411,-0.134473,-2.105514,0.852664,1.302405,-1.138526,1.677015,1.309865,1.250379,1.180407,-2.019839,1.602943,0.917688,0.937119,0.758224,0.865387,-1.740229,0.6612,1.061871,0.93209,1.045643,-1.65448,0.521222,0.715093,0.958208,0.653562,-1.527879,0.931884,-1.255854,1.433184,0.736695,0.154263,1.030717,-1.21397,1.124497,-1.723858,-1.365436,1.028716,2.062802,1.287637,-1.88791,-0.099817,0.342744,1.336028,1.267607,-1.922833,-0.286512,-2.458877,0.76667,1.301539,-0.598784,1.295413,0.944323,1.033638,0.822077,-1.843568,-1.591496,0.878226,0.849036,0.542327,1.364632,1.333886,1.07864,1.121835,0.66208,-1.790221,-2.256266,0.550003,-0.503565,0.332633,0.99397,1.680478,-2.017863,1.647682,-0.805966,-1.377857,1.197087,0.935841,2.184248,1.227863,1.221828,-1.240152,0.991131,1.45819,1.281496,2.34527,-0.802355,1.147004,1.191722,1.209561,-1.400259,1.068791,-2.054379,0.966606,1.153986,2.354381,1.570009,1.004701,0.908152,1.003349,-0.157684,-1.405834,0.764092,0.825116,0.640162,-1.560135,2.205923,0.590724,0.866448,0.379687,-2.026935,0.525983,0.749352,1.52017,-2.057066,-0.81365,1.107507,-1.860638,1.127911,0.451149,-0.606003,0.906483,0.82013,1.872619,1.438301,-1.097471,1.784294,0.851153,1.348353,1.231657,0.54357,-0.532639,0.935049,1.419533,1.30114,-0.977663,1.558102,1.388519,0.956486,1.072245,-1.277895,2.057488,-1.563186,0.963595,1.000722,-1.211603,-0.736076,-0.962907,0.674939,0.705133,1.57832,-1.923441,0.81134,0.585057,0.467461,-1.485352,1.183996,0.871703,1.778389,1.336227,1.283485,1.075455,1.195919,0.490121,0.510151,0.804531,1.541189,0.755417,1.026727,1.482487,2.046244,0.803155,0.674812,-2.165838,1.140741,-0.936093,1.458285,-2.804826,0.700886,1.14544,-1.162802,1.729601,-1.3622,0.753863,1.038379,-0.317856,1.60821,-1.696465,0.310269,0.656868,-0.293726
99.0,79.3,69.0,2.0,4.0,73120.0,73219.0,-0.24853,-1.914973,1.001682,0.114723,0.186072,0.331305,-1.94272,1.051365,-0.510033,-1.229764,0.481622,-1.879346,0.73987,-2.083863,1.29808,0.635837,-1.772743,0.98416,-0.867284,0.950086,-0.256483,-1.877005,0.962214,-1.073586,-1.609101,0.145932,-0.470992,1.212054,1.192047,1.113644,-1.414185,-1.693232,0.968831,0.99535,1.144591,-1.798445,-1.701162,0.947666,0.638313,1.204434,0.696367,-1.667684,1.09357,0.872603,1.295753,1.260262,-1.743137,1.08594,0.903991,1.482189,-0.755053,-1.717178,1.0539,-1.227801,1.265856,0.361356,-1.883152,0.942316,-1.403968,1.560418,-0.662473,-0.923799,0.443007,-1.910405,1.488531,-1.929411,-0.134473,-2.105514,0.852664,1.302405,-1.138526,1.677015,1.309865,1.250379,1.180407,-2.019839,1.602943,0.917688,0.937119,0.758224,0.865387,-1.740229,0.6612,1.061871,0.93209,1.045643,-1.65448,0.521222,0.715093,0.958208,0.653562,-1.527879,0.931884,-1.255854,1.433184,0.736695,0.154263,1.030717,-1.21397,1.124497,-1.723858,-1.365436,1.028716,2.062802,1.287637,-1.88791,-0.099817,0.342744,1.336028,1.267607,-1.922833,-0.286512,-2.458877,0.76667,1.301539,-0.598784,1.295413,0.944323,1.033638,0.822077,-1.843568,-1.591496,0.878226,0.849036,0.542327,1.364632,1.333886,1.07864,1.121835,0.66208,-1.790221,-2.256266,0.550003,-0.503565,0.332633,0.99397,1.680478,-2.017863,1.647682,-0.805966,-1.377857,1.197087,0.935841,2.184248,1.227863,1.221828,-1.240152,0.991131,1.45819,1.281496,2.34527,-0.802355,1.147004,1.191722,1.209561,-1.400259,1.068791,-2.054379,0.966606,1.153986,2.354381,1.570009,1.004701,0.908152,1.003349,-0.157684,-1.405834,0.764092,0.825116,0.640162,-1.560135,2.205923,0.590724,0.866448,0.379687,-2.026935,0.525983,0.749352,1.52017,-2.057066,-0.81365,1.107507,-1.860638,1.127911,0.451149,-0.606003,0.906483,0.82013,1.872619,1.438301,-1.097471,1.784294,0.851153,1.348353,1.231657,0.54357,-0.532639,0.935049,1.419533,1.30114,-0.977663,1.558102,1.388519,0.956486,1.072245,-1.277895,2.057488,-1.563186,0.963595,1.000722,-1.211603,-0.736076,-0.962907,0.674939,0.705133,1.57832,-1.923441,0.81134,0.585057,0.467461,-1.485352,1.183996,0.871703,1.778389,1.336227,1.283485,1.075455,1.195919,0.490121,0.510151,0.804531,1.541189,0.755417,1.026727,1.482487,2.046244,0.803155,0.674812,-2.165838,1.140741,-0.936093,1.458285,-2.804826,0.700886,1.14544,-1.162802,1.729601,-1.3622,0.753863,1.038379,-0.317856,1.60821,-1.696465,0.310269,0.656868,-0.293726
332.0,79.4,67.8,3.0,7.0,73219.0,73551.0,-0.24853,-1.914973,1.001682,0.114723,0.186072,0.331305,-1.94272,1.051365,-0.510033,-1.229764,0.481622,-1.879346,0.73987,-2.083863,1.29808,0.635837,-1.772743,0.98416,-0.867284,0.950086,-0.256483,-1.877005,0.962214,-1.073586,-1.609101,0.145932,-0.470992,1.212054,1.192047,1.113644,-1.414185,-1.693232,0.968831,0.99535,1.144591,-1.798445,-1.701162,0.947666,0.638313,1.204434,0.696367,-1.667684,1.09357,0.872603,1.295753,1.260262,-1.743137,1.08594,0.903991,1.482189,-0.755053,-1.717178,1.0539,-1.227801,1.265856,0.361356,-1.883152,0.942316,-1.403968,1.560418,-0.662473,-0.923799,0.443007,-1.910405,1.488531,-1.929411,-0.134473,-2.105514,0.852664,1.302405,-1.138526,1.677015,1.309865,1.250379,1.180407,-2.019839,1.602943,0.917688,0.937119,0.758224,0.865387,-1.740229,0.6612,1.061871,0.93209,1.045643,-1.65448,0.521222,0.715093,0.958208,0.653562,-1.527879,0.931884,-1.255854,1.433184,0.736695,0.154263,1.030717,-1.21397,1.124497,-1.723858,-1.365436,1.028716,2.062802,1.287637,-1.88791,-0.099817,0.342744,1.336028,1.267607,-1.922833,-0.286512,-2.458877,0.76667,1.301539,-0.598784,1.295413,0.944323,1.033638,0.822077,-1.843568,-1.591496,0.878226,0.849036,0.542327,1.364632,1.333886,1.07864,1.121835,0.66208,-1.790221,-2.256266,0.550003,-0.503565,0.332633,0.99397,1.680478,-2.017863,1.647682,-0.805966,-1.377857,1.197087,0.935841,2.184248,1.227863,1.221828,-1.240152,0.991131,1.45819,1.281496,2.34527,-0.802355,1.147004,1.191722,1.209561,-1.400259,1.068791,-2.054379,0.966606,1.153986,2.354381,1.570009,1.004701,0.908152,1.003349,-0.157684,-1.405834,0.764092,0.825116,0.640162,-1.560135,2.205923,0.590724,0.866448,0.379687,-2.026935,0.525983,0.749352,1.52017,-2.057066,-0.81365,1.107507,-1.860638,1.127911,0.451149,-0.606003,0.906483,0.82013,1.872619,1.438301,-1.097471,1.784294,0.851153,1.348353,1.231657,0.54357,-0.532639,0.935049,1.419533,1.30114,-0.977663,1.558102,1.388519,0.956486,1.072245,-1.277895,2.057488,-1.563186,0.963595,1.000722,-1.211603,-0.736076,-0.962907,0.674939,0.705133,1.57832,-1.923441,0.81134,0.585057,0.467461,-1.485352,1.183996,0.871703,1.778389,1.336227,1.283485,1.075455,1.195919,0.490121,0.510151,0.804531,1.541189,0.755417,1.026727,1.482487,2.046244,0.803155,0.674812,-2.165838,1.140741,-0.936093,1.458285,-2.804826,0.700886,1.14544,-1.162802,1.729601,-1.3622,0.753863,1.038379,-0.317856,1.60821,-1.696465,0.310269,0.656868,-0.293726
299.0,81.1,67.3,5.0,10.0,73551.0,73850.0,-0.24853,-1.914973,1.001682,0.114723,0.186072,0.331305,-1.94272,1.051365,-0.510033,-1.229764,0.481622,-1.879346,0.73987,-2.083863,1.29808,0.635837,-1.772743,0.98416,-0.867284,0.950086,-0.256483,-1.877005,0.962214,-1.073586,-1.609101,0.145932,-0.470992,1.212054,1.192047,1.113644,-1.414185,-1.693232,0.968831,0.99535,1.144591,-1.798445,-1.701162,0.947666,0.638313,1.204434,0.696367,-1.667684,1.09357,0.872603,1.295753,1.260262,-1.743137,1.08594,0.903991,1.482189,-0.755053,-1.717178,1.0539,-1.227801,1.265856,0.361356,-1.883152,0.942316,-1.403968,1.560418,-0.662473,-0.923799,0.443007,-1.910405,1.488531,-1.929411,-0.134473,-2.105514,0.852664,1.302405,-1.138526,1.677015,1.309865,1.250379,1.180407,-2.019839,1.602943,0.917688,0.937119,0.758224,0.865387,-1.740229,0.6612,1.061871,0.93209,1.045643,-1.65448,0.521222,0.715093,0.958208,0.653562,-1.527879,0.931884,-1.255854,1.433184,0.736695,0.154263,1.030717,-1.21397,1.124497,-1.723858,-1.365436,1.028716,2.062802,1.287637,-1.88791,-0.099817,0.342744,1.336028,1.267607,-1.922833,-0.286512,-2.458877,0.76667,1.301539,-0.598784,1.295413,0.944323,1.033638,0.822077,-1.843568,-1.591496,0.878226,0.849036,0.542327,1.364632,1.333886,1.07864,1.121835,0.66208,-1.790221,-2.256266,0.550003,-0.503565,0.332633,0.99397,1.680478,-2.017863,1.647682,-0.805966,-1.377857,1.197087,0.935841,2.184248,1.227863,1.221828,-1.240152,0.991131,1.45819,1.281496,2.34527,-0.802355,1.147004,1.191722,1.209561,-1.400259,1.068791,-2.054379,0.966606,1.153986,2.354381,1.570009,1.004701,0.908152,1.003349,-0.157684,-1.405834,0.764092,0.825116,0.640162,-1.560135,2.205923,0.590724,0.866448,0.379687,-2.026935,0.525983,0.749352,1.52017,-2.057066,-0.81365,1.107507,-1.860638,1.127911,0.451149,-0.606003,0.906483,0.82013,1.872619,1.438301,-1.097471,1.784294,0.851153,1.348353,1.231657,0.54357,-0.532639,0.935049,1.419533,1.30114,-0.977663,1.558102,1.388519,0.956486,1.072245,-1.277895,2.057488,-1.563186,0.963595,1.000722,-1.211603,-0.736076,-0.962907,0.674939,0.705133,1.57832,-1.923441,0.81134,0.585057,0.467461,-1.485352,1.183996,0.871703,1.778389,1.336227,1.283485,1.075455,1.195919,0.490121,0.510151,0.804531,1.541189,0.755417,1.026727,1.482487,2.046244,0.803155,0.674812,-2.165838,1.140741,-0.936093,1.458285,-2.804826,0.700886,1.14544,-1.162802,1.729601,-1.3622,0.753863,1.038379,-0.317856,1.60821,-1.696465,0.310269,0.656868,-0.293726
465.0,83.0,72.8,4.0,5.0,73850.0,74315.0,-0.24853,-1.914973,1.001682,0.114723,0.186072,0.331305,-1.94272,1.051365,-0.510033,-1.229764,0.481622,-1.879346,0.73987,-2.083863,1.29808,0.635837,-1.772743,0.98416,-0.867284,0.950086,-0.256483,-1.877005,0.962214,-1.073586,-1.609101,0.145932,-0.470992,1.212054,1.192047,1.113644,-1.414185,-1.693232,0.968831,0.99535,1.144591,-1.798445,-1.701162,0.947666,0.638313,1.204434,0.696367,-1.667684,1.09357,0.872603,1.295753,1.260262,-1.743137,1.08594,0.903991,1.482189,-0.755053,-1.717178,1.0539,-1.227801,1.265856,0.361356,-1.883152,0.942316,-1.403968,1.560418,-0.662473,-0.923799,0.443007,-1.910405,1.488531,-1.929411,-0.134473,-2.105514,0.852664,1.302405,-1.138526,1.677015,1.309865,1.250379,1.180407,-2.019839,1.602943,0.917688,0.937119,0.758224,0.865387,-1.740229,0.6612,1.061871,0.93209,1.045643,-1.65448,0.521222,0.715093,0.958208,0.653562,-1.527879,0.931884,-1.255854,1.433184,0.736695,0.154263,1.030717,-1.21397,1.124497,-1.723858,-1.365436,1.028716,2.062802,1.287637,-1.88791,-0.099817,0.342744,1.336028,1.267607,-1.922833,-0.286512,-2.458877,0.76667,1.301539,-0.598784,1.295413,0.944323,1.033638,0.822077,-1.843568,-1.591496,0.878226,0.849036,0.542327,1.364632,1.333886,1.07864,1.121835,0.66208,-1.790221,-2.256266,0.550003,-0.503565,0.332633,0.99397,1.680478,-2.017863,1.647682,-0.805966,-1.377857,1.197087,0.935841,2.184248,1.227863,1.221828,-1.240152,0.991131,1.45819,1.281496,2.34527,-0.802355,1.147004,1.191722,1.209561,-1.400259,1.068791,-2.054379,0.966606,1.153986,2.354381,1.570009,1.004701,0.908152,1.003349,-0.157684,-1.405834,0.764092,0.825116,0.640162,-1.560135,2.205923,0.590724,0.866448,0.379687,-2.026935,0.525983,0.749352,1.52017,-2.057066,-0.81365,1.107507,-1.860638,1.127911,0.451149,-0.606003,0.906483,0.82013,1.872619,1.438301,-1.097471,1.784294,0.851153,1.348353,1.231657,0.54357,-0.532639,0.935049,1.419533,1.30114,-0.977663,1.558102,1.388519,0.956486,1.072245,-1.277895,2.057488,-1.563186,0.963595,1.000722,-1.211603,-0.736076,-0.962907,0.674939,0.705133,1.57832,-1.923441,0.81134,0.585057,0.467461,-1.485352,1.183996,0.871703,1.778389,1.336227,1.283485,1.075455,1.195919,0.490121,0.510151,0.804531,1.541189,0.755417,1.026727,1.482487,2.046244,0.803155,0.674812,-2.165838,1.140741,-0.936093,1.458285,-2.804826,0.700886,1.14544,-1.162802,1.729601,-1.3622,0.753863,1.038379,-0.317856,1.60821,-1.696465,0.310269,0.656868,-0.293726
399.0,84.3,72.8,8.0,13.0,74315.0,74714.0,-0.24853,-1.914973,1.001682,0.114723,0.186072,0.331305,-1.94272,1.051365,-0.510033,-1.229764,0.481622,-1.879346,0.73987,-2.083863,1.29808,0.635837,-1.772743,0.98416,-0.867284,0.950086,-0.256483,-1.877005,0.962214,-1.073586,-1.609101,0.145932,-0.470992,1.212054,1.192047,1.113644,-1.414185,-1.693232,0.968831,0.99535,1.144591,-1.798445,-1.701162,0.947666,0.638313,1.204434,0.696367,-1.667684,1.09357,0.872603,1.295753,1.260262,-1.743137,1.08594,0.903991,1.482189,-0.755053,-1.717178,1.0539,-1.227801,1.265856,0.361356,-1.883152,0.942316,-1.403968,1.560418,-0.662473,-0.923799,0.443007,-1.910405,1.488531,-1.929411,-0.134473,-2.105514,0.852664,1.302405,-1.138526,1.677015,1.309865,1.250379,1.180407,-2.019839,1.602943,0.917688,0.937119,0.758224,0.865387,-1.740229,0.6612,1.061871,0.93209,1.045643,-1.65448,0.521222,0.715093,0.958208,0.653562,-1.527879,0.931884,-1.255854,1.433184,0.736695,0.154263,1.030717,-1.21397,1.124497,-1.723858,-1.365436,1.028716,2.062802,1.287637,-1.88791,-0.099817,0.342744,1.336028,1.267607,-1.922833,-0.286512,-2.458877,0.76667,1.301539,-0.598784,1.295413,0.944323,1.033638,0.822077,-1.843568,-1.591496,0.878226,0.849036,0.542327,1.364632,1.333886,1.07864,1.121835,0.66208,-1.790221,-2.256266,0.550003,-0.503565,0.332633,0.99397,1.680478,-2.017863,1.647682,-0.805966,-1.377857,1.197087,0.935841,2.184248,1.227863,1.221828,-1.240152,0.991131,1.45819,1.281496,2.34527,-0.802355,1.147004,1.191722,1.209561,-1.400259,1.068791,-2.054379,0.966606,1.153986,2.354381,1.570009,1.004701,0.908152,1.003349,-0.157684,-1.405834,0.764092,0.825116,0.640162,-1.560135,2.205923,0.590724,0.866448,0.379687,-2.026935,0.525983,0.749352,1.52017,-2.057066,-0.81365,1.107507,-1.860638,1.127911,0.451149,-0.606003,0.906483,0.82013,1.872619,1.438301,-1.097471,1.784294,0.851153,1.348353,1.231657,0.54357,-0.532639,0.935049,1.419533,1.30114,-0.977663,1.558102,1.388519,0.956486,1.072245,-1.277895,2.057488,-1.563186,0.963595,1.000722,-1.211603,-0.736076,-0.962907,0.674939,0.705133,1.57832,-1.923441,0.81134,0.585057,0.467461,-1.485352,1.183996,0.871703,1.778389,1.336227,1.283485,1.075455,1.195919,0.490121,0.510151,0.804531,1.541189,0.755417,1.026727,1.482487,2.046244,0.803155,0.674812,-2.165838,1.140741,-0.936093,1.458285,-2.804826,0.700886,1.14544,-1.162802,1.729601,-1.3622,0.753863,1.038379,-0.317856,1.60821,-1.696465,0.310269,0.656868,-0.293726
233.0,77.6,65.6,5.0,13.0,74714.0,74947.0,-0.24853,-1.914973,1.001682,0.114723,0.186072,0.331305,-1.94272,1.051365,-0.510033,-1.229764,0.481622,-1.879346,0.73987,-2.083863,1.29808,0.635837,-1.772743,0.98416,-0.867284,0.950086,-0.256483,-1.877005,0.962214,-1.073586,-1.609101,0.145932,-0.470992,1.212054,1.192047,1.113644,-1.414185,-1.693232,0.968831,0.99535,1.144591,-1.798445,-1.701162,0.947666,0.638313,1.204434,0.696367,-1.667684,1.09357,0.872603,1.295753,1.260262,-1.743137,1.08594,0.903991,1.482189,-0.755053,-1.717178,1.0539,-1.227801,1.265856,0.361356,-1.883152,0.942316,-1.403968,1.560418,-0.662473,-0.923799,0.443007,-1.910405,1.488531,-1.929411,-0.134473,-2.105514,0.852664,1.302405,-1.138526,1.677015,1.309865,1.250379,1.180407,-2.019839,1.602943,0.917688,0.937119,0.758224,0.865387,-1.740229,0.6612,1.061871,0.93209,1.045643,-1.65448,0.521222,0.715093,0.958208,0.653562,-1.527879,0.931884,-1.255854,1.433184,0.736695,0.154263,1.030717,-1.21397,1.124497,-1.723858,-1.365436,1.028716,2.062802,1.287637,-1.88791,-0.099817,0.342744,1.336028,1.267607,-1.922833,-0.286512,-2.458877,0.76667,1.301539,-0.598784,1.295413,0.944323,1.033638,0.822077,-1.843568,-1.591496,0.878226,0.849036,0.542327,1.364632,1.333886,1.07864,1.121835,0.66208,-1.790221,-2.256266,0.550003,-0.503565,0.332633,0.99397,1.680478,-2.017863,1.647682,-0.805966,-1.377857,1.197087,0.935841,2.184248,1.227863,1.221828,-1.240152,0.991131,1.45819,1.281496,2.34527,-0.802355,1.147004,1.191722,1.209561,-1.400259,1.068791,-2.054379,0.966606,1.153986,2.354381,1.570009,1.004701,0.908152,1.003349,-0.157684,-1.405834,0.764092,0.825116,0.640162,-1.560135,2.205923,0.590724,0.866448,0.379687,-2.026935,0.525983,0.749352,1.52017,-2.057066,-0.81365,1.107507,-1.860638,1.127911,0.451149,-0.606003,0.906483,0.82013,1.872619,1.438301,-1.097471,1.784294,0.851153,1.348353,1.231657,0.54357,-0.532639,0.935049,1.419533,1.30114,-0.977663,1.558102,1.388519,0.956486,1.072245,-1.277895,2.057488,-1.563186,0.963595,1.000722,-1.211603,-0.736076,-0.962907,0.674939,0.705133,1.57832,-1.923441,0.81134,0.585057,0.467461,-1.485352,1.183996,0.871703,1.778389,1.336227,1.283485,1.075455,1.195919,0.490121,0.510151,0.804531,1.541189,0.755417,1.026727,1.482487,2.046244,0.803155,0.674812,-2.165838,1.140741,-0.936093,1.458285,-2.804826,0.700886,1.14544,-1.162802,1.729601,-1.3622,0.753863,1.038379,-0.317856,1.60821,-1.696465,0.310269,0.656868,-0.293726
67.0,66.5,55.0,5.0,0.0,8598.0,8665.0,-0.24853,-1.914973,1.001682,0.114723,0.186072,0.331305,-1.94272,1.051365,-0.510033,-1.229764,0.481622,-1.879346,0.73987,-2.083863,1.29808,0.635837,-1.772743,0.98416,-0.867284,0.950086,-0.256483,-1.877005,0.962214,-1.073586,-1.609101,0.145932,-0.470992,1.212054,1.192047,1.113644,-1.414185,-1.693232,0.968831,0.99535,1.144591,-1.798445,-1.701162,0.947666,0.638313,1.204434,0.696367,-1.667684,1.09357,0.872603,1.295753,1.260262,-1.743137,1.08594,0.903991,1.482189,-0.755053,-1.717178,1.0539,-1.227801,1.265856,0.361356,-1.883152,0.942316,-1.403968,1.560418,-0.662473,-0.923799,0.443007,-1.910405,1.488531,-1.929411,-0.134473,-2.105514,0.852664,1.302405,-1.138526,1.677015,1.309865,1.250379,1.180407,-2.019839,1.602943,0.917688,0.937119,0.758224,0.865387,-1.740229,0.6612,1.061871,0.93209,1.045643,-1.65448,0.521222,0.715093,0.958208,0.653562,-1.527879,0.931884,-1.255854,1.433184,0.736695,0.154263,1.030717,-1.21397,1.124497,-1.723858,-1.365436,1.028716,2.062802,1.287637,-1.88791,-0.099817,0.342744,1.336028,1.267607,-1.922833,-0.286512,-2.458877,0.76667,1.301539,-0.598784,1.295413,0.944323,1.033638,0.822077,-1.843568,-1.591496,0.878226,0.849036,0.542327,1.364632,1.333886,1.07864,1.121835,0.66208,-1.790221,-2.256266,0.550003,-0.503565,0.332633,0.99397,1.680478,-2.017863,1.647682,-0.805966,-1.377857,1.197087,0.935841,2.184248,1.227863,1.221828,-1.240152,0.991131,1.45819,1.281496,2.34527,-0.802355,1.147004,1.191722,1.209561,-1.400259,1.068791,-2.054379,0.966606,1.153986,2.354381,1.570009,1.004701,0.908152,1.003349,-0.157684,-1.405834,0.764092,0.825116,0.640162,-1.560135,2.205923,0.590724,0.866448,0.379687,-2.026935,0.525983,0.749352,1.52017,-2.057066,-0.81365,1.107507,-1.860638,1.127911,0.451149,-0.606003,0.906483,0.82013,1.872619,1.438301,-1.097471,1.784294,0.851153,1.348353,1.231657,0.54357,-0.532639,0.935049,1.419533,1.30114,-0.977663,1.558102,1.388519,0.956486,1.072245,-1.277895,2.057488,-1.563186,0.963595,1.000722,-1.211603,-0.736076,-0.962907,0.674939,0.705133,1.57832,-1.923441,0.81134,0.585057,0.467461,-1.485352,1.183996,0.871703,1.778389,1.336227,1.283485,1.075455,1.195919,0.490121,0.510151,0.804531,1.541189,0.755417,1.026727,1.482487,2.046244,0.803155,0.674812,-2.165838,1.140741,-0.936093,1.458285,-2.804826,0.700886,1.14544,-1.162802,1.729601,-1.3622,0.753863,1.038379,-0.317856,1.60821,-1.696465,0.310269,0.656868,-0.293726
99.0,68.0,56.0,1.0,1.0,74947.0,75046.0,0.02167,0.580893,-0.449676,-0.287634,0.843324,0.003137,0.640353,-0.518928,-0.02356,0.92483,-0.120809,0.777269,-0.428803,0.493626,-0.310117,-0.140523,0.786871,-0.470008,0.040628,-0.307366,0.37966,0.89237,-0.472351,-0.35969,0.860582,0.20234,0.991098,-0.351476,-0.208906,-0.219773,0.725731,1.20274,-0.336657,-0.117073,-0.252827,0.843946,0.816402,-0.372811,-0.190662,-0.127384,-0.060735,0.880987,-0.453344,-0.996305,-0.00836,-0.163704,0.994517,-0.486306,-1.274174,-0.003457,0.359167,0.828132,-0.511716,0.199995,0.403311,0.126413,1.081533,-0.473943,0.602988,-0.00214,0.640223,0.615811,-0.391035,0.988622,-0.121444,0.89031,0.445598,0.473604,0.276194,-0.284551,1.222808,-0.427792,-0.485549,-0.296321,-0.283065,0.818306,-0.326418,-0.267167,-0.052321,-0.01048,0.215523,1.348962,-0.298403,-0.116245,-0.030001,-0.05269,0.978531,-0.316063,0.30739,0.098857,0.119158,1.460963,-0.452301,0.208361,-0.296897,-0.159842,0.480414,-0.518372,0.576627,-0.047738,1.343133,1.394288,-0.550336,-0.346409,-0.15646,1.202744,0.296811,-0.234723,-0.186127,-0.216658,0.891604,0.533537,0.670716,0.343345,-0.277047,0.94067,-0.225877,-0.253211,-0.081014,0.012007,0.845104,1.473934,-0.455716,0.051129,0.210369,-0.342739,-0.062945,-0.488175,-0.083095,0.201574,0.443742,1.091597,-0.363029,0.676884,-0.02396,-1.049734,-0.510648,0.742718,-0.454431,0.174964,0.437601,-0.264799,-0.410415,-0.458284,-0.202026,0.009099,1.470817,-0.199272,-0.410656,-0.230147,-0.794474,0.751787,-0.241438,-0.13904,-0.205568,0.531171,-0.102428,1.444123,0.063939,-0.139756,-0.151057,-0.339804,-0.293276,-0.127068,-0.081347,-0.043548,0.796488,-0.743458,-0.159602,0.067915,0.824403,0.601545,-0.633883,-0.430071,0.175447,1.077854,-0.285476,-0.509653,-1.042466,1.087756,0.03015,0.178156,0.794143,-0.54357,0.526923,-0.069159,-1.038309,-0.189658,-0.705285,-0.454699,0.636979,-0.215769,-0.077854,-0.459808,-0.214474,-1.047553,0.399191,-0.204563,-0.486117,-0.246824,0.269745,-0.518873,-0.436207,0.033083,-0.085096,0.645292,0.214251,0.622659,-0.229346,-0.169783,0.609033,0.634241,-0.875138,-0.153432,0.057765,-0.672395,1.097656,-0.807551,-0.5292,0.184498,0.845045,-0.330374,-0.834733,-0.982757,-0.300566,-0.34109,-0.217186,-0.414917,-0.528404,0.285406,-0.123535,-0.653664,-0.243481,-1.303013,-0.47151,0.00839,-0.410617,-0.001896,1.2006,-0.083611,0.062994,-0.751708,0.802461,0.156431,-0.114249,0.343102,-0.758935,-0.156495,0.176509,-0.035027,0.375219,-0.548368,0.647451,0.138377,0.044972,0.366919
366.0,67.7,54.6,9.0,14.0,75046.0,75412.0,-0.24853,-1.914973,1.001682,0.114723,0.186072,0.331305,-1.94272,1.051365,-0.510033,-1.229764,0.481622,-1.879346,0.73987,-2.083863,1.29808,0.635837,-1.772743,0.98416,-0.867284,0.950086,-0.256483,-1.877005,0.962214,-1.073586,-1.609101,0.145932,-0.470992,1.212054,1.192047,1.113644,-1.414185,-1.693232,0.968831,0.99535,1.144591,-1.798445,-1.701162,0.947666,0.638313,1.204434,0.696367,-1.667684,1.09357,0.872603,1.295753,1.260262,-1.743137,1.08594,0.903991,1.482189,-0.755053,-1.717178,1.0539,-1.227801,1.265856,0.361356,-1.883152,0.942316,-1.403968,1.560418,-0.662473,-0.923799,0.443007,-1.910405,1.488531,-1.929411,-0.134473,-2.105514,0.852664,1.302405,-1.138526,1.677015,1.309865,1.250379,1.180407,-2.019839,1.602943,0.917688,0.937119,0.758224,0.865387,-1.740229,0.6612,1.061871,0.93209,1.045643,-1.65448,0.521222,0.715093,0.958208,0.653562,-1.527879,0.931884,-1.255854,1.433184,0.736695,0.154263,1.030717,-1.21397,1.124497,-1.723858,-1.365436,1.028716,2.062802,1.287637,-1.88791,-0.099817,0.342744,1.336028,1.267607,-1.922833,-0.286512,-2.458877,0.76667,1.301539,-0.598784,1.295413,0.944323,1.033638,0.822077,-1.843568,-1.591496,0.878226,0.849036,0.542327,1.364632,1.333886,1.07864,1.121835,0.66208,-1.790221,-2.256266,0.550003,-0.503565,0.332633,0.99397,1.680478,-2.017863,1.647682,-0.805966,-1.377857,1.197087,0.935841,2.184248,1.227863,1.221828,-1.240152,0.991131,1.45819,1.281496,2.34527,-0.802355,1.147004,1.191722,1.209561,-1.400259,1.068791,-2.054379,0.966606,1.153986,2.354381,1.570009,1.004701,0.908152,1.003349,-0.157684,-1.405834,0.764092,0.825116,0.640162,-1.560135,2.205923,0.590724,0.866448,0.379687,-2.026935,0.525983,0.749352,1.52017,-2.057066,-0.81365,1.107507,-1.860638,1.127911,0.451149,-0.606003,0.906483,0.82013,1.872619,1.438301,-1.097471,1.784294,0.851153,1.348353,1.231657,0.54357,-0.532639,0.935049,1.419533,1.30114,-0.977663,1.558102,1.388519,0.956486,1.072245,-1.277895,2.057488,-1.563186,0.963595,1.000722,-1.211603,-0.736076,-0.962907,0.674939,0.705133,1.57832,-1.923441,0.81134,0.585057,0.467461,-1.485352,1.183996,0.871703,1.778389,1.336227,1.283485,1.075455,1.195919,0.490121,0.510151,0.804531,1.541189,0.755417,1.026727,1.482487,2.046244,0.803155,0.674812,-2.165838,1.140741,-0.936093,1.458285,-2.804826,0.700886,1.14544,-1.162802,1.729601,-1.3622,0.753863,1.038379,-0.317856,1.60821,-1.696465,0.310269,0.656868,-0.293726
133.0,71.5,57.3,2.0,3.0,75412.0,75545.0,-0.24853,-1.914973,1.001682,0.114723,0.186072,0.331305,-1.94272,1.051365,-0.510033,-1.229764,0.481622,-1.879346,0.73987,-2.083863,1.29808,0.635837,-1.772743,0.98416,-0.867284,0.950086,-0.256483,-1.877005,0.962214,-1.073586,-1.609101,0.145932,-0.470992,1.212054,1.192047,1.113644,-1.414185,-1.693232,0.968831,0.99535,1.144591,-1.798445,-1.701162,0.947666,0.638313,1.204434,0.696367,-1.667684,1.09357,0.872603,1.295753,1.260262,-1.743137,1.08594,0.903991,1.482189,-0.755053,-1.717178,1.0539,-1.227801,1.265856,0.361356,-1.883152,0.942316,-1.403968,1.560418,-0.662473,-0.923799,0.443007,-1.910405,1.488531,-1.929411,-0.134473,-2.105514,0.852664,1.302405,-1.138526,1.677015,1.309865,1.250379,1.180407,-2.019839,1.602943,0.917688,0.937119,0.758224,0.865387,-1.740229,0.6612,1.061871,0.93209,1.045643,-1.65448,0.521222,0.715093,0.958208,0.653562,-1.527879,0.931884,-1.255854,1.433184,0.736695,0.154263,1.030717,-1.21397,1.124497,-1.723858,-1.365436,1.028716,2.062802,1.287637,-1.88791,-0.099817,0.342744,1.336028,1.267607,-1.922833,-0.286512,-2.458877,0.76667,1.301539,-0.598784,1.295413,0.944323,1.033638,0.822077,-1.843568,-1.591496,0.878226,0.849036,0.542327,1.364632,1.333886,1.07864,1.121835,0.66208,-1.790221,-2.256266,0.550003,-0.503565,0.332633,0.99397,1.680478,-2.017863,1.647682,-0.805966,-1.377857,1.197087,0.935841,2.184248,1.227863,1.221828,-1.240152,0.991131,1.45819,1.281496,2.34527,-0.802355,1.147004,1.191722,1.209561,-1.400259,1.068791,-2.054379,0.966606,1.153986,2.354381,1.570009,1.004701,0.908152,1.003349,-0.157684,-1.405834,0.764092,0.825116,0.640162,-1.560135,2.205923,0.590724,0.866448,0.379687,-2.026935,0.525983,0.749352,1.52017,-2.057066,-0.81365,1.107507,-1.860638,1.127911,0.451149,-0.606003,0.906483,0.82013,1.872619,1.438301,-1.097471,1.784294,0.851153,1.348353,1.231657,0.54357,-0.532639,0.935049,1.419533,1.30114,-0.977663,1.558102,1.388519,0.956486,1.072245,-1.277895,2.057488,-1.563186,0.963595,1.000722,-1.211603,-0.736076,-0.962907,0.674939,0.705133,1.57832,-1.923441,0.81134,0.585057,0.467461,-1.485352,1.183996,0.871703,1.778389,1.336227,1.283485,1.075455,1.195919,0.490121,0.510151,0.804531,1.541189,0.755417,1.026727,1.482487,2.046244,0.803155,0.674812,-2.165838,1.140741,-0.936093,1.458285,-2.804826,0.700886,1.14544,-1.162802,1.729601,-1.3622,0.753863,1.038379,-0.317856,1.60821,-1.696465,0.310269,0.656868,-0.293726
167.0,72.8,61.0,3.0,5.0,75545.0,75712.0,-0.24853,-1.914973,1.001682,0.114723,0.186072,0.331305,-1.94272,1.051365,-0.510033,-1.229764,0.481622,-1.879346,0.73987,-2.083863,1.29808,0.635837,-1.772743,0.98416,-0.867284,0.950086,-0.256483,-1.877005,0.962214,-1.073586,-1.609101,0.145932,-0.470992,1.212054,1.192047,1.113644,-1.414185,-1.693232,0.968831,0.99535,1.144591,-1.798445,-1.701162,0.947666,0.638313,1.204434,0.696367,-1.667684,1.09357,0.872603,1.295753,1.260262,-1.743137,1.08594,0.903991,1.482189,-0.755053,-1.717178,1.0539,-1.227801,1.265856,0.361356,-1.883152,0.942316,-1.403968,1.560418,-0.662473,-0.923799,0.443007,-1.910405,1.488531,-1.929411,-0.134473,-2.105514,0.852664,1.302405,-1.138526,1.677015,1.309865,1.250379,1.180407,-2.019839,1.602943,0.917688,0.937119,0.758224,0.865387,-1.740229,0.6612,1.061871,0.93209,1.045643,-1.65448,0.521222,0.715093,0.958208,0.653562,-1.527879,0.931884,-1.255854,1.433184,0.736695,0.154263,1.030717,-1.21397,1.124497,-1.723858,-1.365436,1.028716,2.062802,1.287637,-1.88791,-0.099817,0.342744,1.336028,1.267607,-1.922833,-0.286512,-2.458877,0.76667,1.301539,-0.598784,1.295413,0.944323,1.033638,0.822077,-1.843568,-1.591496,0.878226,0.849036,0.542327,1.364632,1.333886,1.07864,1.121835,0.66208,-1.790221,-2.256266,0.550003,-0.503565,0.332633,0.99397,1.680478,-2.017863,1.647682,-0.805966,-1.377857,1.197087,0.935841,2.184248,1.227863,1.221828,-1.240152,0.991131,1.45819,1.281496,2.34527,-0.802355,1.147004,1.191722,1.209561,-1.400259,1.068791,-2.054379,0.966606,1.153986,2.354381,1.570009,1.004701,0.908152,1.003349,-0.157684,-1.405834,0.764092,0.825116,0.640162,-1.560135,2.205923,0.590724,0.866448,0.379687,-2.026935,0.525983,0.749352,1.52017,-2.057066,-0.81365,1.107507,-1.860638,1.127911,0.451149,-0.606003,0.906483,0.82013,1.872619,1.438301,-1.097471,1.784294,0.851153,1.348353,1.231657,0.54357,-0.532639,0.935049,1.419533,1.30114,-0.977663,1.558102,1.388519,0.956486,1.072245,-1.277895,2.057488,-1.563186,0.963595,1.000722,-1.211603,-0.736076,-0.962907,0.674939,0.705133,1.57832,-1.923441,0.81134,0.585057,0.467461,-1.485352,1.183996,0.871703,1.778389,1.336227,1.283485,1.075455,1.195919,0.490121,0.510151,0.804531,1.541189,0.755417,1.026727,1.482487,2.046244,0.803155,0.674812,-2.165838,1.140741,-0.936093,1.458285,-2.804826,0.700886,1.14544,-1.162802,1.729601,-1.3622,0.753863,1.038379,-0.317856,1.60821,-1.696465,0.310269,0.656868,-0.293726
233.0,75.4,63.7,14.0,19.0,75712.0,75945.0,-0.24853,-1.914973,1.001682,0.114723,0.186072,0.331305,-1.94272,1.051365,-0.510033,-1.229764,0.481622,-1.879346,0.73987,-2.083863,1.29808,0.635837,-1.772743,0.98416,-0.867284,0.950086,-0.256483,-1.877005,0.962214,-1.073586,-1.609101,0.145932,-0.470992,1.212054,1.192047,1.113644,-1.414185,-1.693232,0.968831,0.99535,1.144591,-1.798445,-1.701162,0.947666,0.638313,1.204434,0.696367,-1.667684,1.09357,0.872603,1.295753,1.260262,-1.743137,1.08594,0.903991,1.482189,-0.755053,-1.717178,1.0539,-1.227801,1.265856,0.361356,-1.883152,0.942316,-1.403968,1.560418,-0.662473,-0.923799,0.443007,-1.910405,1.488531,-1.929411,-0.134473,-2.105514,0.852664,1.302405,-1.138526,1.677015,1.309865,1.250379,1.180407,-2.019839,1.602943,0.917688,0.937119,0.758224,0.865387,-1.740229,0.6612,1.061871,0.93209,1.045643,-1.65448,0.521222,0.715093,0.958208,0.653562,-1.527879,0.931884,-1.255854,1.433184,0.736695,0.154263,1.030717,-1.21397,1.124497,-1.723858,-1.365436,1.028716,2.062802,1.287637,-1.88791,-0.099817,0.342744,1.336028,1.267607,-1.922833,-0.286512,-2.458877,0.76667,1.301539,-0.598784,1.295413,0.944323,1.033638,0.822077,-1.843568,-1.591496,0.878226,0.849036,0.542327,1.364632,1.333886,1.07864,1.121835,0.66208,-1.790221,-2.256266,0.550003,-0.503565,0.332633,0.99397,1.680478,-2.017863,1.647682,-0.805966,-1.377857,1.197087,0.935841,2.184248,1.227863,1.221828,-1.240152,0.991131,1.45819,1.281496,2.34527,-0.802355,1.147004,1.191722,1.209561,-1.400259,1.068791,-2.054379,0.966606,1.153986,2.354381,1.570009,1.004701,0.908152,1.003349,-0.157684,-1.405834,0.764092,0.825116,0.640162,-1.560135,2.205923,0.590724,0.866448,0.379687,-2.026935,0.525983,0.749352,1.52017,-2.057066,-0.81365,1.107507,-1.860638,1.127911,0.451149,-0.606003,0.906483,0.82013,1.872619,1.438301,-1.097471,1.784294,0.851153,1.348353,1.231657,0.54357,-0.532639,0.935049,1.419533,1.30114,-0.977663,1.558102,1.388519,0.956486,1.072245,-1.277895,2.057488,-1.563186,0.963595,1.000722,-1.211603,-0.736076,-0.962907,0.674939,0.705133,1.57832,-1.923441,0.81134,0.585057,0.467461,-1.485352,1.183996,0.871703,1.778389,1.336227,1.283485,1.075455,1.195919,0.490121,0.510151,0.804531,1.541189,0.755417,1.026727,1.482487,2.046244,0.803155,0.674812,-2.165838,1.140741,-0.936093,1.458285,-2.804826,0.700886,1.14544,-1.162802,1.729601,-1.3622,0.753863,1.038379,-0.317856,1.60821,-1.696465,0.310269,0.656868,-0.293726
99.0,71.0,60.7,0.0,1.0,75945.0,76044.0,-0.24853,-1.914973,1.001682,0.114723,0.186072,0.331305,-1.94272,1.051365,-0.510033,-1.229764,0.481622,-1.879346,0.73987,-2.083863,1.29808,0.635837,-1.772743,0.98416,-0.867284,0.950086,-0.256483,-1.877005,0.962214,-1.073586,-1.609101,0.145932,-0.470992,1.212054,1.192047,1.113644,-1.414185,-1.693232,0.968831,0.99535,1.144591,-1.798445,-1.701162,0.947666,0.638313,1.204434,0.696367,-1.667684,1.09357,0.872603,1.295753,1.260262,-1.743137,1.08594,0.903991,1.482189,-0.755053,-1.717178,1.0539,-1.227801,1.265856,0.361356,-1.883152,0.942316,-1.403968,1.560418,-0.662473,-0.923799,0.443007,-1.910405,1.488531,-1.929411,-0.134473,-2.105514,0.852664,1.302405,-1.138526,1.677015,1.309865,1.250379,1.180407,-2.019839,1.602943,0.917688,0.937119,0.758224,0.865387,-1.740229,0.6612,1.061871,0.93209,1.045643,-1.65448,0.521222,0.715093,0.958208,0.653562,-1.527879,0.931884,-1.255854,1.433184,0.736695,0.154263,1.030717,-1.21397,1.124497,-1.723858,-1.365436,1.028716,2.062802,1.287637,-1.88791,-0.099817,0.342744,1.336028,1.267607,-1.922833,-0.286512,-2.458877,0.76667,1.301539,-0.598784,1.295413,0.944323,1.033638,0.822077,-1.843568,-1.591496,0.878226,0.849036,0.542327,1.364632,1.333886,1.07864,1.121835,0.66208,-1.790221,-2.256266,0.550003,-0.503565,0.332633,0.99397,1.680478,-2.017863,1.647682,-0.805966,-1.377857,1.197087,0.935841,2.184248,1.227863,1.221828,-1.240152,0.991131,1.45819,1.281496,2.34527,-0.802355,1.147004,1.191722,1.209561,-1.400259,1.068791,-2.054379,0.966606,1.153986,2.354381,1.570009,1.004701,0.908152,1.003349,-0.157684,-1.405834,0.764092,0.825116,0.640162,-1.560135,2.205923,0.590724,0.866448,0.379687,-2.026935,0.525983,0.749352,1.52017,-2.057066,-0.81365,1.107507,-1.860638,1.127911,0.451149,-0.606003,0.906483,0.82013,1.872619,1.438301,-1.097471,1.784294,0.851153,1.348353,1.231657,0.54357,-0.532639,0.935049,1.419533,1.30114,-0.977663,1.558102,1.388519,0.956486,1.072245,-1.277895,2.057488,-1.563186,0.963595,1.000722,-1.211603,-0.736076,-0.962907,0.674939,0.705133,1.57832,-1.923441,0.81134,0.585057,0.467461,-1.485352,1.183996,0.871703,1.778389,1.336227,1.283485,1.075455,1.195919,0.490121,0.510151,0.804531,1.541189,0.755417,1.026727,1.482487,2.046244,0.803155,0.674812,-2.165838,1.140741,-0.936093,1.458285,-2.804826,0.700886,1.14544,-1.162802,1.729601,-1.3622,0.753863,1.038379,-0.317856,1.60821,-1.696465,0.310269,0.656868,-0.293726
67.0,71.0,59.5,0.0,0.0,76044.0,76111.0,-0.24853,-1.914973,1.001682,0.114723,0.186072,0.331305,-1.94272,1.051365,-0.510033,-1.229764,0.481622,-1.879346,0.73987,-2.083863,1.29808,0.635837,-1.772743,0.98416,-0.867284,0.950086,-0.256483,-1.877005,0.962214,-1.073586,-1.609101,0.145932,-0.470992,1.212054,1.192047,1.113644,-1.414185,-1.693232,0.968831,0.99535,1.144591,-1.798445,-1.701162,0.947666,0.638313,1.204434,0.696367,-1.667684,1.09357,0.872603,1.295753,1.260262,-1.743137,1.08594,0.903991,1.482189,-0.755053,-1.717178,1.0539,-1.227801,1.265856,0.361356,-1.883152,0.942316,-1.403968,1.560418,-0.662473,-0.923799,0.443007,-1.910405,1.488531,-1.929411,-0.134473,-2.105514,0.852664,1.302405,-1.138526,1.677015,1.309865,1.250379,1.180407,-2.019839,1.602943,0.917688,0.937119,0.758224,0.865387,-1.740229,0.6612,1.061871,0.93209,1.045643,-1.65448,0.521222,0.715093,0.958208,0.653562,-1.527879,0.931884,-1.255854,1.433184,0.736695,0.154263,1.030717,-1.21397,1.124497,-1.723858,-1.365436,1.028716,2.062802,1.287637,-1.88791,-0.099817,0.342744,1.336028,1.267607,-1.922833,-0.286512,-2.458877,0.76667,1.301539,-0.598784,1.295413,0.944323,1.033638,0.822077,-1.843568,-1.591496,0.878226,0.849036,0.542327,1.364632,1.333886,1.07864,1.121835,0.66208,-1.790221,-2.256266,0.550003,-0.503565,0.332633,0.99397,1.680478,-2.017863,1.647682,-0.805966,-1.377857,1.197087,0.935841,2.184248,1.227863,1.221828,-1.240152,0.991131,1.45819,1.281496,2.34527,-0.802355,1.147004,1.191722,1.209561,-1.400259,1.068791,-2.054379,0.966606,1.153986,2.354381,1.570009,1.004701,0.908152,1.003349,-0.157684,-1.405834,0.764092,0.825116,0.640162,-1.560135,2.205923,0.590724,0.866448,0.379687,-2.026935,0.525983,0.749352,1.52017,-2.057066,-0.81365,1.107507,-1.860638,1.127911,0.451149,-0.606003,0.906483,0.82013,1.872619,1.438301,-1.097471,1.784294,0.851153,1.348353,1.231657,0.54357,-0.532639,0.935049,1.419533,1.30114,-0.977663,1.558102,1.388519,0.956486,1.072245,-1.277895,2.057488,-1.563186,0.963595,1.000722,-1.211603,-0.736076,-0.962907,0.674939,0.705133,1.57832,-1.923441,0.81134,0.585057,0.467461,-1.485352,1.183996,0.871703,1.778389,1.336227,1.283485,1.075455,1.195919,0.490121,0.510151,0.804531,1.541189,0.755417,1.026727,1.482487,2.046244,0.803155,0.674812,-2.165838,1.140741,-0.936093,1.458285,-2.804826,0.700886,1.14544,-1.162802,1.729601,-1.3622,0.753863,1.038379,-0.317856,1.60821,-1.696465,0.310269,0.656868,-0.293726
137.0,66.3,56.8,4.0,4.0,76111.0,76248.0,-0.24853,-1.914973,1.001682,0.114723,0.186072,0.331305,-1.94272,1.051365,-0.510033,-1.229764,0.481622,-1.879346,0.73987,-2.083863,1.29808,0.635837,-1.772743,0.98416,-0.867284,0.950086,-0.256483,-1.877005,0.962214,-1.073586,-1.609101,0.145932,-0.470992,1.212054,1.192047,1.113644,-1.414185,-1.693232,0.968831,0.99535,1.144591,-1.798445,-1.701162,0.947666,0.638313,1.204434,0.696367,-1.667684,1.09357,0.872603,1.295753,1.260262,-1.743137,1.08594,0.903991,1.482189,-0.755053,-1.717178,1.0539,-1.227801,1.265856,0.361356,-1.883152,0.942316,-1.403968,1.560418,-0.662473,-0.923799,0.443007,-1.910405,1.488531,-1.929411,-0.134473,-2.105514,0.852664,1.302405,-1.138526,1.677015,1.309865,1.250379,1.180407,-2.019839,1.602943,0.917688,0.937119,0.758224,0.865387,-1.740229,0.6612,1.061871,0.93209,1.045643,-1.65448,0.521222,0.715093,0.958208,0.653562,-1.527879,0.931884,-1.255854,1.433184,0.736695,0.154263,1.030717,-1.21397,1.124497,-1.723858,-1.365436,1.028716,2.062802,1.287637,-1.88791,-0.099817,0.342744,1.336028,1.267607,-1.922833,-0.286512,-2.458877,0.76667,1.301539,-0.598784,1.295413,0.944323,1.033638,0.822077,-1.843568,-1.591496,0.878226,0.849036,0.542327,1.364632,1.333886,1.07864,1.121835,0.66208,-1.790221,-2.256266,0.550003,-0.503565,0.332633,0.99397,1.680478,-2.017863,1.647682,-0.805966,-1.377857,1.197087,0.935841,2.184248,1.227863,1.221828,-1.240152,0.991131,1.45819,1.281496,2.34527,-0.802355,1.147004,1.191722,1.209561,-1.400259,1.068791,-2.054379,0.966606,1.153986,2.354381,1.570009,1.004701,0.908152,1.003349,-0.157684,-1.405834,0.764092,0.825116,0.640162,-1.560135,2.205923,0.590724,0.866448,0.379687,-2.026935,0.525983,0.749352,1.52017,-2.057066,-0.81365,1.107507,-1.860638,1.127911,0.451149,-0.606003,0.906483,0.82013,1.872619,1.438301,-1.097471,1.784294,0.851153,1.348353,1.231657,0.54357,-0.532639,0.935049,1.419533,1.30114,-0.977663,1.558102,1.388519,0.956486,1.072245,-1.277895,2.057488,-1.563186,0.963595,1.000722,-1.211603,-0.736076,-0.962907,0.674939,0.705133,1.57832,-1.923441,0.81134,0.585057,0.467461,-1.485352,1.183996,0.871703,1.778389,1.336227,1.283485,1.075455,1.195919,0.490121,0.510151,0.804531,1.541189,0.755417,1.026727,1.482487,2.046244,0.803155,0.674812,-2.165838,1.140741,-0.936093,1.458285,-2.804826,0.700886,1.14544,-1.162802,1.729601,-1.3622,0.753863,1.038379,-0.317856,1.60821,-1.696465,0.310269,0.656868,-0.293726
299.0,66.4,56.2,4.0,6.0,76248.0,76547.0,-0.24853,-1.914973,1.001682,0.114723,0.186072,0.331305,-1.94272,1.051365,-0.510033,-1.229764,0.481622,-1.879346,0.73987,-2.083863,1.29808,0.635837,-1.772743,0.98416,-0.867284,0.950086,-0.256483,-1.877005,0.962214,-1.073586,-1.609101,0.145932,-0.470992,1.212054,1.192047,1.113644,-1.414185,-1.693232,0.968831,0.99535,1.144591,-1.798445,-1.701162,0.947666,0.638313,1.204434,0.696367,-1.667684,1.09357,0.872603,1.295753,1.260262,-1.743137,1.08594,0.903991,1.482189,-0.755053,-1.717178,1.0539,-1.227801,1.265856,0.361356,-1.883152,0.942316,-1.403968,1.560418,-0.662473,-0.923799,0.443007,-1.910405,1.488531,-1.929411,-0.134473,-2.105514,0.852664,1.302405,-1.138526,1.677015,1.309865,1.250379,1.180407,-2.019839,1.602943,0.917688,0.937119,0.758224,0.865387,-1.740229,0.6612,1.061871,0.93209,1.045643,-1.65448,0.521222,0.715093,0.958208,0.653562,-1.527879,0.931884,-1.255854,1.433184,0.736695,0.154263,1.030717,-1.21397,1.124497,-1.723858,-1.365436,1.028716,2.062802,1.287637,-1.88791,-0.099817,0.342744,1.336028,1.267607,-1.922833,-0.286512,-2.458877,0.76667,1.301539,-0.598784,1.295413,0.944323,1.033638,0.822077,-1.843568,-1.591496,0.878226,0.849036,0.542327,1.364632,1.333886,1.07864,1.121835,0.66208,-1.790221,-2.256266,0.550003,-0.503565,0.332633,0.99397,1.680478,-2.017863,1.647682,-0.805966,-1.377857,1.197087,0.935841,2.184248,1.227863,1.221828,-1.240152,0.991131,1.45819,1.281496,2.34527,-0.802355,1.147004,1.191722,1.209561,-1.400259,1.068791,-2.054379,0.966606,1.153986,2.354381,1.570009,1.004701,0.908152,1.003349,-0.157684,-1.405834,0.764092,0.825116,0.640162,-1.560135,2.205923,0.590724,0.866448,0.379687,-2.026935,0.525983,0.749352,1.52017,-2.057066,-0.81365,1.107507,-1.860638,1.127911,0.451149,-0.606003,0.906483,0.82013,1.872619,1.438301,-1.097471,1.784294,0.851153,1.348353,1.231657,0.54357,-0.532639,0.935049,1.419533,1.30114,-0.977663,1.558102,1.388519,0.956486,1.072245,-1.277895,2.057488,-1.563186,0.963595,1.000722,-1.211603,-0.736076,-0.962907,0.674939,0.705133,1.57832,-1.923441,0.81134,0.585057,0.467461,-1.485352,1.183996,0.871703,1.778389,1.336227,1.283485,1.075455,1.195919,0.490121,0.510151,0.804531,1.541189,0.755417,1.026727,1.482487,2.046244,0.803155,0.674812,-2.165838,1.140741,-0.936093,1.458285,-2.804826,0.700886,1.14544,-1.162802,1.729601,-1.3622,0.753863,1.038379,-0.317856,1.60821,-1.696465,0.310269,0.656868,-0.293726
132.0,74.5,62.5,0.0,6.0,76547.0,76679.0,-0.24853,-1.914973,1.001682,0.114723,0.186072,0.331305,-1.94272,1.051365,-0.510033,-1.229764,0.481622,-1.879346,0.73987,-2.083863,1.29808,0.635837,-1.772743,0.98416,-0.867284,0.950086,-0.256483,-1.877005,0.962214,-1.073586,-1.609101,0.145932,-0.470992,1.212054,1.192047,1.113644,-1.414185,-1.693232,0.968831,0.99535,1.144591,-1.798445,-1.701162,0.947666,0.638313,1.204434,0.696367,-1.667684,1.09357,0.872603,1.295753,1.260262,-1.743137,1.08594,0.903991,1.482189,-0.755053,-1.717178,1.0539,-1.227801,1.265856,0.361356,-1.883152,0.942316,-1.403968,1.560418,-0.662473,-0.923799,0.443007,-1.910405,1.488531,-1.929411,-0.134473,-2.105514,0.852664,1.302405,-1.138526,1.677015,1.309865,1.250379,1.180407,-2.019839,1.602943,0.917688,0.937119,0.758224,0.865387,-1.740229,0.6612,1.061871,0.93209,1.045643,-1.65448,0.521222,0.715093,0.958208,0.653562,-1.527879,0.931884,-1.255854,1.433184,0.736695,0.154263,1.030717,-1.21397,1.124497,-1.723858,-1.365436,1.028716,2.062802,1.287637,-1.88791,-0.099817,0.342744,1.336028,1.267607,-1.922833,-0.286512,-2.458877,0.76667,1.301539,-0.598784,1.295413,0.944323,1.033638,0.822077,-1.843568,-1.591496,0.878226,0.849036,0.542327,1.364632,1.333886,1.07864,1.121835,0.66208,-1.790221,-2.256266,0.550003,-0.503565,0.332633,0.99397,1.680478,-2.017863,1.647682,-0.805966,-1.377857,1.197087,0.935841,2.184248,1.227863,1.221828,-1.240152,0.991131,1.45819,1.281496,2.34527,-0.802355,1.147004,1.191722,1.209561,-1.400259,1.068791,-2.054379,0.966606,1.153986,2.354381,1.570009,1.004701,0.908152,1.003349,-0.157684,-1.405834,0.764092,0.825116,0.640162,-1.560135,2.205923,0.590724,0.866448,0.379687,-2.026935,0.525983,0.749352,1.52017,-2.057066,-0.81365,1.107507,-1.860638,1.127911,0.451149,-0.606003,0.906483,0.82013,1.872619,1.438301,-1.097471,1.784294,0.851153,1.348353,1.231657,0.54357,-0.532639,0.935049,1.419533,1.30114,-0.977663,1.558102,1.388519,0.956486,1.072245,-1.277895,2.057488,-1.563186,0.963595,1.000722,-1.211603,-0.736076,-0.962907,0.674939,0.705133,1.57832,-1.923441,0.81134,0.585057,0.467461,-1.485352,1.183996,0.871703,1.778389,1.336227,1.283485,1.075455,1.195919,0.490121,0.510151,0.804531,1.541189,0.755417,1.026727,1.482487,2.046244,0.803155,0.674812,-2.165838,1.140741,-0.936093,1.458285,-2.804826,0.700886,1.14544,-1.162802,1.729601,-1.3622,0.753863,1.038379,-0.317856,1.60821,-1.696465,0.310269,0.656868,-0.293726
199.0,63.0,53.5,2.0,3.0,964.0,1163.0,-0.24853,-1.914973,1.001682,0.114723,0.186072,0.331305,-1.94272,1.051365,-0.510033,-1.229764,0.481622,-1.879346,0.73987,-2.083863,1.29808,0.635837,-1.772743,0.98416,-0.867284,0.950086,-0.256483,-1.877005,0.962214,-1.073586,-1.609101,0.145932,-0.470992,1.212054,1.192047,1.113644,-1.414185,-1.693232,0.968831,0.99535,1.144591,-1.798445,-1.701162,0.947666,0.638313,1.204434,0.696367,-1.667684,1.09357,0.872603,1.295753,1.260262,-1.743137,1.08594,0.903991,1.482189,-0.755053,-1.717178,1.0539,-1.227801,1.265856,0.361356,-1.883152,0.942316,-1.403968,1.560418,-0.662473,-0.923799,0.443007,-1.910405,1.488531,-1.929411,-0.134473,-2.105514,0.852664,1.302405,-1.138526,1.677015,1.309865,1.250379,1.180407,-2.019839,1.602943,0.917688,0.937119,0.758224,0.865387,-1.740229,0.6612,1.061871,0.93209,1.045643,-1.65448,0.521222,0.715093,0.958208,0.653562,-1.527879,0.931884,-1.255854,1.433184,0.736695,0.154263,1.030717,-1.21397,1.124497,-1.723858,-1.365436,1.028716,2.062802,1.287637,-1.88791,-0.099817,0.342744,1.336028,1.267607,-1.922833,-0.286512,-2.458877,0.76667,1.301539,-0.598784,1.295413,0.944323,1.033638,0.822077,-1.843568,-1.591496,0.878226,0.849036,0.542327,1.364632,1.333886,1.07864,1.121835,0.66208,-1.790221,-2.256266,0.550003,-0.503565,0.332633,0.99397,1.680478,-2.017863,1.647682,-0.805966,-1.377857,1.197087,0.935841,2.184248,1.227863,1.221828,-1.240152,0.991131,1.45819,1.281496,2.34527,-0.802355,1.147004,1.191722,1.209561,-1.400259,1.068791,-2.054379,0.966606,1.153986,2.354381,1.570009,1.004701,0.908152,1.003349,-0.157684,-1.405834,0.764092,0.825116,0.640162,-1.560135,2.205923,0.590724,0.866448,0.379687,-2.026935,0.525983,0.749352,1.52017,-2.057066,-0.81365,1.107507,-1.860638,1.127911,0.451149,-0.606003,0.906483,0.82013,1.872619,1.438301,-1.097471,1.784294,0.851153,1.348353,1.231657,0.54357,-0.532639,0.935049,1.419533,1.30114,-0.977663,1.558102,1.388519,0.956486,1.072245,-1.277895,2.057488,-1.563186,0.963595,1.000722,-1.211603,-0.736076,-0.962907,0.674939,0.705133,1.57832,-1.923441,0.81134,0.585057,0.467461,-1.485352,1.183996,0.871703,1.778389,1.336227,1.283485,1.075455,1.195919,0.490121,0.510151,0.804531,1.541189,0.755417,1.026727,1.482487,2.046244,0.803155,0.674812,-2.165838,1.140741,-0.936093,1.458285,-2.804826,0.700886,1.14544,-1.162802,1.729601,-1.3622,0.753863,1.038379,-0.317856,1.60821,-1.696465,0.310269,0.656868,-0.293726
332.0,63.5,55.5,4.0,8.0,8665.0,8997.0,-0.24853,-1.914973,1.001682,0.114723,0.186072,0.331305,-1.94272,1.051365,-0.510033,-1.229764,0.481622,-1.879346,0.73987,-2.083863,1.29808,0.635837,-1.772743,0.98416,-0.867284,0.950086,-0.256483,-1.877005,0.962214,-1.073586,-1.609101,0.145932,-0.470992,1.212054,1.192047,1.113644,-1.414185,-1.693232,0.968831,0.99535,1.144591,-1.798445,-1.701162,0.947666,0.638313,1.204434,0.696367,-1.667684,1.09357,0.872603,1.295753,1.260262,-1.743137,1.08594,0.903991,1.482189,-0.755053,-1.717178,1.0539,-1.227801,1.265856,0.361356,-1.883152,0.942316,-1.403968,1.560418,-0.662473,-0.923799,0.443007,-1.910405,1.488531,-1.929411,-0.134473,-2.105514,0.852664,1.302405,-1.138526,1.677015,1.309865,1.250379,1.180407,-2.019839,1.602943,0.917688,0.937119,0.758224,0.865387,-1.740229,0.6612,1.061871,0.93209,1.045643,-1.65448,0.521222,0.715093,0.958208,0.653562,-1.527879,0.931884,-1.255854,1.433184,0.736695,0.154263,1.030717,-1.21397,1.124497,-1.723858,-1.365436,1.028716,2.062802,1.287637,-1.88791,-0.099817,0.342744,1.336028,1.267607,-1.922833,-0.286512,-2.458877,0.76667,1.301539,-0.598784,1.295413,0.944323,1.033638,0.822077,-1.843568,-1.591496,0.878226,0.849036,0.542327,1.364632,1.333886,1.07864,1.121835,0.66208,-1.790221,-2.256266,0.550003,-0.503565,0.332633,0.99397,1.680478,-2.017863,1.647682,-0.805966,-1.377857,1.197087,0.935841,2.184248,1.227863,1.221828,-1.240152,0.991131,1.45819,1.281496,2.34527,-0.802355,1.147004,1.191722,1.209561,-1.400259,1.068791,-2.054379,0.966606,1.153986,2.354381,1.570009,1.004701,0.908152,1.003349,-0.157684,-1.405834,0.764092,0.825116,0.640162,-1.560135,2.205923,0.590724,0.866448,0.379687,-2.026935,0.525983,0.749352,1.52017,-2.057066,-0.81365,1.107507,-1.860638,1.127911,0.451149,-0.606003,0.906483,0.82013,1.872619,1.438301,-1.097471,1.784294,0.851153,1.348353,1.231657,0.54357,-0.532639,0.935049,1.419533,1.30114,-0.977663,1.558102,1.388519,0.956486,1.072245,-1.277895,2.057488,-1.563186,0.963595,1.000722,-1.211603,-0.736076,-0.962907,0.674939,0.705133,1.57832,-1.923441,0.81134,0.585057,0.467461,-1.485352,1.183996,0.871703,1.778389,1.336227,1.283485,1.075455,1.195919,0.490121,0.510151,0.804531,1.541189,0.755417,1.026727,1.482487,2.046244,0.803155,0.674812,-2.165838,1.140741,-0.936093,1.458285,-2.804826,0.700886,1.14544,-1.162802,1.729601,-1.3622,0.753863,1.038379,-0.317856,1.60821,-1.696465,0.310269,0.656868,-0.293726
66.0,69.0,54.0,3.0,3.0,76679.0,76745.0,-0.24853,-1.914973,1.001682,0.114723,0.186072,0.331305,-1.94272,1.051365,-0.510033,-1.229764,0.481622,-1.879346,0.73987,-2.083863,1.29808,0.635837,-1.772743,0.98416,-0.867284,0.950086,-0.256483,-1.877005,0.962214,-1.073586,-1.609101,0.145932,-0.470992,1.212054,1.192047,1.113644,-1.414185,-1.693232,0.968831,0.99535,1.144591,-1.798445,-1.701162,0.947666,0.638313,1.204434,0.696367,-1.667684,1.09357,0.872603,1.295753,1.260262,-1.743137,1.08594,0.903991,1.482189,-0.755053,-1.717178,1.0539,-1.227801,1.265856,0.361356,-1.883152,0.942316,-1.403968,1.560418,-0.662473,-0.923799,0.443007,-1.910405,1.488531,-1.929411,-0.134473,-2.105514,0.852664,1.302405,-1.138526,1.677015,1.309865,1.250379,1.180407,-2.019839,1.602943,0.917688,0.937119,0.758224,0.865387,-1.740229,0.6612,1.061871,0.93209,1.045643,-1.65448,0.521222,0.715093,0.958208,0.653562,-1.527879,0.931884,-1.255854,1.433184,0.736695,0.154263,1.030717,-1.21397,1.124497,-1.723858,-1.365436,1.028716,2.062802,1.287637,-1.88791,-0.099817,0.342744,1.336028,1.267607,-1.922833,-0.286512,-2.458877,0.76667,1.301539,-0.598784,1.295413,0.944323,1.033638,0.822077,-1.843568,-1.591496,0.878226,0.849036,0.542327,1.364632,1.333886,1.07864,1.121835,0.66208,-1.790221,-2.256266,0.550003,-0.503565,0.332633,0.99397,1.680478,-2.017863,1.647682,-0.805966,-1.377857,1.197087,0.935841,2.184248,1.227863,1.221828,-1.240152,0.991131,1.45819,1.281496,2.34527,-0.802355,1.147004,1.191722,1.209561,-1.400259,1.068791,-2.054379,0.966606,1.153986,2.354381,1.570009,1.004701,0.908152,1.003349,-0.157684,-1.405834,0.764092,0.825116,0.640162,-1.560135,2.205923,0.590724,0.866448,0.379687,-2.026935,0.525983,0.749352,1.52017,-2.057066,-0.81365,1.107507,-1.860638,1.127911,0.451149,-0.606003,0.906483,0.82013,1.872619,1.438301,-1.097471,1.784294,0.851153,1.348353,1.231657,0.54357,-0.532639,0.935049,1.419533,1.30114,-0.977663,1.558102,1.388519,0.956486,1.072245,-1.277895,2.057488,-1.563186,0.963595,1.000722,-1.211603,-0.736076,-0.962907,0.674939,0.705133,1.57832,-1.923441,0.81134,0.585057,0.467461,-1.485352,1.183996,0.871703,1.778389,1.336227,1.283485,1.075455,1.195919,0.490121,0.510151,0.804531,1.541189,0.755417,1.026727,1.482487,2.046244,0.803155,0.674812,-2.165838,1.140741,-0.936093,1.458285,-2.804826,0.700886,1.14544,-1.162802,1.729601,-1.3622,0.753863,1.038379,-0.317856,1.60821,-1.696465,0.310269,0.656868,-0.293726
166.0,64.2,49.0,9.0,8.0,76745.0,76911.0,0.068266,0.593847,-0.415463,-0.244468,0.91418,0.042413,0.66328,-0.488969,0.027045,0.949663,-0.082641,0.817344,-0.394569,0.49111,-0.283954,-0.105732,0.78719,-0.442958,0.029067,-0.310616,0.419064,0.895874,-0.444394,-0.379809,0.862452,0.24183,0.988765,-0.322937,-0.18213,-0.193857,0.762958,1.202182,-0.30697,-0.091451,-0.22941,0.873393,0.806981,-0.344776,-0.158468,-0.104932,-0.029033,0.87162,-0.428611,-0.960839,0.01678,-0.137361,0.985265,-0.462276,-1.237371,0.020885,0.402188,0.81653,-0.486877,0.192516,0.420415,0.161249,1.104532,-0.446647,0.591752,0.012352,0.692108,0.675714,-0.357035,0.962608,-0.105686,0.920856,0.502221,0.561471,0.300404,-0.266242,1.24118,-0.412208,-0.462633,-0.276432,-0.262238,0.819427,-0.306424,-0.23833,-0.030577,0.013117,0.242856,1.354721,-0.267776,-0.093744,-0.007508,-0.02723,0.975111,-0.284763,0.337405,0.122879,0.146897,1.466567,-0.428477,0.196384,-0.278637,-0.128111,0.521889,-0.494838,0.558382,-0.029821,1.367693,1.426409,-0.523117,-0.35894,-0.137938,1.243302,0.341268,-0.189951,-0.168705,-0.197571,0.921775,0.591518,0.750319,0.368182,-0.258692,0.9833,-0.202376,-0.228954,-0.058047,0.033337,0.839589,1.49725,-0.430042,0.07475,0.233995,-0.306281,-0.037155,-0.468245,-0.060519,0.225973,0.431802,1.101744,-0.336393,0.727053,-0.002135,-1.017716,-0.4962,0.743922,-0.425357,0.14835,0.432517,-0.239122,-0.386896,-0.455029,-0.182351,0.051712,1.521481,-0.176033,-0.398025,-0.211577,-0.761818,0.792862,-0.215694,-0.12192,-0.187051,0.555333,-0.068606,1.475433,0.083917,-0.122181,-0.117828,-0.320813,-0.263115,-0.103304,-0.060829,-0.04261,0.793227,-0.72038,-0.133487,0.097181,0.807084,0.644873,-0.610039,-0.413573,0.204238,1.081834,-0.253096,-0.488364,-1.050986,1.095189,0.018933,0.189316,0.784048,-0.567539,0.560191,-0.10961,-1.024137,-0.165209,-0.693388,-0.441136,0.617083,-0.233745,-0.052847,-0.445481,-0.194541,-1.054965,0.43148,-0.183112,-0.470252,-0.228399,0.269979,-0.498772,-0.416857,0.05379,-0.065346,0.635123,0.215464,0.706976,-0.204855,-0.146215,0.593705,0.618528,-0.815114,-0.133651,0.084849,-0.676604,1.100251,-0.784591,-0.507192,0.217474,0.853277,-0.303336,-0.818052,-0.979039,-0.279889,-0.317075,-0.196886,-0.393037,-0.562746,0.313699,-0.106619,-0.646534,-0.223969,-1.322334,-0.454482,0.001985,-0.385459,0.015735,1.176836,-0.064637,0.048123,-0.744446,0.792288,0.174156,-0.09509,0.371102,-0.743837,-0.174512,0.198731,-0.014961,0.357014,-0.534003,0.691985,0.174099,0.075934,0.347987
99.0,58.3,47.0,3.0,4.0,76911.0,77010.0,-0.24853,-1.914973,1.001682,0.114723,0.186072,0.331305,-1.94272,1.051365,-0.510033,-1.229764,0.481622,-1.879346,0.73987,-2.083863,1.29808,0.635837,-1.772743,0.98416,-0.867284,0.950086,-0.256483,-1.877005,0.962214,-1.073586,-1.609101,0.145932,-0.470992,1.212054,1.192047,1.113644,-1.414185,-1.693232,0.968831,0.99535,1.144591,-1.798445,-1.701162,0.947666,0.638313,1.204434,0.696367,-1.667684,1.09357,0.872603,1.295753,1.260262,-1.743137,1.08594,0.903991,1.482189,-0.755053,-1.717178,1.0539,-1.227801,1.265856,0.361356,-1.883152,0.942316,-1.403968,1.560418,-0.662473,-0.923799,0.443007,-1.910405,1.488531,-1.929411,-0.134473,-2.105514,0.852664,1.302405,-1.138526,1.677015,1.309865,1.250379,1.180407,-2.019839,1.602943,0.917688,0.937119,0.758224,0.865387,-1.740229,0.6612,1.061871,0.93209,1.045643,-1.65448,0.521222,0.715093,0.958208,0.653562,-1.527879,0.931884,-1.255854,1.433184,0.736695,0.154263,1.030717,-1.21397,1.124497,-1.723858,-1.365436,1.028716,2.062802,1.287637,-1.88791,-0.099817,0.342744,1.336028,1.267607,-1.922833,-0.286512,-2.458877,0.76667,1.301539,-0.598784,1.295413,0.944323,1.033638,0.822077,-1.843568,-1.591496,0.878226,0.849036,0.542327,1.364632,1.333886,1.07864,1.121835,0.66208,-1.790221,-2.256266,0.550003,-0.503565,0.332633,0.99397,1.680478,-2.017863,1.647682,-0.805966,-1.377857,1.197087,0.935841,2.184248,1.227863,1.221828,-1.240152,0.991131,1.45819,1.281496,2.34527,-0.802355,1.147004,1.191722,1.209561,-1.400259,1.068791,-2.054379,0.966606,1.153986,2.354381,1.570009,1.004701,0.908152,1.003349,-0.157684,-1.405834,0.764092,0.825116,0.640162,-1.560135,2.205923,0.590724,0.866448,0.379687,-2.026935,0.525983,0.749352,1.52017,-2.057066,-0.81365,1.107507,-1.860638,1.127911,0.451149,-0.606003,0.906483,0.82013,1.872619,1.438301,-1.097471,1.784294,0.851153,1.348353,1.231657,0.54357,-0.532639,0.935049,1.419533,1.30114,-0.977663,1.558102,1.388519,0.956486,1.072245,-1.277895,2.057488,-1.563186,0.963595,1.000722,-1.211603,-0.736076,-0.962907,0.674939,0.705133,1.57832,-1.923441,0.81134,0.585057,0.467461,-1.485352,1.183996,0.871703,1.778389,1.336227,1.283485,1.075455,1.195919,0.490121,0.510151,0.804531,1.541189,0.755417,1.026727,1.482487,2.046244,0.803155,0.674812,-2.165838,1.140741,-0.936093,1.458285,-2.804826,0.700886,1.14544,-1.162802,1.729601,-1.3622,0.753863,1.038379,-0.317856,1.60821,-1.696465,0.310269,0.656868,-0.293726
232.0,64.7,55.6,4.0,7.0,77010.0,77242.0,-0.24853,-1.914973,1.001682,0.114723,0.186072,0.331305,-1.94272,1.051365,-0.510033,-1.229764,0.481622,-1.879346,0.73987,-2.083863,1.29808,0.635837,-1.772743,0.98416,-0.867284,0.950086,-0.256483,-1.877005,0.962214,-1.073586,-1.609101,0.145932,-0.470992,1.212054,1.192047,1.113644,-1.414185,-1.693232,0.968831,0.99535,1.144591,-1.798445,-1.701162,0.947666,0.638313,1.204434,0.696367,-1.667684,1.09357,0.872603,1.295753,1.260262,-1.743137,1.08594,0.903991,1.482189,-0.755053,-1.717178,1.0539,-1.227801,1.265856,0.361356,-1.883152,0.942316,-1.403968,1.560418,-0.662473,-0.923799,0.443007,-1.910405,1.488531,-1.929411,-0.134473,-2.105514,0.852664,1.302405,-1.138526,1.677015,1.309865,1.250379,1.180407,-2.019839,1.602943,0.917688,0.937119,0.758224,0.865387,-1.740229,0.6612,1.061871,0.93209,1.045643,-1.65448,0.521222,0.715093,0.958208,0.653562,-1.527879,0.931884,-1.255854,1.433184,0.736695,0.154263,1.030717,-1.21397,1.124497,-1.723858,-1.365436,1.028716,2.062802,1.287637,-1.88791,-0.099817,0.342744,1.336028,1.267607,-1.922833,-0.286512,-2.458877,0.76667,1.301539,-0.598784,1.295413,0.944323,1.033638,0.822077,-1.843568,-1.591496,0.878226,0.849036,0.542327,1.364632,1.333886,1.07864,1.121835,0.66208,-1.790221,-2.256266,0.550003,-0.503565,0.332633,0.99397,1.680478,-2.017863,1.647682,-0.805966,-1.377857,1.197087,0.935841,2.184248,1.227863,1.221828,-1.240152,0.991131,1.45819,1.281496,2.34527,-0.802355,1.147004,1.191722,1.209561,-1.400259,1.068791,-2.054379,0.966606,1.153986,2.354381,1.570009,1.004701,0.908152,1.003349,-0.157684,-1.405834,0.764092,0.825116,0.640162,-1.560135,2.205923,0.590724,0.866448,0.379687,-2.026935,0.525983,0.749352,1.52017,-2.057066,-0.81365,1.107507,-1.860638,1.127911,0.451149,-0.606003,0.906483,0.82013,1.872619,1.438301,-1.097471,1.784294,0.851153,1.348353,1.231657,0.54357,-0.532639,0.935049,1.419533,1.30114,-0.977663,1.558102,1.388519,0.956486,1.072245,-1.277895,2.057488,-1.563186,0.963595,1.000722,-1.211603,-0.736076,-0.962907,0.674939,0.705133,1.57832,-1.923441,0.81134,0.585057,0.467461,-1.485352,1.183996,0.871703,1.778389,1.336227,1.283485,1.075455,1.195919,0.490121,0.510151,0.804531,1.541189,0.755417,1.026727,1.482487,2.046244,0.803155,0.674812,-2.165838,1.140741,-0.936093,1.458285,-2.804826,0.700886,1.14544,-1.162802,1.729601,-1.3622,0.753863,1.038379,-0.317856,1.60821,-1.696465,0.310269,0.656868,-0.293726
135.0,65.8,54.5,2.0,3.0,77242.0,77377.0,-0.24853,-1.914973,1.001682,0.114723,0.186072,0.331305,-1.94272,1.051365,-0.510033,-1.229764,0.481622,-1.879346,0.73987,-2.083863,1.29808,0.635837,-1.772743,0.98416,-0.867284,0.950086,-0.256483,-1.877005,0.962214,-1.073586,-1.609101,0.145932,-0.470992,1.212054,1.192047,1.113644,-1.414185,-1.693232,0.968831,0.99535,1.144591,-1.798445,-1.701162,0.947666,0.638313,1.204434,0.696367,-1.667684,1.09357,0.872603,1.295753,1.260262,-1.743137,1.08594,0.903991,1.482189,-0.755053,-1.717178,1.0539,-1.227801,1.265856,0.361356,-1.883152,0.942316,-1.403968,1.560418,-0.662473,-0.923799,0.443007,-1.910405,1.488531,-1.929411,-0.134473,-2.105514,0.852664,1.302405,-1.138526,1.677015,1.309865,1.250379,1.180407,-2.019839,1.602943,0.917688,0.937119,0.758224,0.865387,-1.740229,0.6612,1.061871,0.93209,1.045643,-1.65448,0.521222,0.715093,0.958208,0.653562,-1.527879,0.931884,-1.255854,1.433184,0.736695,0.154263,1.030717,-1.21397,1.124497,-1.723858,-1.365436,1.028716,2.062802,1.287637,-1.88791,-0.099817,0.342744,1.336028,1.267607,-1.922833,-0.286512,-2.458877,0.76667,1.301539,-0.598784,1.295413,0.944323,1.033638,0.822077,-1.843568,-1.591496,0.878226,0.849036,0.542327,1.364632,1.333886,1.07864,1.121835,0.66208,-1.790221,-2.256266,0.550003,-0.503565,0.332633,0.99397,1.680478,-2.017863,1.647682,-0.805966,-1.377857,1.197087,0.935841,2.184248,1.227863,1.221828,-1.240152,0.991131,1.45819,1.281496,2.34527,-0.802355,1.147004,1.191722,1.209561,-1.400259,1.068791,-2.054379,0.966606,1.153986,2.354381,1.570009,1.004701,0.908152,1.003349,-0.157684,-1.405834,0.764092,0.825116,0.640162,-1.560135,2.205923,0.590724,0.866448,0.379687,-2.026935,0.525983,0.749352,1.52017,-2.057066,-0.81365,1.107507,-1.860638,1.127911,0.451149,-0.606003,0.906483,0.82013,1.872619,1.438301,-1.097471,1.784294,0.851153,1.348353,1.231657,0.54357,-0.532639,0.935049,1.419533,1.30114,-0.977663,1.558102,1.388519,0.956486,1.072245,-1.277895,2.057488,-1.563186,0.963595,1.000722,-1.211603,-0.736076,-0.962907,0.674939,0.705133,1.57832,-1.923441,0.81134,0.585057,0.467461,-1.485352,1.183996,0.871703,1.778389,1.336227,1.283485,1.075455,1.195919,0.490121,0.510151,0.804531,1.541189,0.755417,1.026727,1.482487,2.046244,0.803155,0.674812,-2.165838,1.140741,-0.936093,1.458285,-2.804826,0.700886,1.14544,-1.162802,1.729601,-1.3622,0.753863,1.038379,-0.317856,1.60821,-1.696465,0.310269,0.656868,-0.293726
399.0,67.4,50.4,4.0,10.0,77377.0,77776.0,-0.24853,-1.914973,1.001682,0.114723,0.186072,0.331305,-1.94272,1.051365,-0.510033,-1.229764,0.481622,-1.879346,0.73987,-2.083863,1.29808,0.635837,-1.772743,0.98416,-0.867284,0.950086,-0.256483,-1.877005,0.962214,-1.073586,-1.609101,0.145932,-0.470992,1.212054,1.192047,1.113644,-1.414185,-1.693232,0.968831,0.99535,1.144591,-1.798445,-1.701162,0.947666,0.638313,1.204434,0.696367,-1.667684,1.09357,0.872603,1.295753,1.260262,-1.743137,1.08594,0.903991,1.482189,-0.755053,-1.717178,1.0539,-1.227801,1.265856,0.361356,-1.883152,0.942316,-1.403968,1.560418,-0.662473,-0.923799,0.443007,-1.910405,1.488531,-1.929411,-0.134473,-2.105514,0.852664,1.302405,-1.138526,1.677015,1.309865,1.250379,1.180407,-2.019839,1.602943,0.917688,0.937119,0.758224,0.865387,-1.740229,0.6612,1.061871,0.93209,1.045643,-1.65448,0.521222,0.715093,0.958208,0.653562,-1.527879,0.931884,-1.255854,1.433184,0.736695,0.154263,1.030717,-1.21397,1.124497,-1.723858,-1.365436,1.028716,2.062802,1.287637,-1.88791,-0.099817,0.342744,1.336028,1.267607,-1.922833,-0.286512,-2.458877,0.76667,1.301539,-0.598784,1.295413,0.944323,1.033638,0.822077,-1.843568,-1.591496,0.878226,0.849036,0.542327,1.364632,1.333886,1.07864,1.121835,0.66208,-1.790221,-2.256266,0.550003,-0.503565,0.332633,0.99397,1.680478,-2.017863,1.647682,-0.805966,-1.377857,1.197087,0.935841,2.184248,1.227863,1.221828,-1.240152,0.991131,1.45819,1.281496,2.34527,-0.802355,1.147004,1.191722,1.209561,-1.400259,1.068791,-2.054379,0.966606,1.153986,2.354381,1.570009,1.004701,0.908152,1.003349,-0.157684,-1.405834,0.764092,0.825116,0.640162,-1.560135,2.205923,0.590724,0.866448,0.379687,-2.026935,0.525983,0.749352,1.52017,-2.057066,-0.81365,1.107507,-1.860638,1.127911,0.451149,-0.606003,0.906483,0.82013,1.872619,1.438301,-1.097471,1.784294,0.851153,1.348353,1.231657,0.54357,-0.532639,0.935049,1.419533,1.30114,-0.977663,1.558102,1.388519,0.956486,1.072245,-1.277895,2.057488,-1.563186,0.963595,1.000722,-1.211603,-0.736076,-0.962907,0.674939,0.705133,1.57832,-1.923441,0.81134,0.585057,0.467461,-1.485352,1.183996,0.871703,1.778389,1.336227,1.283485,1.075455,1.195919,0.490121,0.510151,0.804531,1.541189,0.755417,1.026727,1.482487,2.046244,0.803155,0.674812,-2.165838,1.140741,-0.936093,1.458285,-2.804826,0.700886,1.14544,-1.162802,1.729601,-1.3622,0.753863,1.038379,-0.317856,1.60821,-1.696465,0.310269,0.656868,-0.293726
166.0,70.8,54.4,3.0,6.0,77776.0,77942.0,-0.24853,-1.914973,1.001682,0.114723,0.186072,0.331305,-1.94272,1.051365,-0.510033,-1.229764,0.481622,-1.879346,0.73987,-2.083863,1.29808,0.635837,-1.772743,0.98416,-0.867284,0.950086,-0.256483,-1.877005,0.962214,-1.073586,-1.609101,0.145932,-0.470992,1.212054,1.192047,1.113644,-1.414185,-1.693232,0.968831,0.99535,1.144591,-1.798445,-1.701162,0.947666,0.638313,1.204434,0.696367,-1.667684,1.09357,0.872603,1.295753,1.260262,-1.743137,1.08594,0.903991,1.482189,-0.755053,-1.717178,1.0539,-1.227801,1.265856,0.361356,-1.883152,0.942316,-1.403968,1.560418,-0.662473,-0.923799,0.443007,-1.910405,1.488531,-1.929411,-0.134473,-2.105514,0.852664,1.302405,-1.138526,1.677015,1.309865,1.250379,1.180407,-2.019839,1.602943,0.917688,0.937119,0.758224,0.865387,-1.740229,0.6612,1.061871,0.93209,1.045643,-1.65448,0.521222,0.715093,0.958208,0.653562,-1.527879,0.931884,-1.255854,1.433184,0.736695,0.154263,1.030717,-1.21397,1.124497,-1.723858,-1.365436,1.028716,2.062802,1.287637,-1.88791,-0.099817,0.342744,1.336028,1.267607,-1.922833,-0.286512,-2.458877,0.76667,1.301539,-0.598784,1.295413,0.944323,1.033638,0.822077,-1.843568,-1.591496,0.878226,0.849036,0.542327,1.364632,1.333886,1.07864,1.121835,0.66208,-1.790221,-2.256266,0.550003,-0.503565,0.332633,0.99397,1.680478,-2.017863,1.647682,-0.805966,-1.377857,1.197087,0.935841,2.184248,1.227863,1.221828,-1.240152,0.991131,1.45819,1.281496,2.34527,-0.802355,1.147004,1.191722,1.209561,-1.400259,1.068791,-2.054379,0.966606,1.153986,2.354381,1.570009,1.004701,0.908152,1.003349,-0.157684,-1.405834,0.764092,0.825116,0.640162,-1.560135,2.205923,0.590724,0.866448,0.379687,-2.026935,0.525983,0.749352,1.52017,-2.057066,-0.81365,1.107507,-1.860638,1.127911,0.451149,-0.606003,0.906483,0.82013,1.872619,1.438301,-1.097471,1.784294,0.851153,1.348353,1.231657,0.54357,-0.532639,0.935049,1.419533,1.30114,-0.977663,1.558102,1.388519,0.956486,1.072245,-1.277895,2.057488,-1.563186,0.963595,1.000722,-1.211603,-0.736076,-0.962907,0.674939,0.705133,1.57832,-1.923441,0.81134,0.585057,0.467461,-1.485352,1.183996,0.871703,1.778389,1.336227,1.283485,1.075455,1.195919,0.490121,0.510151,0.804531,1.541189,0.755417,1.026727,1.482487,2.046244,0.803155,0.674812,-2.165838,1.140741,-0.936093,1.458285,-2.804826,0.700886,1.14544,-1.162802,1.729601,-1.3622,0.753863,1.038379,-0.317856,1.60821,-1.696465,0.310269,0.656868,-0.293726
1131.0,74.9,62.7,8.0,13.0,77942.0,79073.0,-0.24853,-1.914973,1.001682,0.114723,0.186072,0.331305,-1.94272,1.051365,-0.510033,-1.229764,0.481622,-1.879346,0.73987,-2.083863,1.29808,0.635837,-1.772743,0.98416,-0.867284,0.950086,-0.256483,-1.877005,0.962214,-1.073586,-1.609101,0.145932,-0.470992,1.212054,1.192047,1.113644,-1.414185,-1.693232,0.968831,0.99535,1.144591,-1.798445,-1.701162,0.947666,0.638313,1.204434,0.696367,-1.667684,1.09357,0.872603,1.295753,1.260262,-1.743137,1.08594,0.903991,1.482189,-0.755053,-1.717178,1.0539,-1.227801,1.265856,0.361356,-1.883152,0.942316,-1.403968,1.560418,-0.662473,-0.923799,0.443007,-1.910405,1.488531,-1.929411,-0.134473,-2.105514,0.852664,1.302405,-1.138526,1.677015,1.309865,1.250379,1.180407,-2.019839,1.602943,0.917688,0.937119,0.758224,0.865387,-1.740229,0.6612,1.061871,0.93209,1.045643,-1.65448,0.521222,0.715093,0.958208,0.653562,-1.527879,0.931884,-1.255854,1.433184,0.736695,0.154263,1.030717,-1.21397,1.124497,-1.723858,-1.365436,1.028716,2.062802,1.287637,-1.88791,-0.099817,0.342744,1.336028,1.267607,-1.922833,-0.286512,-2.458877,0.76667,1.301539,-0.598784,1.295413,0.944323,1.033638,0.822077,-1.843568,-1.591496,0.878226,0.849036,0.542327,1.364632,1.333886,1.07864,1.121835,0.66208,-1.790221,-2.256266,0.550003,-0.503565,0.332633,0.99397,1.680478,-2.017863,1.647682,-0.805966,-1.377857,1.197087,0.935841,2.184248,1.227863,1.221828,-1.240152,0.991131,1.45819,1.281496,2.34527,-0.802355,1.147004,1.191722,1.209561,-1.400259,1.068791,-2.054379,0.966606,1.153986,2.354381,1.570009,1.004701,0.908152,1.003349,-0.157684,-1.405834,0.764092,0.825116,0.640162,-1.560135,2.205923,0.590724,0.866448,0.379687,-2.026935,0.525983,0.749352,1.52017,-2.057066,-0.81365,1.107507,-1.860638,1.127911,0.451149,-0.606003,0.906483,0.82013,1.872619,1.438301,-1.097471,1.784294,0.851153,1.348353,1.231657,0.54357,-0.532639,0.935049,1.419533,1.30114,-0.977663,1.558102,1.388519,0.956486,1.072245,-1.277895,2.057488,-1.563186,0.963595,1.000722,-1.211603,-0.736076,-0.962907,0.674939,0.705133,1.57832,-1.923441,0.81134,0.585057,0.467461,-1.485352,1.183996,0.871703,1.778389,1.336227,1.283485,1.075455,1.195919,0.490121,0.510151,0.804531,1.541189,0.755417,1.026727,1.482487,2.046244,0.803155,0.674812,-2.165838,1.140741,-0.936093,1.458285,-2.804826,0.700886,1.14544,-1.162802,1.729601,-1.3622,0.753863,1.038379,-0.317856,1.60821,-1.696465,0.310269,0.656868,-0.293726
166.0,71.0,59.6,3.0,5.0,79073.0,79239.0,-0.24853,-1.914973,1.001682,0.114723,0.186072,0.331305,-1.94272,1.051365,-0.510033,-1.229764,0.481622,-1.879346,0.73987,-2.083863,1.29808,0.635837,-1.772743,0.98416,-0.867284,0.950086,-0.256483,-1.877005,0.962214,-1.073586,-1.609101,0.145932,-0.470992,1.212054,1.192047,1.113644,-1.414185,-1.693232,0.968831,0.99535,1.144591,-1.798445,-1.701162,0.947666,0.638313,1.204434,0.696367,-1.667684,1.09357,0.872603,1.295753,1.260262,-1.743137,1.08594,0.903991,1.482189,-0.755053,-1.717178,1.0539,-1.227801,1.265856,0.361356,-1.883152,0.942316,-1.403968,1.560418,-0.662473,-0.923799,0.443007,-1.910405,1.488531,-1.929411,-0.134473,-2.105514,0.852664,1.302405,-1.138526,1.677015,1.309865,1.250379,1.180407,-2.019839,1.602943,0.917688,0.937119,0.758224,0.865387,-1.740229,0.6612,1.061871,0.93209,1.045643,-1.65448,0.521222,0.715093,0.958208,0.653562,-1.527879,0.931884,-1.255854,1.433184,0.736695,0.154263,1.030717,-1.21397,1.124497,-1.723858,-1.365436,1.028716,2.062802,1.287637,-1.88791,-0.099817,0.342744,1.336028,1.267607,-1.922833,-0.286512,-2.458877,0.76667,1.301539,-0.598784,1.295413,0.944323,1.033638,0.822077,-1.843568,-1.591496,0.878226,0.849036,0.542327,1.364632,1.333886,1.07864,1.121835,0.66208,-1.790221,-2.256266,0.550003,-0.503565,0.332633,0.99397,1.680478,-2.017863,1.647682,-0.805966,-1.377857,1.197087,0.935841,2.184248,1.227863,1.221828,-1.240152,0.991131,1.45819,1.281496,2.34527,-0.802355,1.147004,1.191722,1.209561,-1.400259,1.068791,-2.054379,0.966606,1.153986,2.354381,1.570009,1.004701,0.908152,1.003349,-0.157684,-1.405834,0.764092,0.825116,0.640162,-1.560135,2.205923,0.590724,0.866448,0.379687,-2.026935,0.525983,0.749352,1.52017,-2.057066,-0.81365,1.107507,-1.860638,1.127911,0.451149,-0.606003,0.906483,0.82013,1.872619,1.438301,-1.097471,1.784294,0.851153,1.348353,1.231657,0.54357,-0.532639,0.935049,1.419533,1.30114,-0.977663,1.558102,1.388519,0.956486,1.072245,-1.277895,2.057488,-1.563186,0.963595,1.000722,-1.211603,-0.736076,-0.962907,0.674939,0.705133,1.57832,-1.923441,0.81134,0.585057,0.467461,-1.485352,1.183996,0.871703,1.778389,1.336227,1.283485,1.075455,1.195919,0.490121,0.510151,0.804531,1.541189,0.755417,1.026727,1.482487,2.046244,0.803155,0.674812,-2.165838,1.140741,-0.936093,1.458285,-2.804826,0.700886,1.14544,-1.162802,1.729601,-1.3622,0.753863,1.038379,-0.317856,1.60821,-1.696465,0.310269,0.656868,-0.293726
266.0,71.0,59.9,1.0,8.0,79239.0,79505.0,-0.24853,-1.914973,1.001682,0.114723,0.186072,0.331305,-1.94272,1.051365,-0.510033,-1.229764,0.481622,-1.879346,0.73987,-2.083863,1.29808,0.635837,-1.772743,0.98416,-0.867284,0.950086,-0.256483,-1.877005,0.962214,-1.073586,-1.609101,0.145932,-0.470992,1.212054,1.192047,1.113644,-1.414185,-1.693232,0.968831,0.99535,1.144591,-1.798445,-1.701162,0.947666,0.638313,1.204434,0.696367,-1.667684,1.09357,0.872603,1.295753,1.260262,-1.743137,1.08594,0.903991,1.482189,-0.755053,-1.717178,1.0539,-1.227801,1.265856,0.361356,-1.883152,0.942316,-1.403968,1.560418,-0.662473,-0.923799,0.443007,-1.910405,1.488531,-1.929411,-0.134473,-2.105514,0.852664,1.302405,-1.138526,1.677015,1.309865,1.250379,1.180407,-2.019839,1.602943,0.917688,0.937119,0.758224,0.865387,-1.740229,0.6612,1.061871,0.93209,1.045643,-1.65448,0.521222,0.715093,0.958208,0.653562,-1.527879,0.931884,-1.255854,1.433184,0.736695,0.154263,1.030717,-1.21397,1.124497,-1.723858,-1.365436,1.028716,2.062802,1.287637,-1.88791,-0.099817,0.342744,1.336028,1.267607,-1.922833,-0.286512,-2.458877,0.76667,1.301539,-0.598784,1.295413,0.944323,1.033638,0.822077,-1.843568,-1.591496,0.878226,0.849036,0.542327,1.364632,1.333886,1.07864,1.121835,0.66208,-1.790221,-2.256266,0.550003,-0.503565,0.332633,0.99397,1.680478,-2.017863,1.647682,-0.805966,-1.377857,1.197087,0.935841,2.184248,1.227863,1.221828,-1.240152,0.991131,1.45819,1.281496,2.34527,-0.802355,1.147004,1.191722,1.209561,-1.400259,1.068791,-2.054379,0.966606,1.153986,2.354381,1.570009,1.004701,0.908152,1.003349,-0.157684,-1.405834,0.764092,0.825116,0.640162,-1.560135,2.205923,0.590724,0.866448,0.379687,-2.026935,0.525983,0.749352,1.52017,-2.057066,-0.81365,1.107507,-1.860638,1.127911,0.451149,-0.606003,0.906483,0.82013,1.872619,1.438301,-1.097471,1.784294,0.851153,1.348353,1.231657,0.54357,-0.532639,0.935049,1.419533,1.30114,-0.977663,1.558102,1.388519,0.956486,1.072245,-1.277895,2.057488,-1.563186,0.963595,1.000722,-1.211603,-0.736076,-0.962907,0.674939,0.705133,1.57832,-1.923441,0.81134,0.585057,0.467461,-1.485352,1.183996,0.871703,1.778389,1.336227,1.283485,1.075455,1.195919,0.490121,0.510151,0.804531,1.541189,0.755417,1.026727,1.482487,2.046244,0.803155,0.674812,-2.165838,1.140741,-0.936093,1.458285,-2.804826,0.700886,1.14544,-1.162802,1.729601,-1.3622,0.753863,1.038379,-0.317856,1.60821,-1.696465,0.310269,0.656868,-0.293726
232.0,62.6,54.4,6.0,5.0,8997.0,9229.0,-0.24853,-1.914973,1.001682,0.114723,0.186072,0.331305,-1.94272,1.051365,-0.510033,-1.229764,0.481622,-1.879346,0.73987,-2.083863,1.29808,0.635837,-1.772743,0.98416,-0.867284,0.950086,-0.256483,-1.877005,0.962214,-1.073586,-1.609101,0.145932,-0.470992,1.212054,1.192047,1.113644,-1.414185,-1.693232,0.968831,0.99535,1.144591,-1.798445,-1.701162,0.947666,0.638313,1.204434,0.696367,-1.667684,1.09357,0.872603,1.295753,1.260262,-1.743137,1.08594,0.903991,1.482189,-0.755053,-1.717178,1.0539,-1.227801,1.265856,0.361356,-1.883152,0.942316,-1.403968,1.560418,-0.662473,-0.923799,0.443007,-1.910405,1.488531,-1.929411,-0.134473,-2.105514,0.852664,1.302405,-1.138526,1.677015,1.309865,1.250379,1.180407,-2.019839,1.602943,0.917688,0.937119,0.758224,0.865387,-1.740229,0.6612,1.061871,0.93209,1.045643,-1.65448,0.521222,0.715093,0.958208,0.653562,-1.527879,0.931884,-1.255854,1.433184,0.736695,0.154263,1.030717,-1.21397,1.124497,-1.723858,-1.365436,1.028716,2.062802,1.287637,-1.88791,-0.099817,0.342744,1.336028,1.267607,-1.922833,-0.286512,-2.458877,0.76667,1.301539,-0.598784,1.295413,0.944323,1.033638,0.822077,-1.843568,-1.591496,0.878226,0.849036,0.542327,1.364632,1.333886,1.07864,1.121835,0.66208,-1.790221,-2.256266,0.550003,-0.503565,0.332633,0.99397,1.680478,-2.017863,1.647682,-0.805966,-1.377857,1.197087,0.935841,2.184248,1.227863,1.221828,-1.240152,0.991131,1.45819,1.281496,2.34527,-0.802355,1.147004,1.191722,1.209561,-1.400259,1.068791,-2.054379,0.966606,1.153986,2.354381,1.570009,1.004701,0.908152,1.003349,-0.157684,-1.405834,0.764092,0.825116,0.640162,-1.560135,2.205923,0.590724,0.866448,0.379687,-2.026935,0.525983,0.749352,1.52017,-2.057066,-0.81365,1.107507,-1.860638,1.127911,0.451149,-0.606003,0.906483,0.82013,1.872619,1.438301,-1.097471,1.784294,0.851153,1.348353,1.231657,0.54357,-0.532639,0.935049,1.419533,1.30114,-0.977663,1.558102,1.388519,0.956486,1.072245,-1.277895,2.057488,-1.563186,0.963595,1.000722,-1.211603,-0.736076,-0.962907,0.674939,0.705133,1.57832,-1.923441,0.81134,0.585057,0.467461,-1.485352,1.183996,0.871703,1.778389,1.336227,1.283485,1.075455,1.195919,0.490121,0.510151,0.804531,1.541189,0.755417,1.026727,1.482487,2.046244,0.803155,0.674812,-2.165838,1.140741,-0.936093,1.458285,-2.804826,0.700886,1.14544,-1.162802,1.729601,-1.3622,0.753863,1.038379,-0.317856,1.60821,-1.696465,0.310269,0.656868,-0.293726
332.0,74.4,63.7,7.0,7.0,79505.0,79837.0,-0.24853,-1.914973,1.001682,0.114723,0.186072,0.331305,-1.94272,1.051365,-0.510033,-1.229764,0.481622,-1.879346,0.73987,-2.083863,1.29808,0.635837,-1.772743,0.98416,-0.867284,0.950086,-0.256483,-1.877005,0.962214,-1.073586,-1.609101,0.145932,-0.470992,1.212054,1.192047,1.113644,-1.414185,-1.693232,0.968831,0.99535,1.144591,-1.798445,-1.701162,0.947666,0.638313,1.204434,0.696367,-1.667684,1.09357,0.872603,1.295753,1.260262,-1.743137,1.08594,0.903991,1.482189,-0.755053,-1.717178,1.0539,-1.227801,1.265856,0.361356,-1.883152,0.942316,-1.403968,1.560418,-0.662473,-0.923799,0.443007,-1.910405,1.488531,-1.929411,-0.134473,-2.105514,0.852664,1.302405,-1.138526,1.677015,1.309865,1.250379,1.180407,-2.019839,1.602943,0.917688,0.937119,0.758224,0.865387,-1.740229,0.6612,1.061871,0.93209,1.045643,-1.65448,0.521222,0.715093,0.958208,0.653562,-1.527879,0.931884,-1.255854,1.433184,0.736695,0.154263,1.030717,-1.21397,1.124497,-1.723858,-1.365436,1.028716,2.062802,1.287637,-1.88791,-0.099817,0.342744,1.336028,1.267607,-1.922833,-0.286512,-2.458877,0.76667,1.301539,-0.598784,1.295413,0.944323,1.033638,0.822077,-1.843568,-1.591496,0.878226,0.849036,0.542327,1.364632,1.333886,1.07864,1.121835,0.66208,-1.790221,-2.256266,0.550003,-0.503565,0.332633,0.99397,1.680478,-2.017863,1.647682,-0.805966,-1.377857,1.197087,0.935841,2.184248,1.227863,1.221828,-1.240152,0.991131,1.45819,1.281496,2.34527,-0.802355,1.147004,1.191722,1.209561,-1.400259,1.068791,-2.054379,0.966606,1.153986,2.354381,1.570009,1.004701,0.908152,1.003349,-0.157684,-1.405834,0.764092,0.825116,0.640162,-1.560135,2.205923,0.590724,0.866448,0.379687,-2.026935,0.525983,0.749352,1.52017,-2.057066,-0.81365,1.107507,-1.860638,1.127911,0.451149,-0.606003,0.906483,0.82013,1.872619,1.438301,-1.097471,1.784294,0.851153,1.348353,1.231657,0.54357,-0.532639,0.935049,1.419533,1.30114,-0.977663,1.558102,1.388519,0.956486,1.072245,-1.277895,2.057488,-1.563186,0.963595,1.000722,-1.211603,-0.736076,-0.962907,0.674939,0.705133,1.57832,-1.923441,0.81134,0.585057,0.467461,-1.485352,1.183996,0.871703,1.778389,1.336227,1.283485,1.075455,1.195919,0.490121,0.510151,0.804531,1.541189,0.755417,1.026727,1.482487,2.046244,0.803155,0.674812,-2.165838,1.140741,-0.936093,1.458285,-2.804826,0.700886,1.14544,-1.162802,1.729601,-1.3622,0.753863,1.038379,-0.317856,1.60821,-1.696465,0.310269,0.656868,-0.293726
299.0,74.4,62.1,2.0,8.0,79837.0,80136.0,-0.24853,-1.914973,1.001682,0.114723,0.186072,0.331305,-1.94272,1.051365,-0.510033,-1.229764,0.481622,-1.879346,0.73987,-2.083863,1.29808,0.635837,-1.772743,0.98416,-0.867284,0.950086,-0.256483,-1.877005,0.962214,-1.073586,-1.609101,0.145932,-0.470992,1.212054,1.192047,1.113644,-1.414185,-1.693232,0.968831,0.99535,1.144591,-1.798445,-1.701162,0.947666,0.638313,1.204434,0.696367,-1.667684,1.09357,0.872603,1.295753,1.260262,-1.743137,1.08594,0.903991,1.482189,-0.755053,-1.717178,1.0539,-1.227801,1.265856,0.361356,-1.883152,0.942316,-1.403968,1.560418,-0.662473,-0.923799,0.443007,-1.910405,1.488531,-1.929411,-0.134473,-2.105514,0.852664,1.302405,-1.138526,1.677015,1.309865,1.250379,1.180407,-2.019839,1.602943,0.917688,0.937119,0.758224,0.865387,-1.740229,0.6612,1.061871,0.93209,1.045643,-1.65448,0.521222,0.715093,0.958208,0.653562,-1.527879,0.931884,-1.255854,1.433184,0.736695,0.154263,1.030717,-1.21397,1.124497,-1.723858,-1.365436,1.028716,2.062802,1.287637,-1.88791,-0.099817,0.342744,1.336028,1.267607,-1.922833,-0.286512,-2.458877,0.76667,1.301539,-0.598784,1.295413,0.944323,1.033638,0.822077,-1.843568,-1.591496,0.878226,0.849036,0.542327,1.364632,1.333886,1.07864,1.121835,0.66208,-1.790221,-2.256266,0.550003,-0.503565,0.332633,0.99397,1.680478,-2.017863,1.647682,-0.805966,-1.377857,1.197087,0.935841,2.184248,1.227863,1.221828,-1.240152,0.991131,1.45819,1.281496,2.34527,-0.802355,1.147004,1.191722,1.209561,-1.400259,1.068791,-2.054379,0.966606,1.153986,2.354381,1.570009,1.004701,0.908152,1.003349,-0.157684,-1.405834,0.764092,0.825116,0.640162,-1.560135,2.205923,0.590724,0.866448,0.379687,-2.026935,0.525983,0.749352,1.52017,-2.057066,-0.81365,1.107507,-1.860638,1.127911,0.451149,-0.606003,0.906483,0.82013,1.872619,1.438301,-1.097471,1.784294,0.851153,1.348353,1.231657,0.54357,-0.532639,0.935049,1.419533,1.30114,-0.977663,1.558102,1.388519,0.956486,1.072245,-1.277895,2.057488,-1.563186,0.963595,1.000722,-1.211603,-0.736076,-0.962907,0.674939,0.705133,1.57832,-1.923441,0.81134,0.585057,0.467461,-1.485352,1.183996,0.871703,1.778389,1.336227,1.283485,1.075455,1.195919,0.490121,0.510151,0.804531,1.541189,0.755417,1.026727,1.482487,2.046244,0.803155,0.674812,-2.165838,1.140741,-0.936093,1.458285,-2.804826,0.700886,1.14544,-1.162802,1.729601,-1.3622,0.753863,1.038379,-0.317856,1.60821,-1.696465,0.310269,0.656868,-0.293726
299.0,78.1,65.8,2.0,6.0,80136.0,80435.0,0.114861,0.606802,-0.38125,-0.201302,0.985036,0.081689,0.686207,-0.459009,0.07765,0.974496,-0.044473,0.857419,-0.360335,0.488594,-0.257791,-0.070941,0.787509,-0.415907,0.017505,-0.313866,0.458469,0.899378,-0.416436,-0.399929,0.864321,0.28132,0.986433,-0.294398,-0.155355,-0.16794,0.800184,1.201625,-0.277284,-0.06583,-0.205994,0.90284,0.79756,-0.316741,-0.126275,-0.082481,0.002669,0.862253,-0.403878,-0.925373,0.041919,-0.111018,0.976013,-0.438246,-1.200568,0.045227,0.445208,0.804927,-0.462037,0.185037,0.437519,0.196085,1.127531,-0.41935,0.580516,0.026845,0.743992,0.735616,-0.323035,0.936593,-0.089928,0.951403,0.558844,0.649337,0.324615,-0.247933,1.259551,-0.396624,-0.439717,-0.256543,-0.241412,0.820547,-0.28643,-0.209494,-0.008833,0.036713,0.270188,1.360479,-0.23715,-0.071243,0.014984,-0.001769,0.971691,-0.253464,0.36742,0.1469,0.174636,1.472172,-0.404652,0.184407,-0.260376,-0.096379,0.563364,-0.471304,0.540138,-0.011904,1.392254,1.458531,-0.495899,-0.37147,-0.119415,1.283859,0.385725,-0.14518,-0.151284,-0.178484,0.951947,0.649499,0.829922,0.39302,-0.240338,1.025931,-0.178876,-0.204697,-0.03508,0.054667,0.834075,1.520565,-0.404367,0.098371,0.257622,-0.269822,-0.011365,-0.448315,-0.037942,0.250371,0.419862,1.11189,-0.309758,0.777222,0.01969,-0.985697,-0.481752,0.745125,-0.396283,0.121737,0.427432,-0.213445,-0.363377,-0.451773,-0.162677,0.094325,1.572145,-0.152794,-0.385394,-0.193006,-0.729162,0.833936,-0.18995,-0.104799,-0.168535,0.579495,-0.034784,1.506744,0.103895,-0.104605,-0.084599,-0.301823,-0.232953,-0.07954,-0.040312,-0.041671,0.789966,-0.697302,-0.107371,0.126448,0.789765,0.688201,-0.586195,-0.397074,0.233029,1.085814,-0.220716,-0.467075,-1.059506,1.102621,0.007717,0.200475,0.773952,-0.591507,0.593459,-0.150061,-1.009966,-0.140761,-0.681492,-0.427572,0.597187,-0.251721,-0.027839,-0.431153,-0.174607,-1.062378,0.463769,-0.16166,-0.454387,-0.209974,0.270212,-0.478671,-0.397507,0.074496,-0.045597,0.624953,0.216676,0.791293,-0.180364,-0.122648,0.578378,0.602816,-0.75509,-0.113871,0.111933,-0.680813,1.102846,-0.761632,-0.485184,0.25045,0.86151,-0.276298,-0.801372,-0.97532,-0.259211,-0.29306,-0.176586,-0.371158,-0.597088,0.341991,-0.089703,-0.639405,-0.204456,-1.341655,-0.437453,-0.004419,-0.360302,0.033366,1.153072,-0.045663,0.033251,-0.737185,0.782115,0.191881,-0.07593,0.399103,-0.72874,-0.192528,0.220953,0.005104,0.33881,-0.519638,0.736519,0.20982,0.106897,0.329055
732.0,74.2,62.2,8.0,8.0,80435.0,81167.0,-0.24853,-1.914973,1.001682,0.114723,0.186072,0.331305,-1.94272,1.051365,-0.510033,-1.229764,0.481622,-1.879346,0.73987,-2.083863,1.29808,0.635837,-1.772743,0.98416,-0.867284,0.950086,-0.256483,-1.877005,0.962214,-1.073586,-1.609101,0.145932,-0.470992,1.212054,1.192047,1.113644,-1.414185,-1.693232,0.968831,0.99535,1.144591,-1.798445,-1.701162,0.947666,0.638313,1.204434,0.696367,-1.667684,1.09357,0.872603,1.295753,1.260262,-1.743137,1.08594,0.903991,1.482189,-0.755053,-1.717178,1.0539,-1.227801,1.265856,0.361356,-1.883152,0.942316,-1.403968,1.560418,-0.662473,-0.923799,0.443007,-1.910405,1.488531,-1.929411,-0.134473,-2.105514,0.852664,1.302405,-1.138526,1.677015,1.309865,1.250379,1.180407,-2.019839,1.602943,0.917688,0.937119,0.758224,0.865387,-1.740229,0.6612,1.061871,0.93209,1.045643,-1.65448,0.521222,0.715093,0.958208,0.653562,-1.527879,0.931884,-1.255854,1.433184,0.736695,0.154263,1.030717,-1.21397,1.124497,-1.723858,-1.365436,1.028716,2.062802,1.287637,-1.88791,-0.099817,0.342744,1.336028,1.267607,-1.922833,-0.286512,-2.458877,0.76667,1.301539,-0.598784,1.295413,0.944323,1.033638,0.822077,-1.843568,-1.591496,0.878226,0.849036,0.542327,1.364632,1.333886,1.07864,1.121835,0.66208,-1.790221,-2.256266,0.550003,-0.503565,0.332633,0.99397,1.680478,-2.017863,1.647682,-0.805966,-1.377857,1.197087,0.935841,2.184248,1.227863,1.221828,-1.240152,0.991131,1.45819,1.281496,2.34527,-0.802355,1.147004,1.191722,1.209561,-1.400259,1.068791,-2.054379,0.966606,1.153986,2.354381,1.570009,1.004701,0.908152,1.003349,-0.157684,-1.405834,0.764092,0.825116,0.640162,-1.560135,2.205923,0.590724,0.866448,0.379687,-2.026935,0.525983,0.749352,1.52017,-2.057066,-0.81365,1.107507,-1.860638,1.127911,0.451149,-0.606003,0.906483,0.82013,1.872619,1.438301,-1.097471,1.784294,0.851153,1.348353,1.231657,0.54357,-0.532639,0.935049,1.419533,1.30114,-0.977663,1.558102,1.388519,0.956486,1.072245,-1.277895,2.057488,-1.563186,0.963595,1.000722,-1.211603,-0.736076,-0.962907,0.674939,0.705133,1.57832,-1.923441,0.81134,0.585057,0.467461,-1.485352,1.183996,0.871703,1.778389,1.336227,1.283485,1.075455,1.195919,0.490121,0.510151,0.804531,1.541189,0.755417,1.026727,1.482487,2.046244,0.803155,0.674812,-2.165838,1.140741,-0.936093,1.458285,-2.804826,0.700886,1.14544,-1.162802,1.729601,-1.3622,0.753863,1.038379,-0.317856,1.60821,-1.696465,0.310269,0.656868,-0.293726
233.0,74.3,62.6,3.0,3.0,81167.0,81400.0,-0.24853,-1.914973,1.001682,0.114723,0.186072,0.331305,-1.94272,1.051365,-0.510033,-1.229764,0.481622,-1.879346,0.73987,-2.083863,1.29808,0.635837,-1.772743,0.98416,-0.867284,0.950086,-0.256483,-1.877005,0.962214,-1.073586,-1.609101,0.145932,-0.470992,1.212054,1.192047,1.113644,-1.414185,-1.693232,0.968831,0.99535,1.144591,-1.798445,-1.701162,0.947666,0.638313,1.204434,0.696367,-1.667684,1.09357,0.872603,1.295753,1.260262,-1.743137,1.08594,0.903991,1.482189,-0.755053,-1.717178,1.0539,-1.227801,1.265856,0.361356,-1.883152,0.942316,-1.403968,1.560418,-0.662473,-0.923799,0.443007,-1.910405,1.488531,-1.929411,-0.134473,-2.105514,0.852664,1.302405,-1.138526,1.677015,1.309865,1.250379,1.180407,-2.019839,1.602943,0.917688,0.937119,0.758224,0.865387,-1.740229,0.6612,1.061871,0.93209,1.045643,-1.65448,0.521222,0.715093,0.958208,0.653562,-1.527879,0.931884,-1.255854,1.433184,0.736695,0.154263,1.030717,-1.21397,1.124497,-1.723858,-1.365436,1.028716,2.062802,1.287637,-1.88791,-0.099817,0.342744,1.336028,1.267607,-1.922833,-0.286512,-2.458877,0.76667,1.301539,-0.598784,1.295413,0.944323,1.033638,0.822077,-1.843568,-1.591496,0.878226,0.849036,0.542327,1.364632,1.333886,1.07864,1.121835,0.66208,-1.790221,-2.256266,0.550003,-0.503565,0.332633,0.99397,1.680478,-2.017863,1.647682,-0.805966,-1.377857,1.197087,0.935841,2.184248,1.227863,1.221828,-1.240152,0.991131,1.45819,1.281496,2.34527,-0.802355,1.147004,1.191722,1.209561,-1.400259,1.068791,-2.054379,0.966606,1.153986,2.354381,1.570009,1.004701,0.908152,1.003349,-0.157684,-1.405834,0.764092,0.825116,0.640162,-1.560135,2.205923,0.590724,0.866448,0.379687,-2.026935,0.525983,0.749352,1.52017,-2.057066,-0.81365,1.107507,-1.860638,1.127911,0.451149,-0.606003,0.906483,0.82013,1.872619,1.438301,-1.097471,1.784294,0.851153,1.348353,1.231657,0.54357,-0.532639,0.935049,1.419533,1.30114,-0.977663,1.558102,1.388519,0.956486,1.072245,-1.277895,2.057488,-1.563186,0.963595,1.000722,-1.211603,-0.736076,-0.962907,0.674939,0.705133,1.57832,-1.923441,0.81134,0.585057,0.467461,-1.485352,1.183996,0.871703,1.778389,1.336227,1.283485,1.075455,1.195919,0.490121,0.510151,0.804531,1.541189,0.755417,1.026727,1.482487,2.046244,0.803155,0.674812,-2.165838,1.140741,-0.936093,1.458285,-2.804826,0.700886,1.14544,-1.162802,1.729601,-1.3622,0.753863,1.038379,-0.317856,1.60821,-1.696465,0.310269,0.656868,-0.293726
133.0,73.0,62.8,2.0,5.0,81400.0,81533.0,-0.24853,-1.914973,1.001682,0.114723,0.186072,0.331305,-1.94272,1.051365,-0.510033,-1.229764,0.481622,-1.879346,0.73987,-2.083863,1.29808,0.635837,-1.772743,0.98416,-0.867284,0.950086,-0.256483,-1.877005,0.962214,-1.073586,-1.609101,0.145932,-0.470992,1.212054,1.192047,1.113644,-1.414185,-1.693232,0.968831,0.99535,1.144591,-1.798445,-1.701162,0.947666,0.638313,1.204434,0.696367,-1.667684,1.09357,0.872603,1.295753,1.260262,-1.743137,1.08594,0.903991,1.482189,-0.755053,-1.717178,1.0539,-1.227801,1.265856,0.361356,-1.883152,0.942316,-1.403968,1.560418,-0.662473,-0.923799,0.443007,-1.910405,1.488531,-1.929411,-0.134473,-2.105514,0.852664,1.302405,-1.138526,1.677015,1.309865,1.250379,1.180407,-2.019839,1.602943,0.917688,0.937119,0.758224,0.865387,-1.740229,0.6612,1.061871,0.93209,1.045643,-1.65448,0.521222,0.715093,0.958208,0.653562,-1.527879,0.931884,-1.255854,1.433184,0.736695,0.154263,1.030717,-1.21397,1.124497,-1.723858,-1.365436,1.028716,2.062802,1.287637,-1.88791,-0.099817,0.342744,1.336028,1.267607,-1.922833,-0.286512,-2.458877,0.76667,1.301539,-0.598784,1.295413,0.944323,1.033638,0.822077,-1.843568,-1.591496,0.878226,0.849036,0.542327,1.364632,1.333886,1.07864,1.121835,0.66208,-1.790221,-2.256266,0.550003,-0.503565,0.332633,0.99397,1.680478,-2.017863,1.647682,-0.805966,-1.377857,1.197087,0.935841,2.184248,1.227863,1.221828,-1.240152,0.991131,1.45819,1.281496,2.34527,-0.802355,1.147004,1.191722,1.209561,-1.400259,1.068791,-2.054379,0.966606,1.153986,2.354381,1.570009,1.004701,0.908152,1.003349,-0.157684,-1.405834,0.764092,0.825116,0.640162,-1.560135,2.205923,0.590724,0.866448,0.379687,-2.026935,0.525983,0.749352,1.52017,-2.057066,-0.81365,1.107507,-1.860638,1.127911,0.451149,-0.606003,0.906483,0.82013,1.872619,1.438301,-1.097471,1.784294,0.851153,1.348353,1.231657,0.54357,-0.532639,0.935049,1.419533,1.30114,-0.977663,1.558102,1.388519,0.956486,1.072245,-1.277895,2.057488,-1.563186,0.963595,1.000722,-1.211603,-0.736076,-0.962907,0.674939,0.705133,1.57832,-1.923441,0.81134,0.585057,0.467461,-1.485352,1.183996,0.871703,1.778389,1.336227,1.283485,1.075455,1.195919,0.490121,0.510151,0.804531,1.541189,0.755417,1.026727,1.482487,2.046244,0.803155,0.674812,-2.165838,1.140741,-0.936093,1.458285,-2.804826,0.700886,1.14544,-1.162802,1.729601,-1.3622,0.753863,1.038379,-0.317856,1.60821,-1.696465,0.310269,0.656868,-0.293726
233.0,76.9,66.4,3.0,4.0,81533.0,81766.0,-0.24853,-1.914973,1.001682,0.114723,0.186072,0.331305,-1.94272,1.051365,-0.510033,-1.229764,0.481622,-1.879346,0.73987,-2.083863,1.29808,0.635837,-1.772743,0.98416,-0.867284,0.950086,-0.256483,-1.877005,0.962214,-1.073586,-1.609101,0.145932,-0.470992,1.212054,1.192047,1.113644,-1.414185,-1.693232,0.968831,0.99535,1.144591,-1.798445,-1.701162,0.947666,0.638313,1.204434,0.696367,-1.667684,1.09357,0.872603,1.295753,1.260262,-1.743137,1.08594,0.903991,1.482189,-0.755053,-1.717178,1.0539,-1.227801,1.265856,0.361356,-1.883152,0.942316,-1.403968,1.560418,-0.662473,-0.923799,0.443007,-1.910405,1.488531,-1.929411,-0.134473,-2.105514,0.852664,1.302405,-1.138526,1.677015,1.309865,1.250379,1.180407,-2.019839,1.602943,0.917688,0.937119,0.758224,0.865387,-1.740229,0.6612,1.061871,0.93209,1.045643,-1.65448,0.521222,0.715093,0.958208,0.653562,-1.527879,0.931884,-1.255854,1.433184,0.736695,0.154263,1.030717,-1.21397,1.124497,-1.723858,-1.365436,1.028716,2.062802,1.287637,-1.88791,-0.099817,0.342744,1.336028,1.267607,-1.922833,-0.286512,-2.458877,0.76667,1.301539,-0.598784,1.295413,0.944323,1.033638,0.822077,-1.843568,-1.591496,0.878226,0.849036,0.542327,1.364632,1.333886,1.07864,1.121835,0.66208,-1.790221,-2.256266,0.550003,-0.503565,0.332633,0.99397,1.680478,-2.017863,1.647682,-0.805966,-1.377857,1.197087,0.935841,2.184248,1.227863,1.221828,-1.240152,0.991131,1.45819,1.281496,2.34527,-0.802355,1.147004,1.191722,1.209561,-1.400259,1.068791,-2.054379,0.966606,1.153986,2.354381,1.570009,1.004701,0.908152,1.003349,-0.157684,-1.405834,0.764092,0.825116,0.640162,-1.560135,2.205923,0.590724,0.866448,0.379687,-2.026935,0.525983,0.749352,1.52017,-2.057066,-0.81365,1.107507,-1.860638,1.127911,0.451149,-0.606003,0.906483,0.82013,1.872619,1.438301,-1.097471,1.784294,0.851153,1.348353,1.231657,0.54357,-0.532639,0.935049,1.419533,1.30114,-0.977663,1.558102,1.388519,0.956486,1.072245,-1.277895,2.057488,-1.563186,0.963595,1.000722,-1.211603,-0.736076,-0.962907,0.674939,0.705133,1.57832,-1.923441,0.81134,0.585057,0.467461,-1.485352,1.183996,0.871703,1.778389,1.336227,1.283485,1.075455,1.195919,0.490121,0.510151,0.804531,1.541189,0.755417,1.026727,1.482487,2.046244,0.803155,0.674812,-2.165838,1.140741,-0.936093,1.458285,-2.804826,0.700886,1.14544,-1.162802,1.729601,-1.3622,0.753863,1.038379,-0.317856,1.60821,-1.696465,0.310269,0.656868,-0.293726
100.0,80.0,69.7,2.0,1.0,81766.0,81866.0,-0.24853,-1.914973,1.001682,0.114723,0.186072,0.331305,-1.94272,1.051365,-0.510033,-1.229764,0.481622,-1.879346,0.73987,-2.083863,1.29808,0.635837,-1.772743,0.98416,-0.867284,0.950086,-0.256483,-1.877005,0.962214,-1.073586,-1.609101,0.145932,-0.470992,1.212054,1.192047,1.113644,-1.414185,-1.693232,0.968831,0.99535,1.144591,-1.798445,-1.701162,0.947666,0.638313,1.204434,0.696367,-1.667684,1.09357,0.872603,1.295753,1.260262,-1.743137,1.08594,0.903991,1.482189,-0.755053,-1.717178,1.0539,-1.227801,1.265856,0.361356,-1.883152,0.942316,-1.403968,1.560418,-0.662473,-0.923799,0.443007,-1.910405,1.488531,-1.929411,-0.134473,-2.105514,0.852664,1.302405,-1.138526,1.677015,1.309865,1.250379,1.180407,-2.019839,1.602943,0.917688,0.937119,0.758224,0.865387,-1.740229,0.6612,1.061871,0.93209,1.045643,-1.65448,0.521222,0.715093,0.958208,0.653562,-1.527879,0.931884,-1.255854,1.433184,0.736695,0.154263,1.030717,-1.21397,1.124497,-1.723858,-1.365436,1.028716,2.062802,1.287637,-1.88791,-0.099817,0.342744,1.336028,1.267607,-1.922833,-0.286512,-2.458877,0.76667,1.301539,-0.598784,1.295413,0.944323,1.033638,0.822077,-1.843568,-1.591496,0.878226,0.849036,0.542327,1.364632,1.333886,1.07864,1.121835,0.66208,-1.790221,-2.256266,0.550003,-0.503565,0.332633,0.99397,1.680478,-2.017863,1.647682,-0.805966,-1.377857,1.197087,0.935841,2.184248,1.227863,1.221828,-1.240152,0.991131,1.45819,1.281496,2.34527,-0.802355,1.147004,1.191722,1.209561,-1.400259,1.068791,-2.054379,0.966606,1.153986,2.354381,1.570009,1.004701,0.908152,1.003349,-0.157684,-1.405834,0.764092,0.825116,0.640162,-1.560135,2.205923,0.590724,0.866448,0.379687,-2.026935,0.525983,0.749352,1.52017,-2.057066,-0.81365,1.107507,-1.860638,1.127911,0.451149,-0.606003,0.906483,0.82013,1.872619,1.438301,-1.097471,1.784294,0.851153,1.348353,1.231657,0.54357,-0.532639,0.935049,1.419533,1.30114,-0.977663,1.558102,1.388519,0.956486,1.072245,-1.277895,2.057488,-1.563186,0.963595,1.000722,-1.211603,-0.736076,-0.962907,0.674939,0.705133,1.57832,-1.923441,0.81134,0.585057,0.467461,-1.485352,1.183996,0.871703,1.778389,1.336227,1.283485,1.075455,1.195919,0.490121,0.510151,0.804531,1.541189,0.755417,1.026727,1.482487,2.046244,0.803155,0.674812,-2.165838,1.140741,-0.936093,1.458285,-2.804826,0.700886,1.14544,-1.162802,1.729601,-1.3622,0.753863,1.038379,-0.317856,1.60821,-1.696465,0.310269,0.656868,-0.293726
232.0,79.3,66.0,11.0,3.0,81866.0,82098.0,-0.24853,-1.914973,1.001682,0.114723,0.186072,0.331305,-1.94272,1.051365,-0.510033,-1.229764,0.481622,-1.879346,0.73987,-2.083863,1.29808,0.635837,-1.772743,0.98416,-0.867284,0.950086,-0.256483,-1.877005,0.962214,-1.073586,-1.609101,0.145932,-0.470992,1.212054,1.192047,1.113644,-1.414185,-1.693232,0.968831,0.99535,1.144591,-1.798445,-1.701162,0.947666,0.638313,1.204434,0.696367,-1.667684,1.09357,0.872603,1.295753,1.260262,-1.743137,1.08594,0.903991,1.482189,-0.755053,-1.717178,1.0539,-1.227801,1.265856,0.361356,-1.883152,0.942316,-1.403968,1.560418,-0.662473,-0.923799,0.443007,-1.910405,1.488531,-1.929411,-0.134473,-2.105514,0.852664,1.302405,-1.138526,1.677015,1.309865,1.250379,1.180407,-2.019839,1.602943,0.917688,0.937119,0.758224,0.865387,-1.740229,0.6612,1.061871,0.93209,1.045643,-1.65448,0.521222,0.715093,0.958208,0.653562,-1.527879,0.931884,-1.255854,1.433184,0.736695,0.154263,1.030717,-1.21397,1.124497,-1.723858,-1.365436,1.028716,2.062802,1.287637,-1.88791,-0.099817,0.342744,1.336028,1.267607,-1.922833,-0.286512,-2.458877,0.76667,1.301539,-0.598784,1.295413,0.944323,1.033638,0.822077,-1.843568,-1.591496,0.878226,0.849036,0.542327,1.364632,1.333886,1.07864,1.121835,0.66208,-1.790221,-2.256266,0.550003,-0.503565,0.332633,0.99397,1.680478,-2.017863,1.647682,-0.805966,-1.377857,1.197087,0.935841,2.184248,1.227863,1.221828,-1.240152,0.991131,1.45819,1.281496,2.34527,-0.802355,1.147004,1.191722,1.209561,-1.400259,1.068791,-2.054379,0.966606,1.153986,2.354381,1.570009,1.004701,0.908152,1.003349,-0.157684,-1.405834,0.764092,0.825116,0.640162,-1.560135,2.205923,0.590724,0.866448,0.379687,-2.026935,0.525983,0.749352,1.52017,-2.057066,-0.81365,1.107507,-1.860638,1.127911,0.451149,-0.606003,0.906483,0.82013,1.872619,1.438301,-1.097471,1.784294,0.851153,1.348353,1.231657,0.54357,-0.532639,0.935049,1.419533,1.30114,-0.977663,1.558102,1.388519,0.956486,1.072245,-1.277895,2.057488,-1.563186,0.963595,1.000722,-1.211603,-0.736076,-0.962907,0.674939,0.705133,1.57832,-1.923441,0.81134,0.585057,0.467461,-1.485352,1.183996,0.871703,1.778389,1.336227,1.283485,1.075455,1.195919,0.490121,0.510151,0.804531,1.541189,0.755417,1.026727,1.482487,2.046244,0.803155,0.674812,-2.165838,1.140741,-0.936093,1.458285,-2.804826,0.700886,1.14544,-1.162802,1.729601,-1.3622,0.753863,1.038379,-0.317856,1.60821,-1.696465,0.310269,0.656868,-0.293726
132.0,84.0,70.0,23.0,2.0,82098.0,82230.0,-0.24853,-1.914973,1.001682,0.114723,0.186072,0.331305,-1.94272,1.051365,-0.510033,-1.229764,0.481622,-1.879346,0.73987,-2.083863,1.29808,0.635837,-1.772743,0.98416,-0.867284,0.950086,-0.256483,-1.877005,0.962214,-1.073586,-1.609101,0.145932,-0.470992,1.212054,1.192047,1.113644,-1.414185,-1.693232,0.968831,0.99535,1.144591,-1.798445,-1.701162,0.947666,0.638313,1.204434,0.696367,-1.667684,1.09357,0.872603,1.295753,1.260262,-1.743137,1.08594,0.903991,1.482189,-0.755053,-1.717178,1.0539,-1.227801,1.265856,0.361356,-1.883152,0.942316,-1.403968,1.560418,-0.662473,-0.923799,0.443007,-1.910405,1.488531,-1.929411,-0.134473,-2.105514,0.852664,1.302405,-1.138526,1.677015,1.309865,1.250379,1.180407,-2.019839,1.602943,0.917688,0.937119,0.758224,0.865387,-1.740229,0.6612,1.061871,0.93209,1.045643,-1.65448,0.521222,0.715093,0.958208,0.653562,-1.527879,0.931884,-1.255854,1.433184,0.736695,0.154263,1.030717,-1.21397,1.124497,-1.723858,-1.365436,1.028716,2.062802,1.287637,-1.88791,-0.099817,0.342744,1.336028,1.267607,-1.922833,-0.286512,-2.458877,0.76667,1.301539,-0.598784,1.295413,0.944323,1.033638,0.822077,-1.843568,-1.591496,0.878226,0.849036,0.542327,1.364632,1.333886,1.07864,1.121835,0.66208,-1.790221,-2.256266,0.550003,-0.503565,0.332633,0.99397,1.680478,-2.017863,1.647682,-0.805966,-1.377857,1.197087,0.935841,2.184248,1.227863,1.221828,-1.240152,0.991131,1.45819,1.281496,2.34527,-0.802355,1.147004,1.191722,1.209561,-1.400259,1.068791,-2.054379,0.966606,1.153986,2.354381,1.570009,1.004701,0.908152,1.003349,-0.157684,-1.405834,0.764092,0.825116,0.640162,-1.560135,2.205923,0.590724,0.866448,0.379687,-2.026935,0.525983,0.749352,1.52017,-2.057066,-0.81365,1.107507,-1.860638,1.127911,0.451149,-0.606003,0.906483,0.82013,1.872619,1.438301,-1.097471,1.784294,0.851153,1.348353,1.231657,0.54357,-0.532639,0.935049,1.419533,1.30114,-0.977663,1.558102,1.388519,0.956486,1.072245,-1.277895,2.057488,-1.563186,0.963595,1.000722,-1.211603,-0.736076,-0.962907,0.674939,0.705133,1.57832,-1.923441,0.81134,0.585057,0.467461,-1.485352,1.183996,0.871703,1.778389,1.336227,1.283485,1.075455,1.195919,0.490121,0.510151,0.804531,1.541189,0.755417,1.026727,1.482487,2.046244,0.803155,0.674812,-2.165838,1.140741,-0.936093,1.458285,-2.804826,0.700886,1.14544,-1.162802,1.729601,-1.3622,0.753863,1.038379,-0.317856,1.60821,-1.696465,0.310269,0.656868,-0.293726
232.0,63.0,54.7,3.0,5.0,9229.0,9461.0,-0.24853,-1.914973,1.001682,0.114723,0.186072,0.331305,-1.94272,1.051365,-0.510033,-1.229764,0.481622,-1.879346,0.73987,-2.083863,1.29808,0.635837,-1.772743,0.98416,-0.867284,0.950086,-0.256483,-1.877005,0.962214,-1.073586,-1.609101,0.145932,-0.470992,1.212054,1.192047,1.113644,-1.414185,-1.693232,0.968831,0.99535,1.144591,-1.798445,-1.701162,0.947666,0.638313,1.204434,0.696367,-1.667684,1.09357,0.872603,1.295753,1.260262,-1.743137,1.08594,0.903991,1.482189,-0.755053,-1.717178,1.0539,-1.227801,1.265856,0.361356,-1.883152,0.942316,-1.403968,1.560418,-0.662473,-0.923799,0.443007,-1.910405,1.488531,-1.929411,-0.134473,-2.105514,0.852664,1.302405,-1.138526,1.677015,1.309865,1.250379,1.180407,-2.019839,1.602943,0.917688,0.937119,0.758224,0.865387,-1.740229,0.6612,1.061871,0.93209,1.045643,-1.65448,0.521222,0.715093,0.958208,0.653562,-1.527879,0.931884,-1.255854,1.433184,0.736695,0.154263,1.030717,-1.21397,1.124497,-1.723858,-1.365436,1.028716,2.062802,1.287637,-1.88791,-0.099817,0.342744,1.336028,1.267607,-1.922833,-0.286512,-2.458877,0.76667,1.301539,-0.598784,1.295413,0.944323,1.033638,0.822077,-1.843568,-1.591496,0.878226,0.849036,0.542327,1.364632,1.333886,1.07864,1.121835,0.66208,-1.790221,-2.256266,0.550003,-0.503565,0.332633,0.99397,1.680478,-2.017863,1.647682,-0.805966,-1.377857,1.197087,0.935841,2.184248,1.227863,1.221828,-1.240152,0.991131,1.45819,1.281496,2.34527,-0.802355,1.147004,1.191722,1.209561,-1.400259,1.068791,-2.054379,0.966606,1.153986,2.354381,1.570009,1.004701,0.908152,1.003349,-0.157684,-1.405834,0.764092,0.825116,0.640162,-1.560135,2.205923,0.590724,0.866448,0.379687,-2.026935,0.525983,0.749352,1.52017,-2.057066,-0.81365,1.107507,-1.860638,1.127911,0.451149,-0.606003,0.906483,0.82013,1.872619,1.438301,-1.097471,1.784294,0.851153,1.348353,1.231657,0.54357,-0.532639,0.935049,1.419533,1.30114,-0.977663,1.558102,1.388519,0.956486,1.072245,-1.277895,2.057488,-1.563186,0.963595,1.000722,-1.211603,-0.736076,-0.962907,0.674939,0.705133,1.57832,-1.923441,0.81134,0.585057,0.467461,-1.485352,1.183996,0.871703,1.778389,1.336227,1.283485,1.075455,1.195919,0.490121,0.510151,0.804531,1.541189,0.755417,1.026727,1.482487,2.046244,0.803155,0.674812,-2.165838,1.140741,-0.936093,1.458285,-2.804826,0.700886,1.14544,-1.162802,1.729601,-1.3622,0.753863,1.038379,-0.317856,1.60821,-1.696465,0.310269,0.656868,-0.293726
100.0,85.7,71.0,7.0,7.0,82230.0,82330.0,-0.24853,-1.914973,1.001682,0.114723,0.186072,0.331305,-1.94272,1.051365,-0.510033,-1.229764,0.481622,-1.879346,0.73987,-2.083863,1.29808,0.635837,-1.772743,0.98416,-0.867284,0.950086,-0.256483,-1.877005,0.962214,-1.073586,-1.609101,0.145932,-0.470992,1.212054,1.192047,1.113644,-1.414185,-1.693232,0.968831,0.99535,1.144591,-1.798445,-1.701162,0.947666,0.638313,1.204434,0.696367,-1.667684,1.09357,0.872603,1.295753,1.260262,-1.743137,1.08594,0.903991,1.482189,-0.755053,-1.717178,1.0539,-1.227801,1.265856,0.361356,-1.883152,0.942316,-1.403968,1.560418,-0.662473,-0.923799,0.443007,-1.910405,1.488531,-1.929411,-0.134473,-2.105514,0.852664,1.302405,-1.138526,1.677015,1.309865,1.250379,1.180407,-2.019839,1.602943,0.917688,0.937119,0.758224,0.865387,-1.740229,0.6612,1.061871,0.93209,1.045643,-1.65448,0.521222,0.715093,0.958208,0.653562,-1.527879,0.931884,-1.255854,1.433184,0.736695,0.154263,1.030717,-1.21397,1.124497,-1.723858,-1.365436,1.028716,2.062802,1.287637,-1.88791,-0.099817,0.342744,1.336028,1.267607,-1.922833,-0.286512,-2.458877,0.76667,1.301539,-0.598784,1.295413,0.944323,1.033638,0.822077,-1.843568,-1.591496,0.878226,0.849036,0.542327,1.364632,1.333886,1.07864,1.121835,0.66208,-1.790221,-2.256266,0.550003,-0.503565,0.332633,0.99397,1.680478,-2.017863,1.647682,-0.805966,-1.377857,1.197087,0.935841,2.184248,1.227863,1.221828,-1.240152,0.991131,1.45819,1.281496,2.34527,-0.802355,1.147004,1.191722,1.209561,-1.400259,1.068791,-2.054379,0.966606,1.153986,2.354381,1.570009,1.004701,0.908152,1.003349,-0.157684,-1.405834,0.764092,0.825116,0.640162,-1.560135,2.205923,0.590724,0.866448,0.379687,-2.026935,0.525983,0.749352,1.52017,-2.057066,-0.81365,1.107507,-1.860638,1.127911,0.451149,-0.606003,0.906483,0.82013,1.872619,1.438301,-1.097471,1.784294,0.851153,1.348353,1.231657,0.54357,-0.532639,0.935049,1.419533,1.30114,-0.977663,1.558102,1.388519,0.956486,1.072245,-1.277895,2.057488,-1.563186,0.963595,1.000722,-1.211603,-0.736076,-0.962907,0.674939,0.705133,1.57832,-1.923441,0.81134,0.585057,0.467461,-1.485352,1.183996,0.871703,1.778389,1.336227,1.283485,1.075455,1.195919,0.490121,0.510151,0.804531,1.541189,0.755417,1.026727,1.482487,2.046244,0.803155,0.674812,-2.165838,1.140741,-0.936093,1.458285,-2.804826,0.700886,1.14544,-1.162802,1.729601,-1.3622,0.753863,1.038379,-0.317856,1.60821,-1.696465,0.310269,0.656868,-0.293726
133.0,84.0,68.5,15.0,27.0,82330.0,82463.0,-0.24853,-1.914973,1.001682,0.114723,0.186072,0.331305,-1.94272,1.051365,-0.510033,-1.229764,0.481622,-1.879346,0.73987,-2.083863,1.29808,0.635837,-1.772743,0.98416,-0.867284,0.950086,-0.256483,-1.877005,0.962214,-1.073586,-1.609101,0.145932,-0.470992,1.212054,1.192047,1.113644,-1.414185,-1.693232,0.968831,0.99535,1.144591,-1.798445,-1.701162,0.947666,0.638313,1.204434,0.696367,-1.667684,1.09357,0.872603,1.295753,1.260262,-1.743137,1.08594,0.903991,1.482189,-0.755053,-1.717178,1.0539,-1.227801,1.265856,0.361356,-1.883152,0.942316,-1.403968,1.560418,-0.662473,-0.923799,0.443007,-1.910405,1.488531,-1.929411,-0.134473,-2.105514,0.852664,1.302405,-1.138526,1.677015,1.309865,1.250379,1.180407,-2.019839,1.602943,0.917688,0.937119,0.758224,0.865387,-1.740229,0.6612,1.061871,0.93209,1.045643,-1.65448,0.521222,0.715093,0.958208,0.653562,-1.527879,0.931884,-1.255854,1.433184,0.736695,0.154263,1.030717,-1.21397,1.124497,-1.723858,-1.365436,1.028716,2.062802,1.287637,-1.88791,-0.099817,0.342744,1.336028,1.267607,-1.922833,-0.286512,-2.458877,0.76667,1.301539,-0.598784,1.295413,0.944323,1.033638,0.822077,-1.843568,-1.591496,0.878226,0.849036,0.542327,1.364632,1.333886,1.07864,1.121835,0.66208,-1.790221,-2.256266,0.550003,-0.503565,0.332633,0.99397,1.680478,-2.017863,1.647682,-0.805966,-1.377857,1.197087,0.935841,2.184248,1.227863,1.221828,-1.240152,0.991131,1.45819,1.281496,2.34527,-0.802355,1.147004,1.191722,1.209561,-1.400259,1.068791,-2.054379,0.966606,1.153986,2.354381,1.570009,1.004701,0.908152,1.003349,-0.157684,-1.405834,0.764092,0.825116,0.640162,-1.560135,2.205923,0.590724,0.866448,0.379687,-2.026935,0.525983,0.749352,1.52017,-2.057066,-0.81365,1.107507,-1.860638,1.127911,0.451149,-0.606003,0.906483,0.82013,1.872619,1.438301,-1.097471,1.784294,0.851153,1.348353,1.231657,0.54357,-0.532639,0.935049,1.419533,1.30114,-0.977663,1.558102,1.388519,0.956486,1.072245,-1.277895,2.057488,-1.563186,0.963595,1.000722,-1.211603,-0.736076,-0.962907,0.674939,0.705133,1.57832,-1.923441,0.81134,0.585057,0.467461,-1.485352,1.183996,0.871703,1.778389,1.336227,1.283485,1.075455,1.195919,0.490121,0.510151,0.804531,1.541189,0.755417,1.026727,1.482487,2.046244,0.803155,0.674812,-2.165838,1.140741,-0.936093,1.458285,-2.804826,0.700886,1.14544,-1.162802,1.729601,-1.3622,0.753863,1.038379,-0.317856,1.60821,-1.696465,0.310269,0.656868,-0.293726
199.0,81.5,65.8,30.0,15.0,82463.0,82662.0,-0.24853,-1.914973,1.001682,0.114723,0.186072,0.331305,-1.94272,1.051365,-0.510033,-1.229764,0.481622,-1.879346,0.73987,-2.083863,1.29808,0.635837,-1.772743,0.98416,-0.867284,0.950086,-0.256483,-1.877005,0.962214,-1.073586,-1.609101,0.145932,-0.470992,1.212054,1.192047,1.113644,-1.414185,-1.693232,0.968831,0.99535,1.144591,-1.798445,-1.701162,0.947666,0.638313,1.204434,0.696367,-1.667684,1.09357,0.872603,1.295753,1.260262,-1.743137,1.08594,0.903991,1.482189,-0.755053,-1.717178,1.0539,-1.227801,1.265856,0.361356,-1.883152,0.942316,-1.403968,1.560418,-0.662473,-0.923799,0.443007,-1.910405,1.488531,-1.929411,-0.134473,-2.105514,0.852664,1.302405,-1.138526,1.677015,1.309865,1.250379,1.180407,-2.019839,1.602943,0.917688,0.937119,0.758224,0.865387,-1.740229,0.6612,1.061871,0.93209,1.045643,-1.65448,0.521222,0.715093,0.958208,0.653562,-1.527879,0.931884,-1.255854,1.433184,0.736695,0.154263,1.030717,-1.21397,1.124497,-1.723858,-1.365436,1.028716,2.062802,1.287637,-1.88791,-0.099817,0.342744,1.336028,1.267607,-1.922833,-0.286512,-2.458877,0.76667,1.301539,-0.598784,1.295413,0.944323,1.033638,0.822077,-1.843568,-1.591496,0.878226,0.849036,0.542327,1.364632,1.333886,1.07864,1.121835,0.66208,-1.790221,-2.256266,0.550003,-0.503565,0.332633,0.99397,1.680478,-2.017863,1.647682,-0.805966,-1.377857,1.197087,0.935841,2.184248,1.227863,1.221828,-1.240152,0.991131,1.45819,1.281496,2.34527,-0.802355,1.147004,1.191722,1.209561,-1.400259,1.068791,-2.054379,0.966606,1.153986,2.354381,1.570009,1.004701,0.908152,1.003349,-0.157684,-1.405834,0.764092,0.825116,0.640162,-1.560135,2.205923,0.590724,0.866448,0.379687,-2.026935,0.525983,0.749352,1.52017,-2.057066,-0.81365,1.107507,-1.860638,1.127911,0.451149,-0.606003,0.906483,0.82013,1.872619,1.438301,-1.097471,1.784294,0.851153,1.348353,1.231657,0.54357,-0.532639,0.935049,1.419533,1.30114,-0.977663,1.558102,1.388519,0.956486,1.072245,-1.277895,2.057488,-1.563186,0.963595,1.000722,-1.211603,-0.736076,-0.962907,0.674939,0.705133,1.57832,-1.923441,0.81134,0.585057,0.467461,-1.485352,1.183996,0.871703,1.778389,1.336227,1.283485,1.075455,1.195919,0.490121,0.510151,0.804531,1.541189,0.755417,1.026727,1.482487,2.046244,0.803155,0.674812,-2.165838,1.140741,-0.936093,1.458285,-2.804826,0.700886,1.14544,-1.162802,1.729601,-1.3622,0.753863,1.038379,-0.317856,1.60821,-1.696465,0.310269,0.656868,-0.293726
100.0,81.3,63.7,11.0,10.0,82662.0,82762.0,0.146997,0.615825,-0.357878,-0.172488,1.027313,0.107662,0.702692,-0.437997,0.107629,0.988673,-0.019649,0.88378,-0.33703,0.484978,-0.240266,-0.047618,0.785747,-0.39651,0.008818,-0.313485,0.482467,0.899194,-0.396118,-0.413738,0.865238,0.305412,0.978595,-0.275213,-0.137747,-0.150347,0.823362,1.198543,-0.256812,-0.048555,-0.189855,0.9197,0.789326,-0.297089,-0.105448,-0.067414,0.023043,0.854728,-0.386238,-0.898513,0.058699,-0.093845,0.967305,-0.420893,-1.175102,0.061863,0.472189,0.795275,-0.443955,0.177282,0.446747,0.217045,1.139934,-0.399594,0.570267,0.033976,0.774609,0.774345,-0.299163,0.917937,-0.08035,0.967149,0.596111,0.70334,0.337604,-0.234878,1.265385,-0.383623,-0.423994,-0.242652,-0.226833,0.819764,-0.272185,-0.189899,0.006213,0.052732,0.287065,1.362128,-0.215784,-0.056875,0.030056,0.015085,0.969525,-0.231053,0.384292,0.162821,0.191406,1.472051,-0.387615,0.175708,-0.247777,-0.075726,0.590015,-0.454511,0.525462,-0.001092,1.402051,1.475318,-0.476723,-0.381336,-0.107246,1.304132,0.414113,-0.115164,-0.139351,-0.165555,0.967493,0.68757,0.878278,0.406219,-0.227291,1.051321,-0.162315,-0.187982,-0.019533,0.069464,0.829784,1.536584,-0.386311,0.113922,0.273212,-0.244679,0.006227,-0.434053,-0.023789,0.265875,0.413078,1.119103,-0.290719,0.802754,0.036133,-0.964028,-0.471966,0.749338,-0.378017,0.101489,0.42018,-0.194405,-0.34711,-0.45063,-0.149567,0.119882,1.602673,-0.137487,-0.376232,-0.180126,-0.709965,0.863296,-0.173304,-0.092949,-0.15555,0.592869,-0.011515,1.521264,0.117195,-0.092782,-0.066601,-0.289311,-0.212423,-0.063359,-0.02629,-0.033509,0.78597,-0.680051,-0.090247,0.14609,0.775663,0.713168,-0.568708,-0.387699,0.251545,1.086971,-0.198274,-0.451244,-1.066762,1.105899,-0.000448,0.206159,0.765505,-0.607806,0.617559,-0.173706,-0.99538,-0.124033,-0.672402,-0.417408,0.580215,-0.265309,-0.011534,-0.420503,-0.160946,-1.062207,0.48795,-0.147902,-0.443367,-0.197468,0.268799,-0.463792,-0.383849,0.088566,-0.032,0.615793,0.212385,0.848139,-0.163538,-0.106322,0.567959,0.590176,-0.707816,-0.100785,0.130118,-0.68449,1.100718,-0.741851,-0.471576,0.272117,0.860693,-0.257822,-0.790143,-0.972451,-0.245471,-0.276769,-0.163167,-0.356812,-0.625384,0.363773,-0.078813,-0.632715,-0.191403,-1.353153,-0.425182,-0.011879,-0.340736,0.04442,1.136184,-0.032337,0.023629,-0.728822,0.774666,0.202508,-0.062846,0.415774,-0.716044,-0.209106,0.235627,0.018775,0.322691,-0.508956,0.771998,0.232881,0.127858,0.312526
199.0,79.5,65.7,31.0,36.0,82762.0,82961.0,-0.24853,-1.914973,1.001682,0.114723,0.186072,0.331305,-1.94272,1.051365,-0.510033,-1.229764,0.481622,-1.879346,0.73987,-2.083863,1.29808,0.635837,-1.772743,0.98416,-0.867284,0.950086,-0.256483,-1.877005,0.962214,-1.073586,-1.609101,0.145932,-0.470992,1.212054,1.192047,1.113644,-1.414185,-1.693232,0.968831,0.99535,1.144591,-1.798445,-1.701162,0.947666,0.638313,1.204434,0.696367,-1.667684,1.09357,0.872603,1.295753,1.260262,-1.743137,1.08594,0.903991,1.482189,-0.755053,-1.717178,1.0539,-1.227801,1.265856,0.361356,-1.883152,0.942316,-1.403968,1.560418,-0.662473,-0.923799,0.443007,-1.910405,1.488531,-1.929411,-0.134473,-2.105514,0.852664,1.302405,-1.138526,1.677015,1.309865,1.250379,1.180407,-2.019839,1.602943,0.917688,0.937119,0.758224,0.865387,-1.740229,0.6612,1.061871,0.93209,1.045643,-1.65448,0.521222,0.715093,0.958208,0.653562,-1.527879,0.931884,-1.255854,1.433184,0.736695,0.154263,1.030717,-1.21397,1.124497,-1.723858,-1.365436,1.028716,2.062802,1.287637,-1.88791,-0.099817,0.342744,1.336028,1.267607,-1.922833,-0.286512,-2.458877,0.76667,1.301539,-0.598784,1.295413,0.944323,1.033638,0.822077,-1.843568,-1.591496,0.878226,0.849036,0.542327,1.364632,1.333886,1.07864,1.121835,0.66208,-1.790221,-2.256266,0.550003,-0.503565,0.332633,0.99397,1.680478,-2.017863,1.647682,-0.805966,-1.377857,1.197087,0.935841,2.184248,1.227863,1.221828,-1.240152,0.991131,1.45819,1.281496,2.34527,-0.802355,1.147004,1.191722,1.209561,-1.400259,1.068791,-2.054379,0.966606,1.153986,2.354381,1.570009,1.004701,0.908152,1.003349,-0.157684,-1.405834,0.764092,0.825116,0.640162,-1.560135,2.205923,0.590724,0.866448,0.379687,-2.026935,0.525983,0.749352,1.52017,-2.057066,-0.81365,1.107507,-1.860638,1.127911,0.451149,-0.606003,0.906483,0.82013,1.872619,1.438301,-1.097471,1.784294,0.851153,1.348353,1.231657,0.54357,-0.532639,0.935049,1.419533,1.30114,-0.977663,1.558102,1.388519,0.956486,1.072245,-1.277895,2.057488,-1.563186,0.963595,1.000722,-1.211603,-0.736076,-0.962907,0.674939,0.705133,1.57832,-1.923441,0.81134,0.585057,0.467461,-1.485352,1.183996,0.871703,1.778389,1.336227,1.283485,1.075455,1.195919,0.490121,0.510151,0.804531,1.541189,0.755417,1.026727,1.482487,2.046244,0.803155,0.674812,-2.165838,1.140741,-0.936093,1.458285,-2.804826,0.700886,1.14544,-1.162802,1.729601,-1.3622,0.753863,1.038379,-0.317856,1.60821,-1.696465,0.310269,0.656868,-0.293726
132.0,83.5,73.3,6.0,11.0,82961.0,83093.0,-0.24853,-1.914973,1.001682,0.114723,0.186072,0.331305,-1.94272,1.051365,-0.510033,-1.229764,0.481622,-1.879346,0.73987,-2.083863,1.29808,0.635837,-1.772743,0.98416,-0.867284,0.950086,-0.256483,-1.877005,0.962214,-1.073586,-1.609101,0.145932,-0.470992,1.212054,1.192047,1.113644,-1.414185,-1.693232,0.968831,0.99535,1.144591,-1.798445,-1.701162,0.947666,0.638313,1.204434,0.696367,-1.667684,1.09357,0.872603,1.295753,1.260262,-1.743137,1.08594,0.903991,1.482189,-0.755053,-1.717178,1.0539,-1.227801,1.265856,0.361356,-1.883152,0.942316,-1.403968,1.560418,-0.662473,-0.923799,0.443007,-1.910405,1.488531,-1.929411,-0.134473,-2.105514,0.852664,1.302405,-1.138526,1.677015,1.309865,1.250379,1.180407,-2.019839,1.602943,0.917688,0.937119,0.758224,0.865387,-1.740229,0.6612,1.061871,0.93209,1.045643,-1.65448,0.521222,0.715093,0.958208,0.653562,-1.527879,0.931884,-1.255854,1.433184,0.736695,0.154263,1.030717,-1.21397,1.124497,-1.723858,-1.365436,1.028716,2.062802,1.287637,-1.88791,-0.099817,0.342744,1.336028,1.267607,-1.922833,-0.286512,-2.458877,0.76667,1.301539,-0.598784,1.295413,0.944323,1.033638,0.822077,-1.843568,-1.591496,0.878226,0.849036,0.542327,1.364632,1.333886,1.07864,1.121835,0.66208,-1.790221,-2.256266,0.550003,-0.503565,0.332633,0.99397,1.680478,-2.017863,1.647682,-0.805966,-1.377857,1.197087,0.935841,2.184248,1.227863,1.221828,-1.240152,0.991131,1.45819,1.281496,2.34527,-0.802355,1.147004,1.191722,1.209561,-1.400259,1.068791,-2.054379,0.966606,1.153986,2.354381,1.570009,1.004701,0.908152,1.003349,-0.157684,-1.405834,0.764092,0.825116,0.640162,-1.560135,2.205923,0.590724,0.866448,0.379687,-2.026935,0.525983,0.749352,1.52017,-2.057066,-0.81365,1.107507,-1.860638,1.127911,0.451149,-0.606003,0.906483,0.82013,1.872619,1.438301,-1.097471,1.784294,0.851153,1.348353,1.231657,0.54357,-0.532639,0.935049,1.419533,1.30114,-0.977663,1.558102,1.388519,0.956486,1.072245,-1.277895,2.057488,-1.563186,0.963595,1.000722,-1.211603,-0.736076,-0.962907,0.674939,0.705133,1.57832,-1.923441,0.81134,0.585057,0.467461,-1.485352,1.183996,0.871703,1.778389,1.336227,1.283485,1.075455,1.195919,0.490121,0.510151,0.804531,1.541189,0.755417,1.026727,1.482487,2.046244,0.803155,0.674812,-2.165838,1.140741,-0.936093,1.458285,-2.804826,0.700886,1.14544,-1.162802,1.729601,-1.3622,0.753863,1.038379,-0.317856,1.60821,-1.696465,0.310269,0.656868,-0.293726
266.0,83.4,72.8,19.0,14.0,83093.0,83359.0,-0.24853,-1.914973,1.001682,0.114723,0.186072,0.331305,-1.94272,1.051365,-0.510033,-1.229764,0.481622,-1.879346,0.73987,-2.083863,1.29808,0.635837,-1.772743,0.98416,-0.867284,0.950086,-0.256483,-1.877005,0.962214,-1.073586,-1.609101,0.145932,-0.470992,1.212054,1.192047,1.113644,-1.414185,-1.693232,0.968831,0.99535,1.144591,-1.798445,-1.701162,0.947666,0.638313,1.204434,0.696367,-1.667684,1.09357,0.872603,1.295753,1.260262,-1.743137,1.08594,0.903991,1.482189,-0.755053,-1.717178,1.0539,-1.227801,1.265856,0.361356,-1.883152,0.942316,-1.403968,1.560418,-0.662473,-0.923799,0.443007,-1.910405,1.488531,-1.929411,-0.134473,-2.105514,0.852664,1.302405,-1.138526,1.677015,1.309865,1.250379,1.180407,-2.019839,1.602943,0.917688,0.937119,0.758224,0.865387,-1.740229,0.6612,1.061871,0.93209,1.045643,-1.65448,0.521222,0.715093,0.958208,0.653562,-1.527879,0.931884,-1.255854,1.433184,0.736695,0.154263,1.030717,-1.21397,1.124497,-1.723858,-1.365436,1.028716,2.062802,1.287637,-1.88791,-0.099817,0.342744,1.336028,1.267607,-1.922833,-0.286512,-2.458877,0.76667,1.301539,-0.598784,1.295413,0.944323,1.033638,0.822077,-1.843568,-1.591496,0.878226,0.849036,0.542327,1.364632,1.333886,1.07864,1.121835,0.66208,-1.790221,-2.256266,0.550003,-0.503565,0.332633,0.99397,1.680478,-2.017863,1.647682,-0.805966,-1.377857,1.197087,0.935841,2.184248,1.227863,1.221828,-1.240152,0.991131,1.45819,1.281496,2.34527,-0.802355,1.147004,1.191722,1.209561,-1.400259,1.068791,-2.054379,0.966606,1.153986,2.354381,1.570009,1.004701,0.908152,1.003349,-0.157684,-1.405834,0.764092,0.825116,0.640162,-1.560135,2.205923,0.590724,0.866448,0.379687,-2.026935,0.525983,0.749352,1.52017,-2.057066,-0.81365,1.107507,-1.860638,1.127911,0.451149,-0.606003,0.906483,0.82013,1.872619,1.438301,-1.097471,1.784294,0.851153,1.348353,1.231657,0.54357,-0.532639,0.935049,1.419533,1.30114,-0.977663,1.558102,1.388519,0.956486,1.072245,-1.277895,2.057488,-1.563186,0.963595,1.000722,-1.211603,-0.736076,-0.962907,0.674939,0.705133,1.57832,-1.923441,0.81134,0.585057,0.467461,-1.485352,1.183996,0.871703,1.778389,1.336227,1.283485,1.075455,1.195919,0.490121,0.510151,0.804531,1.541189,0.755417,1.026727,1.482487,2.046244,0.803155,0.674812,-2.165838,1.140741,-0.936093,1.458285,-2.804826,0.700886,1.14544,-1.162802,1.729601,-1.3622,0.753863,1.038379,-0.317856,1.60821,-1.696465,0.310269,0.656868,-0.293726
100.0,85.3,74.3,2.0,3.0,83359.0,83459.0,-0.24853,-1.914973,1.001682,0.114723,0.186072,0.331305,-1.94272,1.051365,-0.510033,-1.229764,0.481622,-1.879346,0.73987,-2.083863,1.29808,0.635837,-1.772743,0.98416,-0.867284,0.950086,-0.256483,-1.877005,0.962214,-1.073586,-1.609101,0.145932,-0.470992,1.212054,1.192047,1.113644,-1.414185,-1.693232,0.968831,0.99535,1.144591,-1.798445,-1.701162,0.947666,0.638313,1.204434,0.696367,-1.667684,1.09357,0.872603,1.295753,1.260262,-1.743137,1.08594,0.903991,1.482189,-0.755053,-1.717178,1.0539,-1.227801,1.265856,0.361356,-1.883152,0.942316,-1.403968,1.560418,-0.662473,-0.923799,0.443007,-1.910405,1.488531,-1.929411,-0.134473,-2.105514,0.852664,1.302405,-1.138526,1.677015,1.309865,1.250379,1.180407,-2.019839,1.602943,0.917688,0.937119,0.758224,0.865387,-1.740229,0.6612,1.061871,0.93209,1.045643,-1.65448,0.521222,0.715093,0.958208,0.653562,-1.527879,0.931884,-1.255854,1.433184,0.736695,0.154263,1.030717,-1.21397,1.124497,-1.723858,-1.365436,1.028716,2.062802,1.287637,-1.88791,-0.099817,0.342744,1.336028,1.267607,-1.922833,-0.286512,-2.458877,0.76667,1.301539,-0.598784,1.295413,0.944323,1.033638,0.822077,-1.843568,-1.591496,0.878226,0.849036,0.542327,1.364632,1.333886,1.07864,1.121835,0.66208,-1.790221,-2.256266,0.550003,-0.503565,0.332633,0.99397,1.680478,-2.017863,1.647682,-0.805966,-1.377857,1.197087,0.935841,2.184248,1.227863,1.221828,-1.240152,0.991131,1.45819,1.281496,2.34527,-0.802355,1.147004,1.191722,1.209561,-1.400259,1.068791,-2.054379,0.966606,1.153986,2.354381,1.570009,1.004701,0.908152,1.003349,-0.157684,-1.405834,0.764092,0.825116,0.640162,-1.560135,2.205923,0.590724,0.866448,0.379687,-2.026935,0.525983,0.749352,1.52017,-2.057066,-0.81365,1.107507,-1.860638,1.127911,0.451149,-0.606003,0.906483,0.82013,1.872619,1.438301,-1.097471,1.784294,0.851153,1.348353,1.231657,0.54357,-0.532639,0.935049,1.419533,1.30114,-0.977663,1.558102,1.388519,0.956486,1.072245,-1.277895,2.057488,-1.563186,0.963595,1.000722,-1.211603,-0.736076,-0.962907,0.674939,0.705133,1.57832,-1.923441,0.81134,0.585057,0.467461,-1.485352,1.183996,0.871703,1.778389,1.336227,1.283485,1.075455,1.195919,0.490121,0.510151,0.804531,1.541189,0.755417,1.026727,1.482487,2.046244,0.803155,0.674812,-2.165838,1.140741,-0.936093,1.458285,-2.804826,0.700886,1.14544,-1.162802,1.729601,-1.3622,0.753863,1.038379,-0.317856,1.60821,-1.696465,0.310269,0.656868,-0.293726
132.0,86.8,76.8,6.0,2.0,83459.0,83591.0,-1.016737,1.04222,-1.261677,1.936989,-1.434234,-1.529444,0.660019,-1.182982,-0.615542,1.102014,-1.407844,-0.102881,-1.25177,1.378916,-1.385861,-1.594545,1.097753,-1.369097,1.901999,-1.787601,-1.440323,0.830626,-1.338273,2.207748,1.391591,-1.926375,1.679771,-1.389848,-1.508248,-1.539766,-1.421137,0.962814,-1.432959,-1.633555,-1.557441,-0.707032,1.069172,-1.418738,-1.437692,-1.645548,-1.684534,0.949764,-1.371667,-0.273423,-1.581122,-1.658341,0.853241,-1.382191,0.652017,-1.428502,-1.544533,0.870638,-1.353286,1.83735,-1.346067,-1.681902,0.146068,-1.37931,1.523711,-1.294233,-1.367527,-1.292782,-1.321065,0.746818,-1.546842,0.920481,-1.575101,0.208469,-1.805262,-1.570337,-1.893191,-1.043542,-1.264183,-1.538834,-1.553162,0.595099,-1.164295,-1.456624,-1.768227,-1.755549,-1.899804,0.349302,-1.472245,-1.698936,-1.755156,-1.864477,0.72093,-1.450129,-1.900144,-1.786255,-1.886927,0.122095,-1.431322,1.578356,-1.388383,-1.584087,-1.73337,-1.36671,1.263872,-1.5914,-0.16486,-0.403084,-1.341351,-0.820424,-1.579792,0.346437,-1.723247,-1.450567,-1.657841,-1.618081,0.925268,-1.564747,0.441957,-1.839117,-1.57485,-2.086493,-1.376458,-1.524298,-1.745522,-1.824973,0.686685,-0.966031,-1.337771,-1.807065,-1.875979,-1.581221,-1.583117,-1.373146,-1.67031,-1.869286,1.306728,-0.033949,-1.454765,-1.903514,-1.827946,-0.58261,-1.072465,0.023744,-1.195406,1.709145,1.643644,-1.620816,-1.49698,-1.107048,-1.602207,-1.238931,-0.956263,-1.70387,-1.497807,-1.633408,0.4711,-1.626125,-1.618917,-1.735395,-1.69192,1.64198,-1.46996,0.038343,-1.847845,-1.708644,-1.573797,-1.131075,-1.485633,-1.692624,-1.756307,1.140409,1.361981,-0.979715,-1.592793,-1.775957,0.744958,-0.385046,-1.156604,-1.211514,-1.836636,-0.088718,-1.279478,-1.358496,-0.316,-0.750028,1.819124,-1.732356,0.833751,1.453316,-1.84145,1.442844,-1.040807,-1.668886,-0.934492,-1.460291,1.287841,-0.502083,-1.752046,-1.366523,-1.634255,2.081905,-1.766071,-1.587595,-1.246888,-1.6346,1.663535,-1.156846,-1.394352,-1.863062,-1.797577,1.18111,0.088569,-0.485386,-1.575609,-1.646233,1.124335,1.473912,1.065765,-1.593532,-1.755883,-1.019782,0.789572,-0.960077,-0.690058,-1.759542,-1.270624,-1.367828,-0.551968,-0.262025,-1.515107,-1.387577,-1.535795,-1.21874,1.98099,-1.990175,-1.637919,-1.111703,-1.390019,1.284525,-1.312006,0.527964,-1.32821,-1.744168,0.100389,-1.780001,1.749843,-0.991323,0.130614,-1.837286,-1.74749,1.645205,-0.861692,1.457814,-1.916661,-1.813444,1.470297,-1.095615,-0.528074,-1.627671,-1.70918,1.474151
98.0,87.7,76.0,8.0,3.0,83591.0,83689.0,0.184531,0.626456,-0.330815,-0.139843,1.069728,0.136822,0.722658,-0.413086,0.137442,1.002113,0.007763,0.913218,-0.310132,0.478768,-0.220346,-0.021086,0.781596,-0.37307,-0.002084,-0.310269,0.507137,0.896231,-0.371291,-0.429796,0.865913,0.330231,0.962858,-0.25333,-0.11809,-0.130096,0.847798,1.192093,-0.232905,-0.028796,-0.171017,0.935747,0.777873,-0.273801,-0.082578,-0.050258,0.045267,0.844814,-0.365021,-0.864602,0.077707,-0.074838,0.954673,-0.399801,-1.14527,0.081135,0.500863,0.782258,-0.421828,0.16548,0.454811,0.238287,1.150767,-0.375535,0.555654,0.039279,0.804909,0.816848,-0.270833,0.89539,-0.070525,0.979918,0.637752,0.759446,0.348857,-0.219178,1.264974,-0.366056,-0.405716,-0.226243,-0.209578,0.817207,-0.255067,-0.167324,0.023841,0.071171,0.304691,1.3616,-0.19057,-0.041307,0.047197,0.034027,0.967198,-0.204007,0.399953,0.180735,0.208499,1.467697,-0.367075,0.165081,-0.233055,-0.052904,0.619081,-0.434302,0.506109,0.009903,1.405948,1.489254,-0.453896,-0.394152,-0.093673,1.319676,0.444869,-0.081015,-0.1255,-0.1507,0.98009,0.730012,0.927844,0.417482,-0.211643,1.076737,-0.1426,-0.168473,-0.001683,0.086839,0.824257,1.55523,-0.364852,0.131304,0.290678,-0.215312,0.026569,-0.41685,-0.008757,0.282584,0.406687,1.127755,-0.267774,0.822992,0.05681,-0.939157,-0.460724,0.757834,-0.358567,0.075838,0.407752,-0.170762,-0.328061,-0.450458,-0.134741,0.145682,1.633665,-0.12037,-0.365055,-0.165005,-0.691057,0.898678,-0.155035,-0.079063,-0.140159,0.605014,0.015602,1.530746,0.132225,-0.079288,-0.050778,-0.275314,-0.18873,-0.04468,-0.010047,-0.016035,0.779456,-0.658491,-0.071182,0.168459,0.756911,0.737136,-0.547183,-0.378865,0.271755,1.086642,-0.171946,-0.431542,-1.076695,1.107774,-0.01044,0.210671,0.754071,-0.6266,0.646931,-0.196828,-0.973258,-0.104636,-0.660847,-0.404679,0.556955,-0.282439,0.006514,-0.407249,-0.14508,-1.056425,0.518215,-0.132926,-0.430414,-0.183074,0.265486,-0.445341,-0.367567,0.104775,-0.016143,0.602825,0.201954,0.913159,-0.143953,-0.087176,0.555951,0.573508,-0.646387,-0.086089,0.150837,-0.689602,1.09409,-0.714575,-0.45734,0.296287,0.852876,-0.236423,-0.777319,-0.968777,-0.229971,-0.258027,-0.148107,-0.34084,-0.663308,0.391614,-0.066916,-0.623027,-0.176583,-1.364651,-0.410292,-0.023808,-0.315541,0.056163,1.115932,-0.016516,0.013059,-0.715509,0.765506,0.213232,-0.047701,0.432456,-0.698801,-0.232856,0.252076,0.034564,0.300097,-0.49566,0.818474,0.258152,0.151926,0.289552
133.0,66.3,54.3,5.0,3.0,9461.0,9594.0,-0.24853,-1.914973,1.001682,0.114723,0.186072,0.331305,-1.94272,1.051365,-0.510033,-1.229764,0.481622,-1.879346,0.73987,-2.083863,1.29808,0.635837,-1.772743,0.98416,-0.867284,0.950086,-0.256483,-1.877005,0.962214,-1.073586,-1.609101,0.145932,-0.470992,1.212054,1.192047,1.113644,-1.414185,-1.693232,0.968831,0.99535,1.144591,-1.798445,-1.701162,0.947666,0.638313,1.204434,0.696367,-1.667684,1.09357,0.872603,1.295753,1.260262,-1.743137,1.08594,0.903991,1.482189,-0.755053,-1.717178,1.0539,-1.227801,1.265856,0.361356,-1.883152,0.942316,-1.403968,1.560418,-0.662473,-0.923799,0.443007,-1.910405,1.488531,-1.929411,-0.134473,-2.105514,0.852664,1.302405,-1.138526,1.677015,1.309865,1.250379,1.180407,-2.019839,1.602943,0.917688,0.937119,0.758224,0.865387,-1.740229,0.6612,1.061871,0.93209,1.045643,-1.65448,0.521222,0.715093,0.958208,0.653562,-1.527879,0.931884,-1.255854,1.433184,0.736695,0.154263,1.030717,-1.21397,1.124497,-1.723858,-1.365436,1.028716,2.062802,1.287637,-1.88791,-0.099817,0.342744,1.336028,1.267607,-1.922833,-0.286512,-2.458877,0.76667,1.301539,-0.598784,1.295413,0.944323,1.033638,0.822077,-1.843568,-1.591496,0.878226,0.849036,0.542327,1.364632,1.333886,1.07864,1.121835,0.66208,-1.790221,-2.256266,0.550003,-0.503565,0.332633,0.99397,1.680478,-2.017863,1.647682,-0.805966,-1.377857,1.197087,0.935841,2.184248,1.227863,1.221828,-1.240152,0.991131,1.45819,1.281496,2.34527,-0.802355,1.147004,1.191722,1.209561,-1.400259,1.068791,-2.054379,0.966606,1.153986,2.354381,1.570009,1.004701,0.908152,1.003349,-0.157684,-1.405834,0.764092,0.825116,0.640162,-1.560135,2.205923,0.590724,0.866448,0.379687,-2.026935,0.525983,0.749352,1.52017,-2.057066,-0.81365,1.107507,-1.860638,1.127911,0.451149,-0.606003,0.906483,0.82013,1.872619,1.438301,-1.097471,1.784294,0.851153,1.348353,1.231657,0.54357,-0.532639,0.935049,1.419533,1.30114,-0.977663,1.558102,1.388519,0.956486,1.072245,-1.277895,2.057488,-1.563186,0.963595,1.000722,-1.211603,-0.736076,-0.962907,0.674939,0.705133,1.57832,-1.923441,0.81134,0.585057,0.467461,-1.485352,1.183996,0.871703,1.778389,1.336227,1.283485,1.075455,1.195919,0.490121,0.510151,0.804531,1.541189,0.755417,1.026727,1.482487,2.046244,0.803155,0.674812,-2.165838,1.140741,-0.936093,1.458285,-2.804826,0.700886,1.14544,-1.162802,1.729601,-1.3622,0.753863,1.038379,-0.317856,1.60821,-1.696465,0.310269,0.656868,-0.293726
399.0,87.8,77.5,30.0,5.0,83689.0,84088.0,0.234388,0.640579,-0.294868,-0.096481,1.126067,0.175554,0.749179,-0.379997,0.177042,1.019967,0.044172,0.952321,-0.274405,0.470519,-0.193887,0.014157,0.776082,-0.341935,-0.016564,-0.305997,0.539906,0.892296,-0.338313,-0.451125,0.866809,0.363198,0.941955,-0.224263,-0.091979,-0.103196,0.880256,1.183525,-0.201149,-0.002549,-0.145994,0.957063,0.762659,-0.242868,-0.0522,-0.02747,0.074786,0.831645,-0.336838,-0.81956,0.102955,-0.049592,0.937895,-0.371784,-1.105644,0.106733,0.53895,0.764968,-0.392437,0.149805,0.465522,0.266502,1.165155,-0.343578,0.536244,0.046322,0.845158,0.873304,-0.233204,0.865442,-0.057475,0.99688,0.693063,0.83397,0.363804,-0.198323,1.264429,-0.342722,-0.381438,-0.204446,-0.186657,0.81381,-0.232328,-0.137337,0.047255,0.095665,0.328103,1.360899,-0.157079,-0.020628,0.069964,0.059186,0.964106,-0.168082,0.420754,0.20453,0.231203,1.461913,-0.339792,0.150966,-0.213499,-0.02259,0.657688,-0.407459,0.480403,0.024508,1.411124,1.507766,-0.423576,-0.411175,-0.075645,1.340323,0.485721,-0.035655,-0.107103,-0.130969,0.996824,0.786386,0.99368,0.432443,-0.190858,1.110497,-0.116412,-0.14256,0.022026,0.109918,0.816916,1.579996,-0.336348,0.154394,0.313877,-0.176305,0.053588,-0.393999,0.01121,0.304779,0.398198,1.139248,-0.237297,0.849873,0.084275,-0.906121,-0.445791,0.769119,-0.332733,0.041766,0.391244,-0.139357,-0.302758,-0.45023,-0.115047,0.179953,1.674831,-0.097635,-0.35021,-0.14492,-0.665942,0.945675,-0.130768,-0.060619,-0.119715,0.621145,0.051621,1.54334,0.15219,-0.061364,-0.029759,-0.256724,-0.15726,-0.019868,0.011527,0.007175,0.770804,-0.629854,-0.045859,0.198172,0.732003,0.768972,-0.518592,-0.36713,0.2986,1.086206,-0.136974,-0.405371,-1.089889,1.110265,-0.023711,0.216664,0.738883,-0.651563,0.685946,-0.227541,-0.943874,-0.078872,-0.6455,-0.387772,0.526059,-0.305192,0.030488,-0.389645,-0.124005,-1.048744,0.558415,-0.113034,-0.413208,-0.163954,0.261084,-0.420832,-0.345939,0.126307,0.00492,0.585601,0.188099,0.999523,-0.117939,-0.061746,0.540001,0.551368,-0.564793,-0.066568,0.178357,-0.696393,1.085288,-0.678345,-0.438432,0.328392,0.842492,-0.207998,-0.760284,-0.963898,-0.209384,-0.233133,-0.128103,-0.319626,-0.713681,0.428594,-0.051113,-0.610158,-0.156898,-1.379924,-0.390514,-0.039654,-0.282075,0.071761,1.089031,0.004497,-0.000981,-0.697826,0.75334,0.227476,-0.027584,0.454615,-0.675898,-0.264404,0.273926,0.055536,0.270086,-0.477998,0.880206,0.291719,0.183894,0.259036
232.0,87.6,74.6,8.0,10.0,84088.0,84320.0,0.29069,0.656526,-0.254275,-0.047513,1.189689,0.219293,0.779128,-0.34263,0.221761,1.040128,0.085289,0.996479,-0.234058,0.461203,-0.164007,0.053956,0.769855,-0.306775,-0.032916,-0.301173,0.576911,0.887852,-0.301073,-0.475212,0.867822,0.400426,0.918349,-0.191439,-0.062493,-0.072819,0.916909,1.173849,-0.165288,0.02709,-0.117736,0.981134,0.74548,-0.207935,-0.017894,-0.001736,0.108121,0.816773,-0.305012,-0.768694,0.131468,-0.021083,0.918948,-0.340145,-1.060895,0.13564,0.58196,0.745443,-0.359247,0.132102,0.477618,0.298364,1.181404,-0.307489,0.514324,0.054276,0.890609,0.937058,-0.19071,0.831622,-0.042738,1.016034,0.755524,0.918129,0.380683,-0.174772,1.263814,-0.316371,-0.354021,-0.179832,-0.160773,0.809975,-0.206651,-0.103474,0.073696,0.123324,0.354542,1.360107,-0.119259,0.002723,0.095674,0.087598,0.960615,-0.127513,0.444245,0.2314,0.256843,1.455381,-0.308981,0.135027,-0.191416,0.011643,0.701287,-0.377145,0.451374,0.041001,1.41697,1.528671,-0.389337,-0.430399,-0.055285,1.363639,0.531854,0.015569,-0.086328,-0.108687,1.01572,0.850048,1.068028,0.449337,-0.167385,1.148622,-0.08684,-0.113296,0.048801,0.135981,0.808626,1.607965,-0.30416,0.180468,0.340075,-0.132254,0.084101,-0.368194,0.033758,0.329843,0.388612,1.152227,-0.202881,0.88023,0.115291,-0.868814,-0.428927,0.781862,-0.303559,0.003289,0.372602,-0.103891,-0.274185,-0.449973,-0.092808,0.218653,1.72132,-0.07196,-0.333444,-0.122238,-0.63758,0.998748,-0.103365,-0.03979,-0.096628,0.639361,0.092297,1.557563,0.174736,-0.041123,-0.006024,-0.23573,-0.121721,0.008151,0.03589,0.033385,0.761034,-0.597515,-0.017262,0.231726,0.703875,0.804924,-0.486304,-0.353879,0.328915,1.085713,-0.097482,-0.375817,-1.10479,1.113078,-0.038697,0.223432,0.721731,-0.679754,0.730004,-0.262224,-0.910691,-0.049777,-0.628169,-0.368679,0.491169,-0.330887,0.057561,-0.369766,-0.100207,-1.040071,0.603812,-0.090571,-0.393778,-0.142362,0.256114,-0.393155,-0.321515,0.150621,0.028705,0.566149,0.172453,1.097052,-0.088562,-0.033028,0.521989,0.526366,-0.472651,-0.044524,0.209435,-0.704061,1.075347,-0.637431,-0.417079,0.364648,0.830765,-0.175899,-0.741047,-0.958389,-0.186135,-0.205021,-0.105513,-0.295669,-0.770567,0.470356,-0.033266,-0.595626,-0.134668,-1.397171,-0.36818,-0.057548,-0.244283,0.089376,1.058652,0.028227,-0.016836,-0.677856,0.7396,0.243561,-0.004866,0.479638,-0.650033,-0.30003,0.2986,0.07922,0.236195,-0.458054,0.949918,0.329625,0.219995,0.224575
266.0,81.8,66.0,17.0,7.0,84320.0,84586.0,0.353627,0.674353,-0.208897,0.007225,1.260809,0.268187,0.812606,-0.300859,0.27175,1.062665,0.131251,1.045841,-0.188956,0.450789,-0.130606,0.098444,0.762895,-0.267472,-0.051196,-0.29578,0.618278,0.882884,-0.259444,-0.502138,0.868954,0.442041,0.891961,-0.154746,-0.029532,-0.038862,0.957882,1.163033,-0.125201,0.060223,-0.086148,1.008042,0.726275,-0.168887,0.020454,0.02703,0.145385,0.800149,-0.269435,-0.711834,0.16334,0.010787,0.897767,-0.304777,-1.010873,0.167954,0.630039,0.723617,-0.322146,0.112314,0.49114,0.333982,1.199568,-0.267148,0.489822,0.063167,0.941416,1.008326,-0.143208,0.793816,-0.026264,1.037445,0.825346,1.012206,0.399551,-0.148446,1.263125,-0.286916,-0.323374,-0.152317,-0.131839,0.805687,-0.177947,-0.06562,0.103253,0.154243,0.384097,1.359221,-0.076982,0.028827,0.124414,0.119359,0.956713,-0.082163,0.470504,0.261438,0.285504,1.44808,-0.27454,0.117209,-0.16673,0.04991,0.750023,-0.343259,0.418924,0.059437,1.423504,1.552039,-0.351062,-0.451889,-0.032526,1.389702,0.583424,0.072829,-0.063104,-0.083779,1.036843,0.921212,1.151138,0.468223,-0.141147,1.191239,-0.053782,-0.080584,0.07873,0.165115,0.799359,1.639229,-0.268178,0.209614,0.369361,-0.083013,0.118209,-0.339349,0.058963,0.35786,0.377896,1.166735,-0.164408,0.914164,0.149962,-0.827111,-0.410076,0.796108,-0.270947,-0.039722,0.351764,-0.064247,-0.242244,-0.449685,-0.067947,0.261914,1.773287,-0.043259,-0.314704,-0.096884,-0.605876,1.058075,-0.072732,-0.016506,-0.07082,0.659724,0.137767,1.573463,0.199938,-0.018496,0.020509,-0.212261,-0.081994,0.039473,0.063125,0.062684,0.750112,-0.561365,0.014705,0.269234,0.672433,0.845113,-0.450211,-0.339066,0.362803,1.085162,-0.053335,-0.34278,-1.121445,1.116223,-0.05545,0.230997,0.702558,-0.711267,0.779254,-0.300995,-0.873598,-0.017253,-0.608796,-0.347336,0.452167,-0.359609,0.087825,-0.347543,-0.073603,-1.030375,0.654559,-0.06546,-0.372058,-0.118225,0.250558,-0.362217,-0.294213,0.177801,0.055294,0.544406,0.154963,1.206074,-0.055724,-0.000925,0.501854,0.498418,-0.36965,-0.019882,0.244175,-0.712634,1.064234,-0.591696,-0.39321,0.405176,0.817657,-0.140018,-0.719543,-0.95223,-0.160146,-0.173596,-0.080262,-0.268889,-0.834156,0.517038,-0.013317,-0.579382,-0.109819,-1.416451,-0.343213,-0.077551,-0.202038,0.109066,1.024694,0.054754,-0.034559,-0.655533,0.724242,0.261542,0.020529,0.50761,-0.621121,-0.339854,0.326182,0.105695,0.198311,-0.435758,1.027846,0.371998,0.260351,0.186053
133.0,79.8,67.0,0.0,3.0,84586.0,84719.0,0.416858,0.690933,-0.163976,0.063033,1.330247,0.316826,0.845216,-0.258603,0.323667,1.084244,0.176728,1.093273,-0.143685,0.442491,-0.096792,0.142975,0.754024,-0.228269,-0.069851,-0.286047,0.658956,0.876672,-0.217773,-0.527348,0.866863,0.481898,0.858497,-0.11909,0.002425,-0.00517,0.997059,1.148727,-0.085841,0.092491,-0.054884,1.03421,0.705715,-0.130298,0.057117,0.054853,0.182129,0.782493,-0.23392,-0.656321,0.193374,0.042127,0.875688,-0.269359,-0.963952,0.198508,0.677293,0.701184,-0.284993,0.090897,0.502722,0.36849,1.216219,-0.22683,0.464241,0.071767,0.989274,1.076434,-0.095737,0.750419,-0.010377,1.055013,0.891546,1.098771,0.416831,-0.122381,1.259461,-0.259353,-0.293419,-0.124902,-0.103049,0.799979,-0.150976,-0.028958,0.132315,0.184786,0.412191,1.35508,-0.035671,0.053909,0.152511,0.150273,0.950679,-0.037247,0.49226,0.290011,0.313198,1.439264,-0.239979,0.097815,-0.142579,0.08763,0.797714,-0.30925,0.3851,0.077069,1.427267,1.572671,-0.312953,-0.475789,-0.010183,1.410444,0.632385,0.128646,-0.040357,-0.059152,1.054159,0.988535,1.226957,0.485414,-0.115177,1.229611,-0.023163,-0.048157,0.108287,0.193928,0.789295,1.668052,-0.232333,0.238051,0.397859,-0.03544,0.151165,-0.310547,0.083156,0.384955,0.367267,1.17946,-0.126507,0.942721,0.184582,-0.78295,-0.390548,0.80962,-0.239911,-0.081403,0.329531,-0.025509,-0.210272,-0.45005,-0.043387,0.301492,1.819669,-0.014776,-0.29581,-0.071629,-0.577158,1.116082,-0.042917,0.006603,-0.045097,0.676267,0.18154,1.583505,0.224523,0.003902,0.042778,-0.190393,-0.043105,0.070401,0.089996,0.092323,0.736962,-0.525051,0.045795,0.305682,0.639016,0.878764,-0.4141,-0.325029,0.395396,1.084624,-0.010124,-0.309619,-1.138082,1.119147,-0.071203,0.238235,0.682505,-0.743405,0.829548,-0.337311,-0.836083,0.015066,-0.589742,-0.325694,0.41232,-0.387671,0.117527,-0.325223,-0.047309,-1.020081,0.703849,-0.040994,-0.350616,-0.094547,0.242891,-0.331935,-0.266951,0.204585,0.0816,0.521098,0.130262,1.30964,-0.023363,0.030853,0.480979,0.467301,-0.270851,0.00462,0.277975,-0.721036,1.049369,-0.545016,-0.370169,0.444335,0.808787,-0.1054,-0.697688,-0.945013,-0.134784,-0.142464,-0.056106,-0.242578,-0.89963,0.561181,0.006738,-0.562484,-0.083804,-1.434188,-0.318961,-0.100004,-0.1609,0.128513,0.989114,0.080653,-0.052787,-0.633343,0.71007,0.278965,0.045448,0.53142,-0.592636,-0.381017,0.353332,0.131775,0.159012,-0.414735,1.105339,0.413089,0.299614,0.146194
133.0,78.8,68.8,6.0,5.0,84719.0,84852.0,0.488019,0.702166,-0.117147,0.13038,1.397153,0.368872,0.876197,-0.209426,0.391548,1.10259,0.224005,1.134597,-0.09296,0.44523,-0.057295,0.192169,0.733565,-0.185732,-0.092464,-0.251013,0.699818,0.862863,-0.171725,-0.545445,0.84649,0.515855,0.782027,-0.0857,0.031928,0.030384,1.030054,1.113429,-0.04665,0.123127,-0.022322,1.058829,0.675511,-0.090453,0.087978,0.080151,0.219616,0.757294,-0.195223,-0.602839,0.216085,0.073615,0.846371,-0.23014,-0.929752,0.222228,0.724614,0.67312,-0.243857,0.058221,0.504587,0.400204,1.226044,-0.182639,0.430068,0.079587,1.025348,1.133601,-0.043721,0.671359,0.003802,1.052784,0.944014,1.151823,0.426919,-0.095186,1.238746,-0.239667,-0.264372,-0.095323,-0.072204,0.785746,-0.131038,0.004669,0.161486,0.216251,0.434884,1.332274,0.004328,0.075753,0.179796,0.179517,0.932094,0.009702,0.49093,0.313219,0.338215,1.421084,-0.201309,0.067661,-0.119021,0.126029,0.84428,-0.271169,0.340213,0.091938,1.415867,1.580014,-0.271983,-0.515581,0.012051,1.403408,0.671588,0.181922,-0.018018,-0.033652,1.051847,1.041008,1.269444,0.494816,-0.088134,1.247992,-0.003178,-0.014103,0.138689,0.223803,0.773769,1.686053,-0.193692,0.265335,0.42477,0.007513,0.180931,-0.279132,0.104078,0.409568,0.35607,1.183452,-0.088042,0.943971,0.222361,-0.720621,-0.365279,0.820366,-0.214626,-0.11977,0.297271,0.011995,-0.174948,-0.454109,-0.018069,0.324349,1.839349,0.01532,-0.274183,-0.044421,-0.562324,1.172454,-0.014725,0.031031,-0.01729,0.67303,0.220158,1.561709,0.248083,0.027249,0.043356,-0.17532,-0.005048,0.1022,0.117501,0.126815,0.710009,-0.484208,0.075059,0.33981,0.591212,0.879106,-0.374293,-0.313955,0.423971,1.084102,0.032143,-0.272466,-1.156263,1.121124,-0.082914,0.244355,0.655527,-0.782243,0.890691,-0.363476,-0.792475,0.049449,-0.570589,-0.300229,0.363771,-0.414817,0.147039,-0.300137,-0.020139,-1.005406,0.749874,-0.01771,-0.328602,-0.071082,0.222624,-0.302327,-0.237201,0.231806,0.108941,0.486701,0.062678,1.392914,0.009533,0.063969,0.453879,0.415331,-0.185794,0.03077,0.309868,-0.729324,1.011984,-0.488397,-0.349481,0.479715,0.8228,-0.074433,-0.671686,-0.931151,-0.110414,-0.109882,-0.035695,-0.21628,-0.982182,0.595473,0.029378,-0.540244,-0.048669,-1.445033,-0.296305,-0.138423,-0.121888,0.148527,0.940906,0.105608,-0.075656,-0.609694,0.701142,0.294995,0.070172,0.534266,-0.56371,-0.433777,0.380761,0.158234,0.107878,-0.398751,1.188095,0.451077,0.336654,0.094881
99.0,80.0,70.0,0.0,1.0,84852.0,84951.0,0.565613,0.714414,-0.066085,0.203816,1.470108,0.425624,0.909979,-0.155802,0.465566,1.122595,0.275556,1.179658,-0.03765,0.448216,-0.014228,0.24581,0.711255,-0.13935,-0.117122,-0.212811,0.744374,0.847806,-0.121515,-0.565178,0.824276,0.552882,0.698644,-0.049292,0.064098,0.069153,1.066032,1.07494,-0.003916,0.156533,0.013183,1.085674,0.642576,-0.047005,0.121628,0.107736,0.260491,0.729817,-0.153027,-0.544522,0.24085,0.107951,0.814403,-0.187375,-0.89246,0.248093,0.776214,0.64252,-0.199001,0.022591,0.50662,0.434785,1.236759,-0.134453,0.392805,0.088113,1.064683,1.195936,0.012998,0.585151,0.019263,1.050354,1.001226,1.209672,0.437919,-0.065532,1.216158,-0.2182,-0.232698,-0.06307,-0.038571,0.770227,-0.109298,0.041335,0.193295,0.250562,0.459629,1.307407,0.047944,0.099573,0.209548,0.211405,0.911828,0.060896,0.48948,0.338525,0.365495,1.40126,-0.159142,0.03478,-0.093333,0.1679,0.895056,-0.229646,0.291268,0.108153,1.403435,1.58802,-0.22731,-0.55897,0.036294,1.395737,0.714335,0.240014,0.006339,-0.005847,1.049325,1.098226,1.315771,0.505068,-0.058646,1.268036,0.018613,0.023029,0.17184,0.25638,0.756839,1.705681,-0.151557,0.295085,0.454114,0.054349,0.213389,-0.244876,0.126892,0.436407,0.34386,1.187805,-0.046099,0.945334,0.263555,-0.652656,-0.337725,0.832084,-0.187055,-0.161605,0.262094,0.05289,-0.13643,-0.458535,0.009537,0.349272,1.860808,0.048136,-0.250601,-0.014754,-0.546148,1.233922,0.016016,0.057668,0.01303,0.669501,0.262267,1.537943,0.273774,0.052707,0.043987,-0.158884,0.03645,0.136875,0.147492,0.164425,0.68062,-0.439671,0.106969,0.377025,0.539086,0.87948,-0.330887,-0.301879,0.45513,1.083533,0.07823,-0.231953,-1.176088,1.123279,-0.095685,0.251028,0.626109,-0.824594,0.957361,-0.392006,-0.744925,0.086941,-0.549704,-0.27246,0.310833,-0.444417,0.179219,-0.272782,0.009488,-0.989405,0.800061,0.007678,-0.304597,-0.045496,0.200524,-0.270041,-0.204763,0.261489,0.138753,0.449194,-0.011017,1.483716,0.045404,0.100079,0.424329,0.358662,-0.093047,0.059285,0.344643,-0.73836,0.971219,-0.426659,-0.326922,0.518293,0.83808,-0.040665,-0.643334,-0.916036,-0.08384,-0.074354,-0.01344,-0.187605,-1.072196,0.632866,0.054064,-0.515993,-0.010359,-1.456858,-0.271601,-0.180315,-0.079349,0.170351,0.888341,0.132819,-0.100592,-0.583906,0.691408,0.312475,0.097131,0.537368,-0.532169,-0.491307,0.41067,0.187085,0.052121,-0.381322,1.278332,0.4925,0.377043,0.038928
133.0,82.3,72.3,4.0,1.0,84951.0,85084.0,0.617277,0.72257,-0.032086,0.252711,1.518684,0.46341,0.932472,-0.120097,0.514849,1.135915,0.30988,1.20966,-0.000822,0.450204,0.014448,0.281526,0.696401,-0.108468,-0.133539,-0.187375,0.774041,0.83778,-0.088083,-0.578318,0.809485,0.577536,0.643125,-0.02505,0.085518,0.094966,1.089988,1.049313,0.024538,0.178775,0.036824,1.103548,0.620648,-0.018076,0.144034,0.126103,0.287707,0.711521,-0.124932,-0.505693,0.257339,0.130812,0.793118,-0.1589,-0.86763,0.265315,0.81057,0.622145,-0.169135,-0.001133,0.507973,0.457811,1.243893,-0.102369,0.367995,0.09379,1.090874,1.237441,0.050763,0.527751,0.029558,1.048736,1.03932,1.248189,0.445243,-0.045787,1.201118,-0.203907,-0.211609,-0.041594,-0.016176,0.759893,-0.094822,0.065749,0.214475,0.273407,0.476105,1.290849,0.076985,0.115433,0.229358,0.232637,0.898335,0.094982,0.488515,0.355374,0.383659,1.388061,-0.131066,0.012887,-0.076229,0.195779,0.928865,-0.201998,0.258679,0.118948,1.395158,1.593351,-0.197565,-0.58786,0.052437,1.390629,0.742798,0.278694,0.022558,0.012667,1.047647,1.136323,1.346618,0.511894,-0.039012,1.281381,0.033123,0.047753,0.193914,0.27807,0.745567,1.71875,-0.123503,0.314893,0.473653,0.085533,0.235,-0.222068,0.142082,0.454277,0.33573,1.190704,-0.018172,0.946241,0.290983,-0.607403,-0.319379,0.839886,-0.168697,-0.189461,0.238672,0.080119,-0.110784,-0.461481,0.027919,0.365867,1.875097,0.069986,-0.234899,0.004999,-0.535378,1.27485,0.036484,0.075404,0.033218,0.667152,0.290304,1.522118,0.29088,0.069658,0.044407,-0.147941,0.06408,0.159962,0.167461,0.189467,0.661051,-0.410018,0.128216,0.401803,0.504378,0.879729,-0.301987,-0.293838,0.475876,1.083154,0.108917,-0.204979,-1.189289,1.124714,-0.104188,0.255471,0.606522,-0.852792,1.001753,-0.411003,-0.713265,0.111905,-0.535798,-0.253972,0.275585,-0.464126,0.200645,-0.254569,0.029215,-0.978751,0.833476,0.024583,-0.288615,-0.02846,0.18581,-0.248545,-0.183164,0.281252,0.158603,0.424221,-0.060085,1.544175,0.069287,0.124122,0.404653,0.320931,-0.031293,0.078271,0.367798,-0.744377,0.944077,-0.385553,-0.311901,0.543979,0.848254,-0.018182,-0.624456,-0.905972,-0.066147,-0.050698,0.001379,-0.168511,-1.132131,0.657763,0.070501,-0.499845,0.01515,-1.464732,-0.255153,-0.208209,-0.051026,0.184882,0.853341,0.150936,-0.117195,-0.566736,0.684926,0.324113,0.115081,0.539434,-0.511168,-0.529613,0.430584,0.206295,0.014996,-0.369717,1.338415,0.52008,0.403935,0.001673
931.0,84.1,73.0,7.0,9.0,85084.0,86015.0,0.662313,0.729679,-0.002449,0.295334,1.561028,0.496349,0.952079,-0.088974,0.557809,1.147527,0.3398,1.235814,0.03128,0.451938,0.039444,0.312659,0.683452,-0.081547,-0.147851,-0.165203,0.799902,0.829041,-0.058941,-0.589771,0.796592,0.599027,0.594729,-0.003919,0.104189,0.117467,1.11087,1.026974,0.049341,0.198163,0.057431,1.119129,0.601532,0.007141,0.163565,0.142114,0.311432,0.695573,-0.100442,-0.471846,0.271712,0.150741,0.774564,-0.134079,-0.845986,0.280327,0.840519,0.604384,-0.143101,-0.021812,0.509153,0.477882,1.250111,-0.074402,0.346368,0.098739,1.113705,1.27362,0.083682,0.477716,0.038531,1.047325,1.072526,1.281765,0.451627,-0.028576,1.188008,-0.191448,-0.193226,-0.022875,0.003344,0.750885,-0.082204,0.087031,0.232937,0.29332,0.490467,1.276416,0.102299,0.129257,0.246626,0.251145,0.886573,0.124695,0.487673,0.370062,0.399492,1.376555,-0.106593,-0.006197,-0.06132,0.220081,0.958335,-0.177897,0.230271,0.128359,1.387943,1.597998,-0.171636,-0.613043,0.066508,1.386176,0.767608,0.312411,0.036695,0.028805,1.046183,1.169533,1.373506,0.517844,-0.021898,1.293014,0.04577,0.069305,0.213155,0.296978,0.73574,1.730143,-0.099048,0.33216,0.490684,0.112717,0.253839,-0.202186,0.155324,0.469855,0.328643,1.19323,0.006172,0.947032,0.314893,-0.567956,-0.303387,0.846687,-0.152695,-0.213742,0.218255,0.103854,-0.088428,-0.46405,0.043942,0.380332,1.887552,0.089033,-0.221212,0.022218,-0.52599,1.310526,0.054326,0.090864,0.050815,0.665104,0.314744,1.508324,0.305791,0.084434,0.044773,-0.138401,0.088166,0.180087,0.184869,0.211296,0.643993,-0.384169,0.146736,0.423402,0.474124,0.879946,-0.276794,-0.286829,0.493961,1.082824,0.135666,-0.181465,-1.200795,1.125965,-0.1116,0.259344,0.589448,-0.877372,1.040449,-0.427562,-0.685666,0.133665,-0.523676,-0.237855,0.244859,-0.481306,0.219323,-0.238693,0.04641,-0.969464,0.862604,0.039318,-0.274682,-0.01361,0.172983,-0.229807,-0.164336,0.29848,0.175906,0.402452,-0.102857,1.596877,0.090106,0.14508,0.387502,0.28804,0.022538,0.094821,0.387982,-0.749622,0.920417,-0.34972,-0.298808,0.56637,0.857123,0.001417,-0.608001,-0.897199,-0.050723,-0.030077,0.014296,-0.151868,-1.184376,0.679466,0.084829,-0.48577,0.037386,-1.471596,-0.240814,-0.232523,-0.026336,0.197549,0.822832,0.16673,-0.131668,-0.551768,0.679276,0.334258,0.130728,0.541235,-0.492862,-0.563003,0.447943,0.22304,-0.017366,-0.359601,1.390789,0.544122,0.427377,-0.030802
532.0,85.0,72.9,9.0,7.0,86015.0,86547.0,0.716809,0.733663,0.034076,0.348381,1.603808,0.536372,0.970909,-0.048313,0.61647,1.152368,0.377186,1.261706,0.072589,0.452477,0.070608,0.351791,0.662544,-0.048093,-0.165631,-0.128488,0.832897,0.814849,-0.023052,-0.594672,0.764931,0.623419,0.51821,0.020388,0.12718,0.145459,1.132675,0.989504,0.07892,0.221316,0.083195,1.134952,0.5736,0.037765,0.189169,0.159904,0.341509,0.671247,-0.070001,-0.4259,0.28418,0.175222,0.747113,-0.103126,-0.812379,0.293035,0.876368,0.579588,-0.110494,-0.046913,0.504682,0.503602,1.25522,-0.039568,0.315108,0.105402,1.141003,1.309483,0.123919,0.404409,0.05032,1.042351,1.103317,1.298931,0.456325,-0.006741,1.168259,-0.180986,-0.171717,0.00114,0.02825,0.735984,-0.070441,0.110789,0.255247,0.317763,0.506117,1.248559,0.132278,0.145536,0.267218,0.272284,0.862725,0.160502,0.479285,0.385167,0.41752,1.357759,-0.075311,-0.029153,-0.043516,0.248622,0.991427,-0.14692,0.193195,0.139876,1.376598,1.594297,-0.1391,-0.649417,0.084066,1.37864,0.791949,0.352065,0.053821,0.049154,1.041032,1.199593,1.383254,0.521633,-0.000215,1.298903,0.057545,0.096421,0.236584,0.320018,0.720966,1.731811,-0.068442,0.352885,0.511,0.142346,0.273808,-0.176362,0.170632,0.487763,0.31886,1.190696,0.035356,0.936814,0.343265,-0.520342,-0.283611,0.852792,-0.132175,-0.241777,0.192023,0.132553,-0.059977,-0.468708,0.064232,0.392324,1.880984,0.11289,-0.203782,0.044173,-0.514502,1.344468,0.075765,0.110193,0.073192,0.657807,0.339592,1.476146,0.323744,0.103109,0.037553,-0.128381,0.117026,0.205194,0.206449,0.234606,0.615467,-0.351152,0.168499,0.44875,0.432169,0.863015,-0.244748,-0.274258,0.515278,1.093581,0.167169,-0.151075,-1.208454,1.12532,-0.128796,0.26224,0.56586,-0.907272,1.089345,-0.449971,-0.651338,0.160533,-0.508797,-0.216144,0.204563,-0.512316,0.241795,-0.218486,0.068443,-0.955982,0.890643,0.058186,-0.25739,0.004952,0.152211,-0.20745,-0.140078,0.319508,0.197626,0.372739,-0.170322,1.650836,0.115866,0.171087,0.362534,0.24109,0.077667,0.116047,0.411748,-0.7568,0.883092,-0.304995,-0.282135,0.591732,0.878306,0.026993,-0.583447,-0.878123,-0.032389,-0.004593,0.032335,-0.1297,-1.238852,0.694732,0.101934,-0.465519,0.06863,-1.468288,-0.222231,-0.275682,0.003799,0.212984,0.785501,0.18622,-0.154502,-0.532066,0.674788,0.348534,0.150233,0.532267,-0.469998,-0.59089,0.468931,0.243846,-0.062778,-0.347217,1.451176,0.571372,0.454314,-0.076391
1231.0,86.3,74.3,7.0,14.0,86547.0,87778.0,-1.023,1.013999,-1.263021,1.918436,-1.453209,-1.519669,0.641598,-1.187448,-0.59976,1.042764,-1.40504,-0.11437,-1.251276,1.319443,-1.391396,-1.57363,1.082701,-1.366997,1.864349,-1.723948,-1.42829,0.823739,-1.340204,2.09764,1.287069,-1.855397,1.563028,-1.39052,-1.505062,-1.53035,-1.335626,0.922936,-1.428627,-1.624097,-1.544949,-0.636348,1.064247,-1.414609,-1.454895,-1.631094,-1.661131,0.954346,-1.367377,-0.360448,-1.582587,-1.634116,0.859655,-1.373079,0.533534,-1.454014,-1.509353,0.882385,-1.34734,1.781181,-1.42687,-1.662451,0.152695,-1.375688,1.487069,-1.333063,-1.359195,-1.276447,-1.329524,0.726614,-1.541304,0.895761,-1.557366,0.076562,-1.778873,-1.551886,-1.759188,-1.051931,-1.267543,-1.525236,-1.540537,0.635753,-1.179507,-1.45241,-1.744219,-1.732918,-1.863334,0.365803,-1.461724,-1.677725,-1.730236,-1.803373,0.76337,-1.440933,-1.890574,-1.762754,-1.845764,0.152073,-1.41542,1.559317,-1.396153,-1.566647,-1.70391,-1.355542,1.259981,-1.594448,-0.172294,-0.347279,-1.333263,-0.797344,-1.574079,0.324824,-1.680711,-1.458326,-1.635855,-1.598964,0.900772,-1.544817,0.322152,-1.812204,-1.556197,-1.997142,-1.372028,-1.517446,-1.721704,-1.80234,0.700142,-0.891374,-1.334298,-1.781541,-1.846563,-1.536066,-1.572293,-1.359186,-1.645943,-1.837834,1.300295,0.007123,-1.435943,-1.850458,-1.79733,-0.579137,-1.085256,0.074864,-1.207909,1.638566,1.580431,-1.601823,-1.479924,-1.102256,-1.589378,-1.253431,-0.960649,-1.674543,-1.474865,-1.612833,0.399495,-1.586342,-1.601657,-1.707698,-1.664935,1.582816,-1.472225,-0.031846,-1.823971,-1.685249,-1.582941,-1.137298,-1.474019,-1.674211,-1.733161,1.145306,1.344238,-0.990442,-1.580599,-1.758609,0.775761,-0.37898,-1.148657,-1.208083,-1.815495,-0.04195,-1.287921,-1.345129,-0.299715,-0.714409,1.815519,-1.724613,0.844836,1.411764,-1.798697,1.424633,-0.999079,-1.645335,-0.951191,-1.446597,1.295274,-0.513802,-1.72555,-1.364146,-1.615491,1.994272,-1.719592,-1.578006,-1.25562,-1.611063,1.641985,-1.15956,-1.389459,-1.830179,-1.765921,1.180874,0.063334,-0.561993,-1.56616,-1.631148,1.12597,1.464305,1.005829,-1.582452,-1.741088,-0.979183,0.789046,-0.958491,-0.758616,-1.749003,-1.270659,-1.357535,-0.587609,-0.302064,-1.508394,-1.388129,-1.516334,-1.22149,1.842333,-1.984176,-1.624455,-1.109581,-1.398608,1.134409,-1.304359,0.557612,-1.331147,-1.718767,0.035094,-1.755454,1.72524,-0.99255,0.120699,-1.826447,-1.720281,1.615114,-0.871,1.327784,-1.88534,-1.78375,1.431986,-1.093595,-0.577935,-1.624319,-1.694944,1.434819
233.0,67.0,54.7,2.0,3.0,9594.0,9827.0,-0.24853,-1.914973,1.001682,0.114723,0.186072,0.331305,-1.94272,1.051365,-0.510033,-1.229764,0.481622,-1.879346,0.73987,-2.083863,1.29808,0.635837,-1.772743,0.98416,-0.867284,0.950086,-0.256483,-1.877005,0.962214,-1.073586,-1.609101,0.145932,-0.470992,1.212054,1.192047,1.113644,-1.414185,-1.693232,0.968831,0.99535,1.144591,-1.798445,-1.701162,0.947666,0.638313,1.204434,0.696367,-1.667684,1.09357,0.872603,1.295753,1.260262,-1.743137,1.08594,0.903991,1.482189,-0.755053,-1.717178,1.0539,-1.227801,1.265856,0.361356,-1.883152,0.942316,-1.403968,1.560418,-0.662473,-0.923799,0.443007,-1.910405,1.488531,-1.929411,-0.134473,-2.105514,0.852664,1.302405,-1.138526,1.677015,1.309865,1.250379,1.180407,-2.019839,1.602943,0.917688,0.937119,0.758224,0.865387,-1.740229,0.6612,1.061871,0.93209,1.045643,-1.65448,0.521222,0.715093,0.958208,0.653562,-1.527879,0.931884,-1.255854,1.433184,0.736695,0.154263,1.030717,-1.21397,1.124497,-1.723858,-1.365436,1.028716,2.062802,1.287637,-1.88791,-0.099817,0.342744,1.336028,1.267607,-1.922833,-0.286512,-2.458877,0.76667,1.301539,-0.598784,1.295413,0.944323,1.033638,0.822077,-1.843568,-1.591496,0.878226,0.849036,0.542327,1.364632,1.333886,1.07864,1.121835,0.66208,-1.790221,-2.256266,0.550003,-0.503565,0.332633,0.99397,1.680478,-2.017863,1.647682,-0.805966,-1.377857,1.197087,0.935841,2.184248,1.227863,1.221828,-1.240152,0.991131,1.45819,1.281496,2.34527,-0.802355,1.147004,1.191722,1.209561,-1.400259,1.068791,-2.054379,0.966606,1.153986,2.354381,1.570009,1.004701,0.908152,1.003349,-0.157684,-1.405834,0.764092,0.825116,0.640162,-1.560135,2.205923,0.590724,0.866448,0.379687,-2.026935,0.525983,0.749352,1.52017,-2.057066,-0.81365,1.107507,-1.860638,1.127911,0.451149,-0.606003,0.906483,0.82013,1.872619,1.438301,-1.097471,1.784294,0.851153,1.348353,1.231657,0.54357,-0.532639,0.935049,1.419533,1.30114,-0.977663,1.558102,1.388519,0.956486,1.072245,-1.277895,2.057488,-1.563186,0.963595,1.000722,-1.211603,-0.736076,-0.962907,0.674939,0.705133,1.57832,-1.923441,0.81134,0.585057,0.467461,-1.485352,1.183996,0.871703,1.778389,1.336227,1.283485,1.075455,1.195919,0.490121,0.510151,0.804531,1.541189,0.755417,1.026727,1.482487,2.046244,0.803155,0.674812,-2.165838,1.140741,-0.936093,1.458285,-2.804826,0.700886,1.14544,-1.162802,1.729601,-1.3622,0.753863,1.038379,-0.317856,1.60821,-1.696465,0.310269,0.656868,-0.293726
99.0,90.3,76.7,0.0,1.0,87778.0,87877.0,0.762481,0.732941,0.06527,0.394134,1.632221,0.57006,0.982384,-0.011597,0.671506,1.148326,0.409557,1.278345,0.109376,0.451559,0.097533,0.385871,0.640412,-0.019283,-0.180938,-0.089022,0.862048,0.799772,0.007574,-0.5909,0.724269,0.642442,0.438286,0.039648,0.146797,0.16959,1.147904,0.948919,0.103329,0.240449,0.105517,1.145547,0.545968,0.063528,0.212361,0.173421,0.367921,0.646436,-0.04378,-0.383007,0.290297,0.196062,0.719708,-0.076376,-0.777692,0.298884,0.906069,0.5559,-0.082196,-0.068016,0.495747,0.526417,1.257378,-0.009504,0.284434,0.111579,1.163594,1.332576,0.157993,0.331747,0.061017,1.035307,1.120863,1.292679,0.457599,0.012446,1.148291,-0.176276,-0.154338,0.022463,0.050251,0.719977,-0.063665,0.128946,0.273918,0.338551,0.517712,1.216072,0.156829,0.158782,0.28421,0.288895,0.834282,0.190382,0.465773,0.395478,0.431633,1.337719,-0.047627,-0.048272,-0.028804,0.271781,1.016901,-0.119362,0.159747,0.149641,1.364792,1.582995,-0.110811,-0.685092,0.09925,1.370434,0.80735,0.384291,0.068192,0.066931,1.033742,1.215879,1.371378,0.521808,0.018811,1.296635,0.064308,0.12006,0.256348,0.339469,0.706046,1.722552,-0.041898,0.370103,0.527767,0.164307,0.288057,-0.153166,0.182832,0.501944,0.309599,1.183654,0.059574,0.91842,0.366551,-0.480544,-0.266664,0.856039,-0.113961,-0.264088,0.168696,0.156586,-0.0349,-0.473974,0.082029,0.397525,1.856444,0.133595,-0.188412,0.063557,-0.50476,1.364796,0.093601,0.126938,0.092896,0.647453,0.356259,1.435556,0.338711,0.119461,0.024761,-0.121321,0.140962,0.226899,0.22499,0.251412,0.584623,-0.321951,0.186169,0.469301,0.392306,0.833702,-0.216517,-0.260124,0.532647,1.11241,0.19281,-0.123901,-1.209363,1.122881,-0.150446,0.263092,0.543517,-0.93247,1.132146,-0.470836,-0.621748,0.183521,-0.496143,-0.196005,0.16805,-0.547296,0.260516,-0.200677,0.087985,-0.94271,0.907801,0.074911,-0.242516,0.02103,0.130184,-0.188993,-0.118449,0.337291,0.216517,0.344871,-0.240679,1.687424,0.137955,0.193451,0.337901,0.195453,0.115066,0.13489,0.431087,-0.763548,0.844162,-0.26631,-0.267432,0.611465,0.905252,0.050065,-0.558786,-0.854694,-0.017314,0.017234,0.049572,-0.109338,-1.276816,0.697855,0.116063,-0.445716,0.098632,-1.455302,-0.205572,-0.323935,0.029281,0.226014,0.753853,0.202888,-0.178318,-0.514154,0.673092,0.362259,0.167081,0.514945,-0.450209,-0.603251,0.486505,0.261761,-0.106338,-0.336714,1.499155,0.59259,0.475632,-0.120133
199.0,85.2,72.2,2.0,1.0,87877.0,88076.0,0.796649,0.732401,0.088607,0.428362,1.653478,0.595262,0.990969,0.015871,0.712679,1.145302,0.433775,1.290792,0.136898,0.450872,0.117676,0.411366,0.623855,0.002271,-0.19239,-0.059497,0.883856,0.788493,0.030487,-0.588078,0.693849,0.656674,0.378493,0.054057,0.161473,0.187642,1.159297,0.918557,0.121589,0.254762,0.122216,1.153473,0.525296,0.082801,0.229712,0.183533,0.38768,0.627874,-0.024163,-0.350918,0.294874,0.211653,0.699206,-0.056364,-0.751741,0.30326,0.928289,0.538179,-0.061025,-0.083804,0.489063,0.543485,1.258992,0.012988,0.261485,0.1162,1.180494,1.349852,0.183485,0.277387,0.06902,1.030038,1.133989,1.288002,0.458552,0.0268,1.133352,-0.172752,-0.141336,0.038416,0.066711,0.708001,-0.058597,0.142529,0.287886,0.354103,0.526386,1.191768,0.175195,0.168692,0.296922,0.301321,0.813003,0.212736,0.455664,0.403193,0.442192,1.322728,-0.026917,-0.062575,-0.017797,0.289107,1.035959,-0.098745,0.134724,0.156947,1.35596,1.574539,-0.089648,-0.711781,0.110609,1.364295,0.818872,0.4084,0.078943,0.08023,1.028288,1.228063,1.362494,0.521939,0.033046,1.294938,0.069368,0.137745,0.271133,0.354021,0.694885,1.715624,-0.022041,0.382985,0.540311,0.180736,0.298717,-0.135813,0.19196,0.512553,0.302671,1.178386,0.077693,0.90466,0.383972,-0.45077,-0.253986,0.858469,-0.100335,-0.280779,0.151245,0.174565,-0.01614,-0.477913,0.095344,0.401415,1.838085,0.149085,-0.176914,0.078058,-0.497472,1.380004,0.106945,0.139465,0.107637,0.639707,0.368727,1.40519,0.349909,0.131695,0.015192,-0.11604,0.158868,0.243137,0.238861,0.263985,0.561548,-0.300106,0.199388,0.484675,0.362483,0.811773,-0.195397,-0.24955,0.545641,1.126497,0.211992,-0.103572,-1.210043,1.121056,-0.166642,0.263729,0.526801,-0.95132,1.164167,-0.486447,-0.599611,0.20072,-0.486676,-0.180939,0.140734,-0.573465,0.274522,-0.187354,0.102605,-0.932781,0.920637,0.087423,-0.231389,0.033059,0.113706,-0.175185,-0.102269,0.350595,0.23065,0.324023,-0.293314,1.714796,0.15448,0.210182,0.319472,0.16131,0.143045,0.148987,0.445555,-0.768596,0.815038,-0.237369,-0.256432,0.626228,0.925412,0.067325,-0.540337,-0.837167,-0.006035,0.033563,0.062467,-0.094104,-1.305218,0.700191,0.126634,-0.430902,0.121077,-1.445586,-0.193109,-0.360034,0.048345,0.235761,0.730176,0.215358,-0.196135,-0.500754,0.671823,0.372526,0.179685,0.501987,-0.435404,-0.612498,0.499653,0.275163,-0.138926,-0.328856,1.535049,0.608463,0.491581,-0.152857
266.0,79.3,67.0,2.0,10.0,88076.0,88342.0,0.847816,0.731591,0.123554,0.479619,1.68531,0.633002,1.003824,0.057004,0.774336,1.140773,0.47004,1.309432,0.178111,0.449843,0.14784,0.449546,0.599061,0.034547,-0.209539,-0.015284,0.916513,0.771603,0.064798,-0.583851,0.648295,0.677987,0.288954,0.075635,0.18345,0.214676,1.176359,0.87309,0.148934,0.276196,0.147223,1.165342,0.49434,0.111663,0.255694,0.198676,0.417269,0.600079,0.005212,-0.302864,0.301727,0.235001,0.668504,-0.026396,-0.712881,0.309814,0.961563,0.511641,-0.029322,-0.107447,0.479053,0.569045,1.261408,0.04667,0.227121,0.12312,1.205802,1.375722,0.221658,0.195984,0.081005,1.022147,1.153645,1.280997,0.459979,0.048295,1.110981,-0.167476,-0.121866,0.062305,0.091359,0.690068,-0.051007,0.162871,0.308803,0.377393,0.539375,1.155374,0.202699,0.183533,0.315958,0.31993,0.781138,0.246211,0.440527,0.414745,0.458004,1.300278,0.004097,-0.083994,-0.001315,0.315052,1.064498,-0.067872,0.097252,0.167888,1.342733,1.561876,-0.057956,-0.751748,0.127619,1.355102,0.836126,0.444503,0.095042,0.100146,1.02012,1.246308,1.349189,0.522135,0.054362,1.292397,0.076945,0.164227,0.293275,0.375813,0.67817,1.705251,0.007695,0.402275,0.559096,0.205338,0.31468,-0.109826,0.205628,0.52844,0.292296,1.170497,0.104825,0.884054,0.41006,-0.406184,-0.235,0.862106,-0.079931,-0.305774,0.125112,0.201489,0.011953,-0.483813,0.115282,0.407242,1.810593,0.172282,-0.159695,0.099773,-0.486558,1.402778,0.126927,0.158224,0.129712,0.628108,0.387399,1.359718,0.366676,0.150014,0.000861,-0.108132,0.185684,0.267453,0.259633,0.282813,0.526993,-0.267392,0.219183,0.507697,0.317824,0.778934,-0.16377,-0.233715,0.565099,1.147591,0.240717,-0.073129,-1.211061,1.118324,-0.190896,0.264683,0.50177,-0.979549,1.212117,-0.509823,-0.566462,0.226474,-0.472499,-0.158377,0.099828,-0.612653,0.295495,-0.167402,0.124498,-0.917912,0.939859,0.106159,-0.214725,0.051071,0.089029,-0.154508,-0.078038,0.370517,0.251814,0.292803,-0.372135,1.755786,0.179225,0.235237,0.291875,0.110183,0.184943,0.170098,0.46722,-0.776155,0.771425,-0.194031,-0.23996,0.648335,0.9556,0.093173,-0.512709,-0.81092,0.010854,0.058016,0.081777,-0.071292,-1.347749,0.703689,0.142463,-0.408716,0.154687,-1.431037,-0.174445,-0.414093,0.076893,0.250359,0.694721,0.234031,-0.222816,-0.480687,0.669924,0.387901,0.19856,0.482581,-0.413234,-0.626345,0.519341,0.295233,-0.187726,-0.317089,1.5888,0.632233,0.515464,-0.201862
299.0,79.8,67.3,8.0,5.0,88342.0,88641.0,0.910486,0.7306,0.166358,0.542399,1.724299,0.679228,1.01957,0.107385,0.849855,1.135226,0.514459,1.332263,0.228589,0.448583,0.184786,0.496309,0.568693,0.07408,-0.230544,0.03887,0.956513,0.750915,0.106824,-0.578675,0.5925,0.704091,0.179283,0.102063,0.210368,0.247788,1.197255,0.817401,0.182427,0.302449,0.177852,1.17988,0.456424,0.147014,0.287518,0.217224,0.453511,0.566034,0.041192,-0.244007,0.310121,0.263597,0.6309,0.01031,-0.665283,0.317841,1.002318,0.479136,0.009508,-0.136405,0.466792,0.600352,1.264368,0.087924,0.18503,0.131596,1.2368,1.407409,0.268414,0.096279,0.095684,1.012483,1.177721,1.272418,0.461728,0.074623,1.083581,-0.161014,-0.098018,0.091566,0.121549,0.668103,-0.04171,0.187785,0.334423,0.405918,0.555285,1.110796,0.236386,0.201709,0.339274,0.342723,0.742109,0.287212,0.421985,0.428894,0.47737,1.27278,0.042084,-0.110229,0.018873,0.34683,1.099452,-0.030058,0.051356,0.181288,1.326533,1.546367,-0.019138,-0.800701,0.148453,1.343842,0.85726,0.488722,0.114761,0.124539,1.010117,1.268656,1.332893,0.522375,0.08047,1.289285,0.086225,0.196664,0.320395,0.402503,0.657698,1.692545,0.044117,0.425902,0.582104,0.235471,0.334233,-0.077997,0.22237,0.547898,0.279588,1.160834,0.138057,0.858814,0.442013,-0.351574,-0.211746,0.866562,-0.054938,-0.336389,0.093103,0.234466,0.046363,-0.491039,0.139704,0.414379,1.77692,0.200693,-0.138605,0.126371,-0.473191,1.430672,0.151401,0.181201,0.15675,0.613901,0.410269,1.304021,0.387214,0.172452,-0.016691,-0.098445,0.218528,0.297236,0.285074,0.305874,0.484669,-0.227323,0.243429,0.535896,0.263125,0.738711,-0.125033,-0.214321,0.588931,1.173428,0.275901,-0.035842,-1.212308,1.114977,-0.220603,0.265852,0.471111,-1.014124,1.270849,-0.538454,-0.525859,0.258019,-0.455135,-0.130743,0.049726,-0.660651,0.321184,-0.142965,0.151313,-0.8997,0.963403,0.129108,-0.194316,0.073133,0.058804,-0.129182,-0.04836,0.394919,0.277735,0.254563,-0.468677,1.805991,0.209535,0.265925,0.258074,0.04756,0.236261,0.195954,0.493757,-0.785414,0.718006,-0.140948,-0.219784,0.675412,0.992575,0.124831,-0.47887,-0.778771,0.031541,0.087966,0.105429,-0.043351,-1.399843,0.707974,0.161851,-0.381543,0.195855,-1.413217,-0.151586,-0.480305,0.11186,0.268238,0.651294,0.256903,-0.255496,-0.456108,0.667597,0.406734,0.221678,0.458813,-0.38608,-0.643306,0.543455,0.319816,-0.247497,-0.302677,1.654635,0.661348,0.544717,-0.261884
166.0,87.0,76.4,2.0,10.0,88641.0,88807.0,0.999293,0.719259,0.227621,0.599984,1.725481,0.74426,1.030835,0.18157,0.956891,1.090331,0.580666,1.354356,0.301425,0.43267,0.233309,0.566661,0.517714,0.13139,-0.265669,0.119405,1.016098,0.718472,0.165913,-0.557855,0.495996,0.742453,-0.011852,0.136972,0.24964,0.296796,1.217764,0.714348,0.227813,0.339031,0.22414,1.198232,0.393278,0.196327,0.333085,0.245588,0.509029,0.506489,0.09323,-0.157658,0.319446,0.304019,0.568846,0.063934,-0.57981,0.324453,1.060188,0.429857,0.066365,-0.174334,0.44834,0.649787,1.263261,0.146411,0.113703,0.148677,1.273102,1.437762,0.329662,-0.061055,0.12233,0.98224,1.186516,1.204278,0.462216,0.11398,1.025686,-0.166767,-0.063754,0.136661,0.16785,0.623646,-0.037301,0.21976,0.37152,0.448785,0.574663,1.023673,0.281339,0.229729,0.375509,0.372671,0.668144,0.342908,0.390479,0.450573,0.508208,1.226997,0.099215,-0.142417,0.04981,0.390402,1.144512,0.02672,-0.014372,0.205612,1.296319,1.509942,0.037281,-0.875494,0.182099,1.315753,0.877495,0.544442,0.14349,0.161797,0.979168,1.273221,1.253897,0.520259,0.119542,1.266615,0.091996,0.24398,0.357692,0.440034,0.614725,1.629188,0.09678,0.459968,0.617096,0.274774,0.353606,-0.027058,0.249287,0.57796,0.261218,1.1255,0.187333,0.810096,0.48741,-0.272593,-0.176996,0.891672,-0.020634,-0.365082,0.05685,0.280348,0.098711,-0.497938,0.178575,0.415558,1.691994,0.24303,-0.104669,0.166878,-0.463508,1.444701,0.185533,0.21507,0.19772,0.577521,0.429512,1.200422,0.416511,0.207081,-0.046728,-0.088945,0.266157,0.340471,0.323942,0.318966,0.405507,-0.163516,0.281248,0.578185,0.177825,0.63987,-0.065057,-0.161474,0.628864,1.175634,0.316637,0.02274,-1.173936,1.11031,-0.287955,0.261716,0.418814,-1.079041,1.345471,-0.56653,-0.464249,0.303088,-0.428284,-0.083263,-0.023537,-0.740632,0.358028,-0.104083,0.192068,-0.872728,0.973008,0.165971,-0.161788,0.107439,0.01059,-0.095777,-0.000351,0.429344,0.315957,0.192776,-0.62235,1.85149,0.255522,0.312545,0.203223,-0.053794,0.2876,0.239472,0.534071,-0.788894,0.623951,-0.066917,-0.178951,0.712746,1.046706,0.172412,-0.428555,-0.717209,0.067123,0.132762,0.14452,-0.006399,-1.453859,0.710567,0.201898,-0.33354,0.254274,-1.373199,-0.111511,-0.603533,0.167123,0.2959,0.598811,0.292214,-0.313078,-0.413777,0.657238,0.43622,0.257149,0.404907,-0.346646,-0.617035,0.575918,0.356096,-0.33494,-0.27828,1.7279,0.703687,0.587207,-0.349109
365.0,86.7,75.6,7.0,5.0,88807.0,89172.0,1.084458,0.703563,0.286666,0.639989,1.700395,0.806396,1.036282,0.254068,1.059549,1.029316,0.645741,1.370569,0.371907,0.410559,0.277983,0.636109,0.464973,0.186976,-0.301954,0.198479,1.074649,0.685843,0.222353,-0.53135,0.394993,0.779908,-0.212474,0.169218,0.287849,0.344806,1.233018,0.603815,0.270333,0.373811,0.26993,1.21474,0.328154,0.243238,0.377014,0.273799,0.564288,0.443906,0.143645,-0.073422,0.327143,0.342734,0.505087,0.11614,-0.489102,0.328486,1.115743,0.381037,0.12178,-0.209202,0.430122,0.699655,1.259627,0.202513,0.039635,0.167515,1.304217,1.459814,0.38597,-0.219717,0.150717,0.945213,1.182671,1.111781,0.461719,0.152717,0.960917,-0.179516,-0.030666,0.181669,0.213959,0.574546,-0.037325,0.248808,0.407482,0.491079,0.59171,0.928506,0.323097,0.257696,0.411806,0.400252,0.588163,0.395155,0.357728,0.472154,0.539428,1.179785,0.155605,-0.170866,0.080608,0.43148,1.185554,0.082718,-0.077738,0.231525,1.263824,1.468005,0.092071,-0.94985,0.216364,1.282931,0.892191,0.59451,0.171422,0.198833,0.941355,1.264456,1.151029,0.517039,0.158018,1.236019,0.093951,0.290013,0.392909,0.475885,0.566742,1.546435,0.147792,0.492919,0.651811,0.310816,0.368144,0.024622,0.276648,0.607995,0.243425,1.081119,0.235647,0.757093,0.531003,-0.196078,-0.1428,0.924867,0.011724,-0.385475,0.0265,0.323938,0.150652,-0.502935,0.217922,0.412356,1.592505,0.284638,-0.07016,0.20709,-0.458713,1.44579,0.217999,0.248185,0.238297,0.534754,0.441581,1.089105,0.444702,0.241665,-0.078038,-0.081885,0.31236,0.382431,0.362582,0.322023,0.320286,-0.098918,0.319193,0.619869,0.092247,0.524789,-0.005076,-0.098493,0.670146,1.161063,0.351278,0.081705,-1.117672,1.105872,-0.364794,0.254941,0.364369,-1.149017,1.412861,-0.587393,-0.403189,0.346488,-0.401445,-0.033694,-0.094894,-0.823136,0.393577,-0.064733,0.232489,-0.846297,0.970697,0.203427,-0.128845,0.141814,-0.038257,-0.064948,0.048578,0.462284,0.353334,0.129838,-0.7779,1.882686,0.301096,0.358772,0.147249,-0.157109,0.326464,0.28454,0.574045,-0.787557,0.52485,0.003501,-0.133855,0.748046,1.099459,0.219359,-0.379156,-0.650408,0.104286,0.176863,0.184712,0.027758,-1.496056,0.711367,0.2464,-0.282899,0.310338,-1.327661,-0.069356,-0.735966,0.22289,0.323555,0.552874,0.327483,-0.373766,-0.369543,0.643879,0.465854,0.292481,0.343404,-0.308367,-0.567445,0.606222,0.391588,-0.420128,-0.252957,1.788447,0.744814,0.628459,-0.433811
332.0,88.1,77.0,7.0,7.0,89172.0,89504.0,1.124403,0.696201,0.31436,0.658752,1.688628,0.835539,1.038836,0.288071,1.107698,1.000699,0.676263,1.378173,0.404964,0.400187,0.298936,0.668681,0.440236,0.213047,-0.318972,0.235567,1.102111,0.670539,0.248825,-0.518918,0.34762,0.797475,-0.306572,0.184341,0.30577,0.367324,1.240172,0.551972,0.290276,0.390124,0.291407,1.222483,0.297609,0.265241,0.397617,0.287031,0.590206,0.414552,0.167291,-0.033913,0.330753,0.360892,0.475182,0.140626,-0.446557,0.330377,1.141799,0.35814,0.14777,-0.225556,0.421577,0.723045,1.257923,0.228826,0.004896,0.176351,1.318811,1.470157,0.41238,-0.294134,0.164031,0.927847,1.180867,1.068398,0.461486,0.170885,0.930539,-0.185496,-0.015147,0.202779,0.235585,0.551517,-0.037335,0.262432,0.424349,0.510916,0.599706,0.88387,0.342683,0.270814,0.428831,0.413187,0.550649,0.41966,0.342366,0.482276,0.55407,1.157642,0.182053,-0.184209,0.095053,0.450747,1.204803,0.108982,-0.107459,0.243679,1.248583,1.448336,0.117769,-0.984726,0.232435,1.267537,0.899084,0.617993,0.184523,0.216204,0.923619,1.260345,1.102782,0.515529,0.176064,1.221669,0.094869,0.311603,0.409427,0.4927,0.544237,1.507622,0.171719,0.508374,0.668093,0.327721,0.374962,0.048861,0.289482,0.622082,0.235079,1.060304,0.258308,0.732234,0.551449,-0.16019,-0.12676,0.940437,0.0269,-0.395039,0.012266,0.344382,0.175013,-0.505278,0.236377,0.410854,1.545841,0.304153,-0.053974,0.22595,-0.456464,1.446301,0.233227,0.263717,0.257328,0.514695,0.447242,1.036895,0.457924,0.257885,-0.092724,-0.078573,0.33403,0.402112,0.380705,0.323457,0.280315,-0.06862,0.336991,0.63942,0.052108,0.470813,0.023056,-0.068953,0.689508,1.154229,0.367526,0.109362,-1.091282,1.103791,-0.400834,0.251763,0.338833,-1.181838,1.444468,-0.597178,-0.37455,0.366844,-0.388857,-0.010444,-0.128363,-0.861832,0.41025,-0.046277,0.251447,-0.8339,0.969613,0.220996,-0.113394,0.157936,-0.061168,-0.050488,0.071526,0.477734,0.370865,0.100318,-0.850857,1.897318,0.322471,0.380454,0.120996,-0.205567,0.344693,0.305678,0.592794,-0.78693,0.478369,0.03653,-0.112704,0.764603,1.124201,0.241378,-0.355986,-0.619077,0.121716,0.197548,0.203563,0.043778,-1.515847,0.711742,0.267273,-0.259147,0.336633,-1.306303,-0.049583,-0.798081,0.249046,0.336526,0.531327,0.344025,-0.40223,-0.348796,0.637613,0.479753,0.309052,0.314557,-0.290412,-0.544186,0.620435,0.408236,-0.460083,-0.24108,1.816845,0.764103,0.647807,-0.473538
99.0,87.7,76.3,1.0,2.0,89504.0,89603.0,1.154249,0.690701,0.335051,0.672772,1.679837,0.857315,1.040745,0.313477,1.143673,0.979317,0.699068,1.383855,0.429664,0.392439,0.314592,0.693019,0.421753,0.232526,-0.331688,0.263278,1.122629,0.659104,0.268604,-0.50963,0.312225,0.810601,-0.376878,0.195642,0.319159,0.384148,1.245517,0.513236,0.305176,0.402313,0.307453,1.228268,0.274787,0.281681,0.413011,0.296917,0.609571,0.39262,0.184959,-0.004393,0.333451,0.37446,0.452838,0.158922,-0.414769,0.33179,1.161268,0.341031,0.16719,-0.237775,0.415193,0.740521,1.25665,0.248486,-0.021061,0.182952,1.329716,1.477885,0.432112,-0.349737,0.17398,0.914871,1.17952,1.035983,0.461312,0.18446,0.907841,-0.189964,-0.003551,0.218551,0.251744,0.534311,-0.037344,0.272611,0.436951,0.525738,0.60568,0.850519,0.357317,0.280615,0.441551,0.422853,0.522621,0.437969,0.330889,0.489838,0.565011,1.141097,0.201815,-0.194179,0.105846,0.465142,1.219186,0.128606,-0.129665,0.25276,1.237195,1.433639,0.13697,-1.010783,0.244443,1.256035,0.904234,0.635538,0.194311,0.229183,0.910368,1.257274,1.066732,0.5144,0.189547,1.210947,0.095554,0.327735,0.421769,0.505264,0.527422,1.478622,0.189596,0.519922,0.680258,0.340352,0.380057,0.066972,0.299071,0.632607,0.228844,1.044751,0.275239,0.713659,0.566725,-0.133376,-0.114776,0.95207,0.03824,-0.402186,0.00163,0.359658,0.193216,-0.507029,0.250165,0.409732,1.510976,0.318734,-0.041881,0.240042,-0.454784,1.446682,0.244604,0.275322,0.271548,0.499708,0.451472,0.997884,0.467804,0.270005,-0.103696,-0.076099,0.350221,0.416817,0.394247,0.324528,0.25045,-0.045982,0.350288,0.654028,0.022118,0.430484,0.044076,-0.046882,0.703975,1.149123,0.379665,0.130026,-1.071565,1.102236,-0.427762,0.249389,0.319753,-1.20636,1.468085,-0.60449,-0.353152,0.382053,-0.379451,0.006927,-0.153369,-0.890745,0.422708,-0.032487,0.265612,-0.824637,0.968803,0.234122,-0.101849,0.169983,-0.078286,-0.039684,0.088673,0.489278,0.383963,0.078262,-0.905369,1.90825,0.338442,0.396654,0.101381,-0.241773,0.358312,0.321472,0.606803,-0.786461,0.443639,0.061207,-0.096901,0.776974,1.142688,0.25783,-0.338675,-0.595667,0.134739,0.213003,0.217648,0.055748,-1.530635,0.712022,0.282869,-0.2414,0.35628,-1.290344,-0.03481,-0.844491,0.26859,0.346218,0.515229,0.356385,-0.423498,-0.333295,0.632931,0.490139,0.321434,0.293004,-0.276997,-0.526808,0.631055,0.420674,-0.489936,-0.232206,1.838064,0.778516,0.662263,-0.503221
400.0,88.0,74.9,6.0,4.0,89603.0,90003.0,1.18342,0.684428,0.354361,0.678659,1.662395,0.877301,1.039809,0.337274,1.184434,0.950608,0.721607,1.386633,0.452861,0.384434,0.329279,0.718175,0.404424,0.25053,-0.345757,0.278096,1.141148,0.647547,0.286409,-0.502406,0.278162,0.834466,-0.444095,0.20448,0.332301,0.400008,1.262101,0.474139,0.317495,0.413999,0.322949,1.24125,0.252292,0.296463,0.428457,0.306956,0.627691,0.370413,0.201585,0.023201,0.334422,0.386731,0.43199,0.17624,-0.388707,0.329653,1.178817,0.324713,0.185708,-0.249342,0.409177,0.758159,1.251261,0.2665,-0.045791,0.192481,1.336218,1.480803,0.448559,-0.389015,0.18603,0.896864,1.175134,1.000385,0.464665,0.197545,0.9041,-0.197203,0.007308,0.234068,0.267577,0.518989,-0.037706,0.28151,0.449574,0.539827,0.616805,0.81437,0.370273,0.291674,0.453922,0.433267,0.494929,0.453442,0.324317,0.495942,0.576318,1.122582,0.220964,-0.204853,0.115423,0.478005,1.228156,0.147401,-0.150761,0.262114,1.222558,1.413246,0.154752,-1.023959,0.257052,1.239361,0.907054,0.647345,0.205024,0.242228,0.892071,1.250952,1.026496,0.516508,0.202482,1.204241,0.094578,0.341032,0.433766,0.516726,0.508312,1.440565,0.206831,0.530878,0.691874,0.355632,0.383009,0.086081,0.30936,0.642832,0.220421,1.023251,0.29236,0.702749,0.581382,-0.104872,-0.102778,0.971952,0.048411,-0.406656,-0.009401,0.372035,0.210651,-0.504835,0.264149,0.403114,1.466212,0.331882,-0.027735,0.253413,-0.459312,1.438607,0.254534,0.286864,0.285317,0.479309,0.452467,0.953923,0.477635,0.281937,-0.101978,-0.075146,0.361078,0.431005,0.407669,0.320586,0.219099,-0.023377,0.36443,0.667683,-0.001006,0.386692,0.067374,-0.020591,0.719141,1.141072,0.393493,0.151834,-1.041221,1.100972,-0.459145,0.246367,0.299109,-1.230257,1.478847,-0.613297,-0.339804,0.395797,-0.367808,0.023889,-0.177518,-0.928796,0.433283,-0.017061,0.279043,-0.816667,0.959695,0.246988,-0.088285,0.182031,-0.095567,-0.030202,0.104976,0.499781,0.396342,0.057117,-0.958533,1.881711,0.354216,0.412263,0.082386,-0.276836,0.351283,0.337233,0.620323,-0.776161,0.420606,0.085978,-0.079086,0.788453,1.1507,0.277803,-0.317695,-0.572249,0.148761,0.226708,0.231941,0.065954,-1.541493,0.710644,0.298522,-0.222128,0.37288,-1.269296,-0.019543,-0.893168,0.287574,0.354621,0.511533,0.368424,-0.444938,-0.315656,0.622838,0.501103,0.33367,0.270876,-0.263046,-0.535474,0.640312,0.432499,-0.513023,-0.222111,1.83691,0.791097,0.675652,-0.525854
398.0,88.4,76.3,6.0,6.0,90003.0,90401.0,1.217353,0.676883,0.376567,0.683338,1.639649,0.900189,1.037942,0.364668,1.233403,0.915046,0.747893,1.389095,0.479581,0.375003,0.346193,0.747816,0.384471,0.271184,-0.362578,0.291927,1.162264,0.633998,0.306696,-0.494518,0.238687,0.86529,-0.521865,0.21415,0.347603,0.418293,1.284544,0.428318,0.331201,0.42753,0.340922,1.258385,0.226073,0.313302,0.446534,0.318737,0.648544,0.344367,0.220746,0.054949,0.335089,0.400731,0.408015,0.196229,-0.359783,0.32619,1.198819,0.305844,0.20712,-0.262693,0.402242,0.778831,1.243841,0.287119,-0.07438,0.204418,1.342628,1.48291,0.466902,-0.430522,0.200694,0.87444,1.169179,0.957889,0.469543,0.212714,0.904869,-0.206421,0.019808,0.252146,0.286005,0.501582,-0.038226,0.29157,0.464341,0.556106,0.631213,0.771335,0.38497,0.30495,0.468296,0.44565,0.462636,0.470768,0.317962,0.502684,0.589642,1.100395,0.243194,-0.217527,0.126292,0.492633,1.237177,0.169156,-0.175131,0.273128,1.204558,1.387851,0.175163,-1.035872,0.271962,1.218456,0.90972,0.659597,0.217804,0.257502,0.869303,1.242676,0.978305,0.519851,0.21746,1.197487,0.092986,0.355813,0.447702,0.529832,0.485341,1.393601,0.226814,0.543529,0.705308,0.374221,0.385881,0.1087,0.321583,0.654709,0.209976,0.996494,0.312435,0.692069,0.598356,-0.07108,-0.088742,0.997443,0.059989,-0.411158,-0.022409,0.385724,0.230833,-0.5012,0.280555,0.393883,1.411175,0.346868,-0.010635,0.268854,-0.466293,1.426868,0.265755,0.300345,0.301296,0.453985,0.452753,0.901167,0.489119,0.29584,-0.096525,-0.074444,0.372327,0.447457,0.423334,0.314616,0.182031,0.00305,0.381197,0.683394,-0.026186,0.334539,0.09524,0.011302,0.737068,1.130858,0.410123,0.177649,-1.002851,1.099574,-0.497055,0.242657,0.274543,-1.258033,1.487946,-0.624002,-0.326378,0.411473,-0.353583,0.043616,-0.205526,-0.975776,0.445139,0.001425,0.294551,-0.807697,0.946793,0.261963,-0.071875,0.196123,-0.115822,-0.019472,0.123814,0.511782,0.410623,0.032637,-1.020343,1.840508,0.37261,0.430357,0.060341,-0.317533,0.337461,0.355656,0.636003,-0.761448,0.396841,0.114972,-0.057707,0.801636,1.157228,0.302117,-0.292165,-0.544859,0.16543,0.242262,0.248713,0.07741,-1.553125,0.708583,0.316845,-0.199177,0.391467,-1.2433,-0.001554,-0.950709,0.309625,0.364099,0.510577,0.382416,-0.47006,-0.294447,0.609566,0.514083,0.347942,0.244842,-0.246583,-0.552675,0.650768,0.446163,-0.538188,-0.209974,1.829492,0.805315,0.691022,-0.550409
66.0,67.5,55.0,0.0,1.0,9827.0,9893.0,-0.953017,0.441977,-1.24302,-0.386553,-0.908756,-1.086502,0.148137,-1.286061,-1.034464,0.378194,-1.198769,-0.304789,-1.267722,0.556191,-1.155309,-1.001967,0.739307,-1.097972,0.727661,-0.620135,-0.946057,0.671807,-1.145478,0.476196,0.514812,-0.602067,0.34761,-1.08331,-1.085084,-1.063959,0.050789,0.576901,-1.112975,-1.016266,-1.019566,0.288245,0.911608,-1.117891,-1.124189,-0.946963,-0.995787,0.916437,-1.09694,-1.470613,-1.014721,-0.947402,0.873292,-1.069622,-1.421859,-1.099852,-0.713011,1.009313,-1.086655,0.744358,-1.188121,-0.942821,0.279721,-1.099054,0.818069,-1.184864,-0.844315,-0.880799,-1.189185,1.154485,-0.981775,0.404589,-1.111698,-1.153369,-0.956903,-0.941712,1.050156,-1.048024,-1.053761,-0.992074,-0.995623,1.004243,-1.156884,-1.118526,-0.897125,-0.936461,-0.793159,0.678863,-1.107273,-0.900646,-0.920972,-0.775896,1.001947,-1.140677,-0.63164,-0.900984,-0.796556,0.447144,-1.059204,0.988959,-1.051732,-1.065686,-0.917412,-1.064537,1.125366,-1.009351,0.462108,0.302821,-1.068264,-0.150551,-0.991373,0.15341,-0.971315,-1.132457,-0.883162,-0.938779,0.407917,-1.070991,-0.782252,-0.933503,-0.941552,-0.103313,-1.088839,-1.058947,-0.925084,-0.857041,0.994539,0.106691,-1.132735,-0.891785,-0.839315,-1.006053,-1.054023,-1.055541,-0.959524,-0.866084,0.89211,0.569316,-1.089253,-0.54753,-0.791176,-1.309304,-1.062465,0.561584,-1.067529,0.978244,0.76791,-0.952359,-1.012158,-0.664351,-0.97156,-1.264904,-0.330972,-0.923292,-0.863551,-0.916152,-1.010639,-0.590534,-0.949543,-0.851299,-0.883159,0.427085,-1.159171,0.151569,-0.820343,-0.880414,-0.578829,-1.123437,-1.066681,-0.960004,-0.882286,1.228102,0.666622,-1.200294,-1.065622,-0.939266,1.319525,-1.2261,-1.167941,-1.19628,-0.84792,0.627834,-1.285046,-1.081119,-0.844263,0.418253,0.753672,-0.83308,1.076665,0.576319,-0.708487,1.429297,-0.75273,-0.975094,-0.943673,-0.863908,1.049864,-0.433015,-0.922855,-0.995984,-0.923501,0.130543,-0.813992,-0.984504,-1.049192,-0.877573,0.901095,-1.084786,-1.014717,-0.81631,-0.837754,1.051914,-0.339159,-1.215781,-1.025847,-0.985543,1.084941,0.869632,-1.672093,-1.007045,-0.954812,-0.622525,0.6886,-1.21899,-1.419507,-0.952662,0.113845,-1.18905,-1.289589,-1.195732,-0.962332,-1.104316,-1.010792,-1.141806,-0.094624,-0.672866,-0.990784,-0.994585,-1.193017,-0.826138,-1.003035,0.420706,-1.17236,-0.92316,0.738438,-0.821608,0.945259,-0.991804,0.358686,-0.841082,-0.858128,0.607127,-1.06339,-0.53621,-0.790341,-0.833987,1.103444,-1.039448,-0.710831,-1.108815,-1.006939,1.10605
132.0,88.3,74.0,1.0,1.0,90401.0,90533.0,-1.032517,0.986051,-1.26545,1.88982,-1.466958,-1.511329,0.622291,-1.192996,-0.589868,0.986236,-1.404306,-0.127351,-1.252654,1.262487,-1.397026,-1.556111,1.067232,-1.365121,1.826639,-1.666478,-1.419972,0.814907,-1.341661,1.994344,1.191739,-1.792626,1.456356,-1.39155,-1.501679,-1.521704,-1.261125,0.885075,-1.424809,-1.614301,-1.532994,-0.575592,1.058905,-1.410827,-1.470561,-1.616535,-1.639966,0.957186,-1.363425,-0.441809,-1.583205,-1.611563,0.863258,-1.364309,0.420858,-1.477627,-1.477519,0.892449,-1.341582,1.727798,-1.500658,-1.646563,0.15591,-1.372251,1.451096,-1.369836,-1.356627,-1.264484,-1.337957,0.707576,-1.535028,0.867539,-1.542356,-0.048083,-1.754924,-1.53421,-1.628458,-1.059583,-1.270982,-1.511883,-1.528261,0.673348,-1.192754,-1.448712,-1.721176,-1.711361,-1.829707,0.380537,-1.452154,-1.657228,-1.706184,-1.74667,0.799686,-1.432835,-1.881055,-1.740396,-1.806909,0.174483,-1.40057,1.541873,-1.402659,-1.550018,-1.67813,-1.344837,1.257217,-1.596319,-0.179305,-0.300879,-1.325367,-0.773941,-1.567796,0.298126,-1.643071,-1.46545,-1.61453,-1.58037,0.872759,-1.527944,0.208759,-1.787614,-1.538334,-1.908379,-1.366092,-1.511364,-1.698086,-1.779986,0.71221,-0.821034,-1.33157,-1.756847,-1.818166,-1.494212,-1.560769,-1.346232,-1.623112,-1.807527,1.291756,0.044857,-1.418535,-1.79761,-1.767786,-0.578958,-1.096553,0.119723,-1.22201,1.574528,1.523849,-1.583099,-1.463445,-1.09553,-1.576571,-1.266434,-0.964412,-1.646266,-1.452699,-1.592883,0.328386,-1.55028,-1.58424,-1.681036,-1.638897,1.523059,-1.473798,-0.097163,-1.800915,-1.662608,-1.58217,-1.142482,-1.463643,-1.655982,-1.710632,1.161831,1.328124,-1.001951,-1.568013,-1.741156,0.807532,-0.373355,-1.142234,-1.206911,-1.794417,0.003684,-1.296438,-1.332709,-0.291836,-0.679614,1.80756,-1.716383,0.854842,1.368985,-1.756449,1.407961,-0.958612,-1.622244,-0.966016,-1.43336,1.300986,-0.522887,-1.699973,-1.36092,-1.597171,1.911612,-1.674564,-1.568898,-1.26306,-1.588138,1.618905,-1.161363,-1.384549,-1.798359,-1.735327,1.182123,0.044952,-0.640089,-1.556741,-1.616509,1.129701,1.454833,0.929935,-1.572118,-1.726366,-0.933015,0.784305,-0.960966,-0.825956,-1.737929,-1.268245,-1.351442,-0.625433,-0.342097,-1.501327,-1.388307,-1.498994,-1.226165,1.710375,-1.972892,-1.611101,-1.10818,-1.407505,0.993293,-1.296946,0.580712,-1.332552,-1.694641,-0.022102,-1.731342,1.699776,-0.993959,0.107714,-1.814555,-1.694026,1.584168,-0.878715,1.192011,-1.854883,-1.755111,1.399563,-1.090883,-0.628858,-1.620402,-1.681369,1.401513
199.0,76.2,62.2,6.0,6.0,90533.0,90732.0,1.251285,0.669337,0.398774,0.688016,1.616903,0.923078,1.036076,0.392063,1.282371,0.879483,0.774179,1.391556,0.506301,0.365573,0.363107,0.777457,0.364518,0.291839,-0.379399,0.305758,1.18338,0.620449,0.326983,-0.486629,0.199213,0.896114,-0.599636,0.223819,0.362904,0.436578,1.306987,0.382497,0.344907,0.44106,0.358895,1.27552,0.199854,0.33014,0.464612,0.330518,0.669396,0.318321,0.239907,0.086697,0.335757,0.414731,0.38404,0.216219,-0.330858,0.322727,1.218821,0.286975,0.228533,-0.276044,0.395307,0.799503,1.236422,0.307739,-0.102969,0.216355,1.349039,1.485018,0.485244,-0.472029,0.215358,0.852016,1.163225,0.915393,0.474421,0.227883,0.905637,-0.21564,0.032309,0.270223,0.304432,0.484175,-0.038746,0.301629,0.479109,0.572385,0.645621,0.7283,0.399668,0.318226,0.482669,0.458033,0.430342,0.488094,0.311607,0.509426,0.602966,1.078208,0.265424,-0.230201,0.137161,0.50726,1.246199,0.190911,-0.199502,0.284141,1.186558,1.362457,0.195574,-1.047785,0.286872,1.197552,0.912386,0.671848,0.230584,0.272776,0.846536,1.2344,0.930114,0.523195,0.232439,1.190733,0.091394,0.370594,0.461637,0.542938,0.46237,1.346638,0.246797,0.556181,0.718743,0.39281,0.388753,0.131318,0.333806,0.666585,0.199532,0.969738,0.332509,0.681388,0.615329,-0.037287,-0.074707,1.022934,0.071567,-0.41566,-0.035416,0.399412,0.251015,-0.497564,0.296962,0.384653,1.356137,0.361854,0.006465,0.284296,-0.473273,1.415129,0.276975,0.313826,0.317275,0.428662,0.45304,0.848411,0.500604,0.309744,-0.091072,-0.073743,0.383577,0.463909,0.438999,0.308646,0.144963,0.029478,0.397965,0.699104,-0.051366,0.282386,0.123105,0.043194,0.754995,1.120643,0.426753,0.203464,-0.96448,1.098175,-0.534966,0.238948,0.249976,-1.285809,1.497045,-0.634707,-0.312951,0.427149,-0.339359,0.063342,-0.233535,-1.022755,0.456996,0.019911,0.310058,-0.798726,0.93389,0.276939,-0.055464,0.210214,-0.136076,-0.008742,0.142651,0.523783,0.424905,0.008156,-1.082153,1.799304,0.391005,0.44845,0.038295,-0.35823,0.323638,0.374079,0.651682,-0.746735,0.373076,0.143965,-0.036328,0.814819,1.163757,0.326431,-0.266635,-0.51747,0.182099,0.257816,0.265484,0.088867,-1.564757,0.706522,0.335167,-0.176225,0.410053,-1.217304,0.016435,-1.00825,0.331675,0.373576,0.50962,0.396408,-0.495181,-0.273238,0.596294,0.527062,0.362213,0.218808,-0.230121,-0.569876,0.661224,0.459827,-0.563352,-0.197837,1.822074,0.819532,0.706391,-0.574964
467.0,78.0,65.6,6.0,11.0,90732.0,91199.0,1.319005,0.654279,0.443092,0.697353,1.571509,0.968756,1.032351,0.446734,1.380097,0.808511,0.826638,1.396469,0.559627,0.346752,0.396861,0.836612,0.324697,0.333059,-0.412969,0.333361,1.22552,0.593409,0.367469,-0.470887,0.120433,0.95763,-0.754843,0.243116,0.393442,0.473071,1.351778,0.291052,0.37226,0.468063,0.394764,1.309717,0.147529,0.363744,0.500689,0.354029,0.711012,0.266341,0.278147,0.150057,0.337088,0.442671,0.336192,0.256111,-0.273134,0.315815,1.258739,0.249317,0.271265,-0.302689,0.381467,0.840758,1.221615,0.348889,-0.160025,0.240179,1.361832,1.489223,0.521851,-0.554865,0.244622,0.807264,1.151343,0.830583,0.484155,0.258156,0.907171,-0.234037,0.057255,0.306301,0.341209,0.449435,-0.039783,0.321705,0.50858,0.604874,0.674375,0.642415,0.428999,0.344721,0.511353,0.482745,0.365894,0.522671,0.298924,0.522881,0.629556,1.033928,0.309788,-0.255494,0.158853,0.536453,1.264203,0.234327,-0.248138,0.306121,1.150635,1.311776,0.236308,-1.07156,0.316627,1.155833,0.917707,0.696297,0.256089,0.303259,0.801099,1.217884,0.833937,0.529867,0.262331,1.177254,0.088217,0.400092,0.48945,0.569094,0.416527,1.252912,0.286677,0.581429,0.745555,0.429907,0.394484,0.176459,0.358199,0.690288,0.178688,0.916339,0.372572,0.660074,0.649202,0.030153,-0.046696,1.073806,0.094674,-0.424645,-0.061376,0.42673,0.291292,-0.490308,0.329704,0.366231,1.246299,0.391762,0.040592,0.315112,-0.487203,1.391702,0.299368,0.34073,0.349166,0.378123,0.453611,0.743126,0.523524,0.337491,-0.080189,-0.072342,0.406028,0.496743,0.470262,0.296732,0.070986,0.082219,0.431427,0.730458,-0.101619,0.178303,0.178716,0.106842,0.790771,1.100258,0.459942,0.254984,-0.887905,1.095384,-0.610625,0.231544,0.200949,-1.341243,1.515205,-0.656072,-0.286156,0.458435,-0.310971,0.102711,-0.289432,-1.116513,0.480658,0.056802,0.341008,-0.780824,0.90814,0.306826,-0.022713,0.238336,-0.176498,0.012672,0.180246,0.547734,0.453406,-0.0407,-1.205507,1.717074,0.427714,0.48456,-0.005701,-0.439448,0.296052,0.410847,0.682973,-0.717373,0.325649,0.201829,0.006339,0.841129,1.176785,0.374955,-0.215684,-0.462809,0.215365,0.288857,0.298955,0.111731,-1.587972,0.702408,0.371733,-0.130421,0.447146,-1.165423,0.052336,-1.123086,0.375682,0.392491,0.507711,0.424333,-0.545316,-0.230911,0.569807,0.552966,0.390694,0.166851,-0.197267,-0.604204,0.682092,0.487096,-0.613573,-0.173615,1.807269,0.847905,0.737064,-0.623969
798.0,85.5,74.4,4.0,6.0,91199.0,91997.0,1.398302,0.639407,0.493778,0.697182,1.517253,1.019473,1.027367,0.507003,1.493648,0.722641,0.886998,1.401083,0.619094,0.324507,0.435323,0.902371,0.282083,0.380624,-0.451663,0.358378,1.272842,0.562061,0.413419,-0.458872,0.036968,1.024211,-0.899946,0.267576,0.427101,0.51289,1.396626,0.196282,0.40482,0.498391,0.434909,1.340923,0.089305,0.403006,0.541336,0.381748,0.755821,0.207402,0.322152,0.216973,0.339196,0.473576,0.282933,0.302015,-0.215451,0.308473,1.30257,0.205101,0.320358,-0.33595,0.370198,0.886024,1.197542,0.395667,-0.225183,0.268657,1.374752,1.488669,0.564608,-0.636594,0.278013,0.753816,1.135974,0.739996,0.497765,0.292506,0.899465,-0.248506,0.088686,0.346506,0.38233,0.407197,-0.03374,0.34803,0.542277,0.640217,0.705021,0.546541,0.464859,0.376309,0.543883,0.508902,0.291571,0.563096,0.28755,0.537712,0.659754,0.973189,0.360302,-0.289739,0.184629,0.568284,1.27553,0.284076,-0.304665,0.332057,1.103517,1.247653,0.283479,-1.091494,0.350878,1.104577,0.925846,0.722627,0.286061,0.337901,0.747006,1.197252,0.729757,0.539585,0.296179,1.155238,0.091095,0.434241,0.521856,0.598335,0.36172,1.145204,0.333928,0.609053,0.774197,0.470302,0.400922,0.229542,0.386212,0.716759,0.148063,0.854717,0.421261,0.643882,0.689125,0.111845,-0.017909,1.120962,0.122809,-0.435769,-0.09362,0.45684,0.337489,-0.476289,0.36785,0.341835,1.131985,0.426159,0.081639,0.349884,-0.507516,1.365395,0.326004,0.371748,0.385034,0.315902,0.457042,0.623603,0.549581,0.36889,-0.06245,-0.069856,0.429014,0.534173,0.505128,0.261428,-0.014413,0.143987,0.47127,0.764656,-0.156917,0.055889,0.245279,0.180476,0.831291,1.072344,0.497484,0.315413,-0.793926,1.09196,-0.690917,0.222363,0.143182,-1.393642,1.519601,-0.683251,-0.247344,0.493585,-0.274692,0.148659,-0.351331,-1.19659,0.506695,0.101656,0.376283,-0.762236,0.886134,0.340881,0.019322,0.270949,-0.224862,0.041528,0.222367,0.574126,0.48521,-0.095003,-1.333441,1.604581,0.469202,0.524435,-0.05566,-0.532492,0.257858,0.453371,0.717321,-0.673254,0.272038,0.266255,0.060559,0.869679,1.200232,0.430498,-0.154408,-0.39682,0.253936,0.323093,0.336917,0.136149,-1.59438,0.699009,0.414606,-0.076895,0.484701,-1.09474,0.093506,-1.241371,0.427648,0.411793,0.515482,0.455356,-0.599086,-0.177734,0.536834,0.58292,0.422832,0.109312,-0.155673,-0.656084,0.704555,0.517397,-0.663939,-0.143293,1.775234,0.878468,0.770377,-0.672485
1301.0,81.5,70.9,5.0,9.0,91997.0,93298.0,1.466299,0.631426,0.535153,0.677855,1.468827,1.058173,1.022015,0.552208,1.589488,0.644236,0.936909,1.403076,0.664944,0.305075,0.466463,0.952697,0.252477,0.420196,-0.483779,0.36721,1.309923,0.535726,0.4503,-0.459655,-0.019432,1.071886,-0.961085,0.291767,0.452335,0.542006,1.421956,0.136279,0.433656,0.522166,0.466126,1.352421,0.044643,0.436519,0.573428,0.405841,0.787469,0.160194,0.35855,0.261785,0.341949,0.496947,0.242047,0.339979,-0.183109,0.303475,1.335126,0.166981,0.360821,-0.368032,0.369062,0.919583,1.165268,0.433346,-0.278201,0.294082,1.382273,1.478733,0.601085,-0.680301,0.305131,0.70618,1.120282,0.677386,0.513252,0.320064,0.876445,-0.248697,0.119468,0.377455,0.414233,0.368286,-0.016021,0.375471,0.569767,0.66586,0.726076,0.47244,0.498223,0.404366,0.569946,0.526528,0.229819,0.597649,0.283802,0.548834,0.684027,0.905752,0.401138,-0.327093,0.207382,0.591518,1.268395,0.324852,-0.352403,0.354639,1.054387,1.18442,0.323016,-1.094933,0.379226,1.056473,0.936121,0.741232,0.311948,0.365789,0.699088,1.177329,0.655002,0.551209,0.323208,1.125597,0.104961,0.462844,0.549366,0.621011,0.312779,1.056373,0.3754,0.629386,0.794,0.49968,0.405972,0.275449,0.40928,0.73724,0.111063,0.803445,0.466081,0.645141,0.723801,0.186595,-0.000156,1.139955,0.148795,-0.446351,-0.12446,0.479416,0.375433,-0.454729,0.400222,0.316039,1.058671,0.454575,0.118711,0.377432,-0.531843,1.344782,0.34956,0.397506,0.413242,0.257297,0.464752,0.527615,0.570577,0.393926,-0.038612,-0.066262,0.443019,0.564512,0.532015,0.194277,-0.085525,0.196971,0.50657,0.789632,-0.198208,-0.050002,0.304848,0.242068,0.863664,1.041425,0.527394,0.367406,-0.705897,1.088756,-0.745428,0.213605,0.093032,-1.41696,1.494238,-0.710291,-0.201221,0.521161,-0.238336,0.187796,-0.39827,-1.21394,0.526137,0.142974,0.404863,-0.7504,0.881331,0.368454,0.061728,0.298366,-0.268114,0.072803,0.255201,0.593899,0.509769,-0.136548,-1.414623,1.480136,0.502192,0.554468,-0.095805,-0.608713,0.214932,0.48892,0.742814,-0.618606,0.229394,0.315745,0.114406,0.890262,1.234482,0.475921,-0.099076,-0.336814,0.28635,0.348803,0.367341,0.153019,-1.563994,0.698545,0.451465,-0.031189,0.506749,-1.016977,0.127308,-1.314848,0.47296,0.423427,0.539428,0.479062,-0.636667,-0.125896,0.505182,0.607949,0.448295,0.065672,-0.114615,-0.720748,0.720409,0.540562,-0.692546,-0.11391,1.722377,0.90008,0.794446,-0.698771
101.0,76.3,60.7,2.0,7.0,93298.0,93399.0,1.523749,0.624683,0.570111,0.661526,1.427912,1.090871,1.017494,0.590403,1.670463,0.577992,0.979079,1.40476,0.703684,0.288657,0.492774,0.995218,0.227463,0.45363,-0.510914,0.374673,1.341254,0.513475,0.481461,-0.460317,-0.067085,1.112166,-1.012741,0.312206,0.473655,0.566606,1.443357,0.085583,0.458019,0.542253,0.492502,1.362135,0.006909,0.464835,0.600542,0.426198,0.814209,0.120307,0.389304,0.299646,0.344275,0.516694,0.207502,0.372056,-0.155783,0.299251,1.362633,0.134772,0.395008,-0.395139,0.368103,0.947938,1.137999,0.465181,-0.322997,0.315564,1.388627,1.470337,0.631904,-0.71723,0.328043,0.665931,1.107023,0.624486,0.526337,0.343348,0.856996,-0.248858,0.145476,0.403604,0.441188,0.33541,-0.001051,0.398655,0.592993,0.687526,0.743865,0.409832,0.526413,0.428072,0.591968,0.541421,0.177644,0.626842,0.280635,0.558231,0.704535,0.848773,0.435641,-0.358653,0.226606,0.611148,1.262367,0.359303,-0.392737,0.373719,1.012876,1.130993,0.356421,-1.097838,0.403178,1.01583,0.944802,0.756951,0.333819,0.389351,0.658601,1.160496,0.59184,0.56103,0.346046,1.100552,0.116676,0.48701,0.572609,0.640171,0.271428,0.98132,0.41044,0.646566,0.810732,0.524501,0.410238,0.314237,0.428771,0.754545,0.079802,0.760126,0.50395,0.646204,0.753099,0.249752,0.014843,1.156003,0.170751,-0.455291,-0.150517,0.498491,0.407491,-0.436512,0.427574,0.294245,0.996727,0.478584,0.150034,0.400707,-0.552397,1.327366,0.369462,0.419268,0.437076,0.207781,0.471266,0.446514,0.588316,0.41508,-0.018471,-0.063225,0.454852,0.590146,0.554731,0.137541,-0.145609,0.241738,0.536396,0.810735,-0.233096,-0.139471,0.355178,0.294107,0.891017,1.015302,0.552665,0.411334,-0.631521,1.086049,-0.791485,0.206205,0.050659,-1.436663,1.472809,-0.733136,-0.162252,0.544461,-0.207619,0.220863,-0.43793,-1.228599,0.542563,0.177884,0.42901,-0.7404,0.877274,0.391752,0.097557,0.32153,-0.304658,0.099227,0.282942,0.610607,0.530518,-0.17165,-1.483214,1.374991,0.530064,0.579843,-0.129724,-0.673114,0.178663,0.518956,0.764354,-0.572434,0.193363,0.357561,0.159902,0.907652,1.263421,0.5143,-0.052325,-0.286114,0.313736,0.370525,0.393046,0.167274,-1.538321,0.698152,0.482606,0.007429,0.525377,-0.951275,0.155868,-1.376928,0.511244,0.433257,0.559661,0.499092,-0.66842,-0.082098,0.478439,0.629097,0.469808,0.028801,-0.079925,-0.775382,0.733804,0.560135,-0.716716,-0.089084,1.677719,0.91834,0.814783,-0.72098
233.0,75.0,57.6,8.0,12.0,93399.0,93632.0,1.554914,0.621025,0.589074,0.652668,1.405717,1.108608,1.015041,0.611122,1.71439,0.542056,1.001955,1.405673,0.724699,0.279751,0.507047,1.018284,0.213894,0.471767,-0.525634,0.378721,1.358249,0.501405,0.498365,-0.460676,-0.092935,1.134017,-1.040763,0.323294,0.48522,0.579951,1.454966,0.058082,0.471236,0.55315,0.50681,1.367405,-0.013561,0.480195,0.615251,0.43724,0.828714,0.09867,0.405987,0.320185,0.345537,0.527406,0.188763,0.389456,-0.14096,0.29696,1.377555,0.1173,0.413553,-0.409843,0.367583,0.963319,1.123206,0.482451,-0.347297,0.327217,1.392074,1.465783,0.648622,-0.737263,0.340473,0.644098,1.099831,0.595789,0.533436,0.355979,0.846445,-0.248945,0.159584,0.41779,0.45581,0.317576,0.00707,0.411232,0.605592,0.69928,0.753515,0.375869,0.541705,0.440932,0.603914,0.5495,0.14934,0.642679,0.278917,0.563329,0.71566,0.817865,0.454357,-0.375774,0.237034,0.621796,1.259097,0.377992,-0.414616,0.384069,0.990358,1.102011,0.374542,-1.099415,0.41617,0.993783,0.949512,0.765478,0.345684,0.402132,0.636638,1.151364,0.557577,0.566358,0.358434,1.086967,0.123031,0.50012,0.585218,0.650564,0.248997,0.940606,0.429447,0.655885,0.819809,0.537966,0.412553,0.335278,0.439343,0.763932,0.062844,0.736626,0.524493,0.646781,0.768992,0.284013,0.022979,1.164708,0.182661,-0.460141,-0.164651,0.508838,0.424882,-0.426631,0.442411,0.282422,0.963124,0.491607,0.167025,0.413333,-0.563547,1.317918,0.380259,0.431073,0.450005,0.18092,0.4748,0.402519,0.597939,0.426555,-0.007545,-0.061577,0.461271,0.604052,0.567055,0.106764,-0.178202,0.266022,0.552575,0.822183,-0.252022,-0.188004,0.38248,0.322336,0.905855,1.001131,0.566374,0.435164,-0.591174,1.08458,-0.816469,0.202191,0.027674,-1.44735,1.461184,-0.745529,-0.141112,0.557101,-0.190956,0.238801,-0.459443,-1.236551,0.551474,0.196821,0.442109,-0.734975,0.875073,0.40439,0.116993,0.334096,-0.324482,0.113561,0.297991,0.61967,0.541774,-0.190692,-1.520422,1.317954,0.545185,0.593608,-0.148124,-0.708049,0.158988,0.535249,0.776038,-0.547387,0.173818,0.380244,0.184582,0.917086,1.279119,0.535119,-0.026965,-0.258611,0.328593,0.382309,0.406991,0.175006,-1.524394,0.697939,0.4995,0.028378,0.535482,-0.915634,0.17136,-1.410605,0.532012,0.43859,0.570636,0.509958,-0.685644,-0.058339,0.463932,0.640569,0.481479,0.008799,-0.061107,-0.80502,0.741071,0.570753,-0.729827,-0.075617,1.653493,0.928246,0.825815,-0.733027
99.0,70.0,53.3,0.0,0.0,93632.0,93731.0,1.585922,0.617385,0.607941,0.643855,1.383634,1.126256,1.012601,0.631736,1.758094,0.506302,1.024716,1.406581,0.745607,0.27089,0.521248,1.041233,0.200393,0.489813,-0.54028,0.382749,1.375159,0.489396,0.515183,-0.461033,-0.118654,1.155757,-1.068643,0.334326,0.496727,0.593228,1.466517,0.03072,0.484385,0.563992,0.521045,1.372648,-0.033928,0.495478,0.629885,0.448227,0.843146,0.077142,0.422585,0.34062,0.346792,0.538064,0.170118,0.406768,-0.126211,0.29468,1.392401,0.099916,0.432005,-0.424473,0.367065,0.978623,1.108489,0.499633,-0.371474,0.338811,1.395504,1.461252,0.665256,-0.757195,0.352839,0.622375,1.092675,0.567238,0.540498,0.368546,0.835948,-0.249032,0.173621,0.431903,0.470359,0.299831,0.01515,0.423745,0.618127,0.710973,0.763116,0.342078,0.55692,0.453727,0.6158,0.557538,0.12118,0.658435,0.277208,0.568401,0.726729,0.787112,0.472979,-0.392808,0.24741,0.632391,1.255843,0.396586,-0.436385,0.394367,0.967954,1.073175,0.392571,-1.100983,0.429097,0.971847,0.954197,0.773962,0.357489,0.41485,0.614787,1.142279,0.523487,0.571659,0.37076,1.07345,0.129353,0.513163,0.597763,0.660905,0.226679,0.900098,0.448359,0.665157,0.828839,0.551363,0.414856,0.356212,0.449863,0.773272,0.045971,0.713245,0.544931,0.647355,0.784805,0.3181,0.031075,1.17337,0.194511,-0.464967,-0.178715,0.519133,0.442185,-0.416799,0.457174,0.270658,0.929691,0.504566,0.183931,0.425896,-0.574641,1.308518,0.391001,0.442819,0.462869,0.154195,0.478316,0.358747,0.607514,0.437972,0.003326,-0.059938,0.467657,0.617887,0.579316,0.076142,-0.21063,0.290184,0.568673,0.833572,-0.270851,-0.236292,0.409645,0.350423,0.920618,0.987031,0.580014,0.458873,-0.551031,1.083119,-0.841327,0.198198,0.004804,-1.457984,1.449618,-0.75786,-0.120079,0.569677,-0.174377,0.256648,-0.480849,-1.244463,0.56034,0.215663,0.455142,-0.729578,0.872883,0.416964,0.136331,0.346598,-0.344206,0.127823,0.312964,0.628687,0.552973,-0.209637,-1.557443,1.261204,0.560228,0.607303,-0.166431,-0.742807,0.139413,0.55146,0.787663,-0.522467,0.154371,0.402813,0.209137,0.926472,1.294738,0.555832,-0.001732,-0.231247,0.343374,0.394033,0.420865,0.1827,-1.510537,0.697728,0.516308,0.049221,0.545536,-0.880172,0.186774,-1.444111,0.552675,0.443895,0.581556,0.520768,-0.702782,-0.0347,0.449498,0.651983,0.49309,-0.011101,-0.042384,-0.834508,0.7483,0.581317,-0.742873,-0.062218,1.62939,0.938101,0.836791,-0.745014
166.0,67.4,53.2,5.0,1.0,93731.0,93897.0,1.621013,0.614374,0.626909,0.624215,1.358257,1.145899,1.00938,0.6516,1.791927,0.467117,1.049394,1.406727,0.765419,0.260387,0.5355,1.06432,0.186436,0.50822,-0.553859,0.386325,1.393219,0.474566,0.532075,-0.46573,-0.140756,1.173065,-1.084986,0.347467,0.507686,0.605259,1.473848,0.006203,0.498915,0.574196,0.534656,1.374203,-0.054295,0.511764,0.642878,0.459537,0.856706,0.054908,0.439816,0.357682,0.349469,0.549378,0.15017,0.424535,-0.113999,0.293997,1.405565,0.080957,0.450567,-0.440902,0.368893,0.993216,1.087168,0.516892,-0.395423,0.350416,1.397486,1.451599,0.68198,-0.773077,0.364051,0.598767,1.081858,0.542173,0.547823,0.381121,0.816744,-0.244839,0.189702,0.445496,0.484362,0.280753,0.025385,0.438688,0.629944,0.721732,0.770757,0.307533,0.573819,0.465983,0.62723,0.56568,0.08932,0.674977,0.274413,0.57403,0.737759,0.747574,0.4917,-0.412863,0.259452,0.643276,1.248085,0.415634,-0.45886,0.405433,0.943418,1.037943,0.411126,-1.100088,0.441665,0.948487,0.956568,0.781756,0.369096,0.427309,0.591078,1.129355,0.492863,0.577237,0.383104,1.055398,0.136772,0.526187,0.609946,0.671046,0.20357,0.859954,0.467767,0.67322,0.836631,0.56251,0.417281,0.377467,0.459971,0.781823,0.026172,0.689316,0.565875,0.647395,0.801126,0.350744,0.037994,1.174286,0.207239,-0.469479,-0.196336,0.529004,0.459864,-0.404834,0.471717,0.258217,0.902276,0.517474,0.201087,0.438154,-0.585134,1.297074,0.402504,0.45427,0.475306,0.125151,0.481265,0.318968,0.616541,0.449473,0.01153,-0.057266,0.474117,0.630885,0.591098,0.034277,-0.242757,0.314218,0.584661,0.843985,-0.290156,-0.287103,0.437011,0.378322,0.934476,0.964926,0.593844,0.482513,-0.510107,1.078956,-0.862843,0.194621,-0.018707,-1.461486,1.432118,-0.767807,-0.093169,0.581937,-0.157184,0.274186,-0.499413,-1.245052,0.569081,0.234243,0.467956,-0.723978,0.871645,0.429499,0.155515,0.359594,-0.365661,0.141274,0.32784,0.636925,0.563525,-0.229938,-1.583322,1.200812,0.574247,0.620119,-0.185208,-0.776566,0.111022,0.566737,0.798342,-0.49642,0.13408,0.421424,0.235887,0.935178,1.316675,0.573779,0.022263,-0.20247,0.358971,0.405796,0.433426,0.190888,-1.489952,0.700805,0.534004,0.069364,0.554,-0.843537,0.202634,-1.466753,0.570733,0.449732,0.584054,0.531031,-0.71602,-0.011146,0.435411,0.661501,0.504352,-0.030644,-0.024887,-0.854763,0.754132,0.591022,-0.756761,-0.047585,1.599594,0.945993,0.846565,-0.757975
99.0,69.7,55.3,0.0,2.0,93897.0,93996.0,1.693433,0.609931,0.662233,0.5682,1.305267,1.185911,1.001995,0.687043,1.836715,0.388295,1.098593,1.405611,0.800137,0.237952,0.561999,1.107346,0.159747,0.542979,-0.577084,0.392133,1.428766,0.441976,0.563504,-0.482301,-0.175149,1.197097,-1.094349,0.375639,0.526995,0.625292,1.479779,-0.034063,0.528338,0.591949,0.558743,1.370398,-0.092035,0.543756,0.663974,0.48108,0.880248,0.012433,0.47289,0.383183,0.357003,0.571532,0.110846,0.458274,-0.095969,0.295623,1.426905,0.042974,0.485157,-0.474603,0.376531,1.018967,1.035695,0.549006,-0.439379,0.371937,1.398535,1.42443,0.713126,-0.795165,0.382733,0.55161,1.055179,0.502054,0.56187,0.404436,0.765379,-0.229313,0.223201,0.469738,0.509319,0.242985,0.048258,0.470779,0.650533,0.739969,0.781359,0.242163,0.608184,0.487716,0.647584,0.580953,0.023583,0.707049,0.267266,0.58547,0.758125,0.658391,0.526563,-0.455497,0.284785,0.66397,1.225547,0.451746,-0.501778,0.427326,0.894097,0.961069,0.446455,-1.093965,0.464298,0.902623,0.956764,0.794945,0.390243,0.449925,0.543785,1.098451,0.442408,0.588074,0.406007,1.013732,0.152505,0.550282,0.631861,0.689476,0.15932,0.786237,0.504626,0.685969,0.848821,0.579085,0.421996,0.417427,0.477954,0.796234,-0.015818,0.643986,0.605593,0.646503,0.832288,0.408609,0.048681,1.161943,0.232413,-0.477269,-0.235434,0.546524,0.4933,-0.378797,0.498267,0.233936,0.862391,0.5413,0.233331,0.460316,-0.603486,1.272164,0.4252,0.474951,0.497575,0.067137,0.485703,0.252508,0.632273,0.470937,0.021896,-0.050443,0.486219,0.653453,0.612061,-0.063671,-0.301734,0.358516,0.614084,0.861507,-0.326784,-0.385817,0.488082,0.429675,0.958512,0.909454,0.619811,0.526184,-0.432866,1.066343,-0.896648,0.188749,-0.063433,-1.455044,1.388934,-0.781916,-0.032653,0.604083,-0.124214,0.306121,-0.52866,-1.23287,0.585051,0.268193,0.491299,-0.713235,0.871077,0.452653,0.19078,0.384566,-0.408551,0.164726,0.355228,0.650775,0.581903,-0.270006,-1.611074,1.082311,0.598362,0.642268,-0.22085,-0.837302,0.04244,0.593348,0.81641,-0.446118,0.094957,0.448732,0.289427,0.950075,1.368774,0.602015,0.064476,-0.146592,0.38935,0.427661,0.45432,0.206958,-1.439611,0.712469,0.568401,0.105419,0.566799,-0.77353,0.232826,-1.489006,0.599471,0.461509,0.573417,0.549051,-0.733479,0.032339,0.409939,0.675699,0.524586,-0.066205,0.005311,-0.875556,0.762402,0.607447,-0.784022,-0.018235,1.53407,0.957057,0.862497,-0.783757
66.0,70.0,59.5,4.0,8.0,9893.0,9959.0,-0.24853,-1.914973,1.001682,0.114723,0.186072,0.331305,-1.94272,1.051365,-0.510033,-1.229764,0.481622,-1.879346,0.73987,-2.083863,1.29808,0.635837,-1.772743,0.98416,-0.867284,0.950086,-0.256483,-1.877005,0.962214,-1.073586,-1.609101,0.145932,-0.470992,1.212054,1.192047,1.113644,-1.414185,-1.693232,0.968831,0.99535,1.144591,-1.798445,-1.701162,0.947666,0.638313,1.204434,0.696367,-1.667684,1.09357,0.872603,1.295753,1.260262,-1.743137,1.08594,0.903991,1.482189,-0.755053,-1.717178,1.0539,-1.227801,1.265856,0.361356,-1.883152,0.942316,-1.403968,1.560418,-0.662473,-0.923799,0.443007,-1.910405,1.488531,-1.929411,-0.134473,-2.105514,0.852664,1.302405,-1.138526,1.677015,1.309865,1.250379,1.180407,-2.019839,1.602943,0.917688,0.937119,0.758224,0.865387,-1.740229,0.6612,1.061871,0.93209,1.045643,-1.65448,0.521222,0.715093,0.958208,0.653562,-1.527879,0.931884,-1.255854,1.433184,0.736695,0.154263,1.030717,-1.21397,1.124497,-1.723858,-1.365436,1.028716,2.062802,1.287637,-1.88791,-0.099817,0.342744,1.336028,1.267607,-1.922833,-0.286512,-2.458877,0.76667,1.301539,-0.598784,1.295413,0.944323,1.033638,0.822077,-1.843568,-1.591496,0.878226,0.849036,0.542327,1.364632,1.333886,1.07864,1.121835,0.66208,-1.790221,-2.256266,0.550003,-0.503565,0.332633,0.99397,1.680478,-2.017863,1.647682,-0.805966,-1.377857,1.197087,0.935841,2.184248,1.227863,1.221828,-1.240152,0.991131,1.45819,1.281496,2.34527,-0.802355,1.147004,1.191722,1.209561,-1.400259,1.068791,-2.054379,0.966606,1.153986,2.354381,1.570009,1.004701,0.908152,1.003349,-0.157684,-1.405834,0.764092,0.825116,0.640162,-1.560135,2.205923,0.590724,0.866448,0.379687,-2.026935,0.525983,0.749352,1.52017,-2.057066,-0.81365,1.107507,-1.860638,1.127911,0.451149,-0.606003,0.906483,0.82013,1.872619,1.438301,-1.097471,1.784294,0.851153,1.348353,1.231657,0.54357,-0.532639,0.935049,1.419533,1.30114,-0.977663,1.558102,1.388519,0.956486,1.072245,-1.277895,2.057488,-1.563186,0.963595,1.000722,-1.211603,-0.736076,-0.962907,0.674939,0.705133,1.57832,-1.923441,0.81134,0.585057,0.467461,-1.485352,1.183996,0.871703,1.778389,1.336227,1.283485,1.075455,1.195919,0.490121,0.510151,0.804531,1.541189,0.755417,1.026727,1.482487,2.046244,0.803155,0.674812,-2.165838,1.140741,-0.936093,1.458285,-2.804826,0.700886,1.14544,-1.162802,1.729601,-1.3622,0.753863,1.038379,-0.317856,1.60821,-1.696465,0.310269,0.656868,-0.293726
166.0,67.2,55.2,6.0,5.0,93996.0,94162.0,1.779147,0.604673,0.704041,0.501903,1.242551,1.233268,0.993255,0.728991,1.889725,0.295003,1.156822,1.404291,0.841228,0.211399,0.593362,1.15827,0.128159,0.584118,-0.604571,0.399007,1.470838,0.403404,0.600703,-0.501913,-0.215855,1.22554,-1.105431,0.408983,0.549849,0.649002,1.4868,-0.08172,0.563161,0.612961,0.587251,1.365895,-0.136703,0.581621,0.688943,0.506577,0.908112,-0.037838,0.512034,0.413366,0.36592,0.597752,0.064303,0.498206,-0.074631,0.297548,1.452162,-0.001982,0.526097,-0.514491,0.385573,1.049445,0.974774,0.587015,-0.491405,0.397408,1.399777,1.392273,0.749989,-0.821306,0.404844,0.495796,1.023602,0.454572,0.578496,0.43203,0.704586,-0.210937,0.262848,0.498429,0.538857,0.198284,0.075329,0.508762,0.674902,0.761553,0.793907,0.164794,0.648858,0.513438,0.671674,0.599031,-0.05422,0.745008,0.258807,0.599011,0.782229,0.552838,0.567827,-0.505957,0.314769,0.688462,1.198872,0.494488,-0.552575,0.453238,0.835721,0.870083,0.488269,-1.086719,0.491086,0.84834,0.956997,0.810555,0.415272,0.476692,0.487811,1.061874,0.382691,0.600901,0.433115,0.964418,0.171126,0.5788,0.657799,0.711288,0.106948,0.698988,0.54825,0.701057,0.863249,0.598701,0.427576,0.464722,0.499237,0.813291,-0.065515,0.590335,0.652602,0.645448,0.86917,0.477096,0.061331,1.147333,0.262208,-0.486489,-0.281709,0.567261,0.532874,-0.34798,0.529689,0.205199,0.815184,0.569499,0.271493,0.486545,-0.625207,1.242682,0.452062,0.499428,0.523932,-0.001527,0.490956,0.173848,0.650894,0.496341,0.034165,-0.042367,0.500543,0.680162,0.636873,-0.179599,-0.371537,0.410945,0.648908,0.882246,-0.370135,-0.502651,0.548527,0.490454,0.986961,0.8438,0.650546,0.577872,-0.341447,1.051415,-0.93666,0.1818,-0.116368,-1.44742,1.337823,-0.798616,0.038972,0.630294,-0.085193,0.343918,-0.563275,-1.218451,0.603953,0.308376,0.518926,-0.700521,0.870405,0.480057,0.232518,0.414123,-0.459314,0.192482,0.387642,0.667168,0.603654,-0.317428,-1.643919,0.942059,0.626904,0.668482,-0.263036,-0.909187,-0.038731,0.624844,0.837796,-0.386583,0.048651,0.481052,0.352795,0.967707,1.430437,0.635434,0.114439,-0.080458,0.425306,0.45354,0.47905,0.225977,-1.38003,0.726274,0.609112,0.148092,0.581948,-0.690673,0.26856,-1.515343,0.633483,0.475448,0.560827,0.57038,-0.754143,0.083807,0.379792,0.692503,0.548534,-0.108293,0.041052,-0.900165,0.772191,0.626886,-0.816288,0.016503,1.456519,0.970152,0.881353,-0.814271
133.0,74.0,61.3,2.0,5.0,94162.0,94295.0,-1.088387,0.891347,-1.283564,1.716832,-1.483862,-1.492774,0.544141,-1.220703,-0.608815,0.821682,-1.412894,-0.186086,-1.274243,1.088866,-1.413753,-1.520123,1.011225,-1.355982,1.703978,-1.514554,-1.417407,0.770156,-1.340113,1.697369,0.932276,-1.634027,1.199281,-1.388576,-1.488292,-1.495072,-1.079272,0.778709,-1.411215,-1.577062,-1.494307,-0.453295,1.03687,-1.396337,-1.506976,-1.56789,-1.5812,0.948568,-1.348673,-0.671874,-1.577043,-1.543058,0.849283,-1.335186,0.100218,-1.537142,-1.38687,0.915576,-1.320928,1.571442,-1.690307,-1.607279,0.138248,-1.355672,1.333621,-1.475189,-1.373981,-1.259746,-1.352915,0.685638,-1.508098,0.767939,-1.519818,-0.356499,-1.690768,-1.476754,-1.198869,-1.073677,-1.274441,-1.469247,-1.485373,0.765772,-1.224775,-1.4325,-1.645695,-1.642517,-1.733521,0.404251,-1.425336,-1.590631,-1.631636,-1.596327,0.858887,-1.40977,-1.82248,-1.674758,-1.693776,0.179961,-1.357726,1.497184,-1.413318,-1.502823,-1.611437,-1.309573,1.255401,-1.587455,-0.199996,-0.215151,-1.295541,-0.686078,-1.539666,0.195912,-1.56396,-1.464136,-1.543244,-1.518609,0.773439,-1.502127,-0.073021,-1.719312,-1.480284,-1.617628,-1.33938,-1.483482,-1.618689,-1.697376,0.744984,-0.642168,-1.320367,-1.67846,-1.727569,-1.385908,-1.522916,-1.308488,-1.561867,-1.71486,1.235356,0.138537,-1.369388,-1.643573,-1.670976,-0.597994,-1.13101,0.182553,-1.256977,1.415701,1.385707,-1.522241,-1.406142,-1.060916,-1.530091,-1.327879,-0.970165,-1.549622,-1.383284,-1.526077,0.103939,-1.458551,-1.516663,-1.593933,-1.554328,1.342075,-1.477992,-0.237922,-1.719699,-1.586346,-1.452149,-1.152154,-1.424822,-1.594231,-1.634951,1.280436,1.275076,-1.028069,-1.525211,-1.676091,0.910876,-0.383635,-1.127389,-1.224141,-1.711722,0.106676,-1.32948,-1.295651,-0.318026,-0.560055,1.755421,-1.670945,0.891419,1.275586,-1.617378,1.355019,-0.878389,-1.546322,-0.992055,-1.388809,1.306078,-0.611648,-1.609039,-1.341213,-1.537124,1.697234,-1.584546,-1.527223,-1.273548,-1.512288,1.536963,-1.169632,-1.363008,-1.694109,-1.635159,1.19946,0.007885,-0.837205,-1.522075,-1.565902,1.153826,1.413963,0.685126,-1.543173,-1.671674,-0.800354,0.751579,-0.978918,-1.025273,-1.693224,-1.179974,-1.345473,-0.737473,-0.48205,-1.470351,-1.387647,-1.458177,-1.241436,1.390137,-1.884455,-1.565334,-1.112101,-1.426634,0.634022,-1.278628,0.628209,-1.348017,-1.609212,-0.115192,-1.64867,1.624776,-1.011453,0.082311,-1.75733,-1.608597,1.48564,-0.909506,0.805516,-1.753066,-1.660941,1.363011,-1.086546,-0.752098,-1.60241,-1.635328,1.362594
266.0,74.4,62.0,2.0,3.0,94295.0,94561.0,1.877955,0.598612,0.752237,0.425477,1.170253,1.287859,0.983179,0.777349,1.950833,0.187459,1.223949,1.402769,0.888596,0.180789,0.629517,1.216973,0.091745,0.631543,-0.636259,0.406932,1.519338,0.35894,0.643585,-0.524521,-0.26278,1.258329,-1.118206,0.44742,0.576194,0.676334,1.494893,-0.136658,0.603304,0.637182,0.620115,1.360704,-0.188195,0.62527,0.717726,0.535969,0.940233,-0.095789,0.557159,0.448159,0.376199,0.627978,0.01065,0.54424,-0.050032,0.299767,1.481278,-0.053805,0.573291,-0.560472,0.395995,1.08458,0.904545,0.630831,-0.551379,0.426771,1.401208,1.355204,0.792485,-0.851441,0.430333,0.431455,0.987201,0.399835,0.597661,0.46384,0.634505,-0.189753,0.308554,0.531504,0.572908,0.146753,0.106535,0.552547,0.702994,0.786435,0.808372,0.075605,0.695745,0.54309,0.699445,0.61987,-0.143911,0.788767,0.249055,0.61462,0.810016,0.431158,0.615394,-0.564125,0.349333,0.716697,1.168121,0.54376,-0.611132,0.483109,0.768428,0.765197,0.536472,-1.078365,0.521966,0.785764,0.957264,0.82855,0.444125,0.507549,0.423285,1.019709,0.313851,0.615687,0.464363,0.907569,0.192592,0.611675,0.6877,0.736432,0.046574,0.598409,0.598539,0.718451,0.879881,0.621315,0.434009,0.519243,0.523772,0.832955,-0.122804,0.528488,0.706793,0.644231,0.911686,0.556046,0.075913,1.130492,0.296555,-0.497119,-0.335054,0.591165,0.578495,-0.312456,0.565913,0.172071,0.760765,0.602007,0.315485,0.516782,-0.650247,1.208696,0.483028,0.527645,0.554316,-0.080681,0.497011,0.08317,0.67236,0.525626,0.048309,-0.033057,0.517055,0.710952,0.665475,-0.313238,-0.452004,0.471384,0.689052,0.906153,-0.420109,-0.637335,0.618207,0.560518,1.019755,0.768116,0.685976,0.637456,-0.23606,1.034207,-0.982784,0.173789,-0.177391,-1.438631,1.278904,-0.817866,0.121539,0.660509,-0.04021,0.38749,-0.603178,-1.201829,0.625743,0.354697,0.550774,-0.685863,0.869631,0.511649,0.280633,0.448195,-0.517833,0.224479,0.425009,0.686066,0.628728,-0.372096,-1.681783,0.780378,0.659807,0.698702,-0.311665,-0.992055,-0.132304,0.661152,0.862448,-0.317951,-0.004728,0.51831,0.425845,0.988033,1.501521,0.673959,0.172034,-0.004219,0.466754,0.483372,0.507558,0.247902,-1.311346,0.742188,0.656043,0.197284,0.599412,-0.595157,0.309753,-1.545704,0.672692,0.491517,0.546314,0.594967,-0.777964,0.143137,0.34504,0.711875,0.57614,-0.156811,0.082253,-0.928535,0.783475,0.649296,-0.853483,0.056547,1.367119,0.985247,0.90309,-0.849447
765.0,77.7,64.8,6.0,11.0,94561.0,95326.0,1.942246,0.542884,0.814292,0.277144,0.996238,1.339159,0.917934,0.836514,1.982756,0.007824,1.291896,1.343638,0.945885,0.126714,0.675633,1.266426,0.011546,0.701318,-0.677121,0.440374,1.548006,0.259936,0.710954,-0.550996,-0.334386,1.256064,-1.160541,0.504816,0.615053,0.711331,1.45263,-0.237616,0.662408,0.672932,0.665644,1.305964,-0.272756,0.692952,0.76505,0.579802,0.974418,-0.188953,0.628968,0.515783,0.406393,0.669132,-0.084285,0.616981,0.035951,0.318814,1.497653,-0.144965,0.645305,-0.614843,0.421038,1.116457,0.76059,0.699324,-0.622988,0.466944,1.377354,1.278122,0.865273,-0.830896,0.466353,0.314206,0.918825,0.378361,0.627215,0.516047,0.493645,-0.134561,0.379557,0.580066,0.621345,0.057522,0.153986,0.622743,0.740079,0.819882,0.822428,-0.064242,0.771204,0.591012,0.736853,0.653797,-0.275912,0.860725,0.270725,0.642177,0.845342,0.231414,0.687949,-0.633742,0.409427,0.761537,1.109333,0.620748,-0.685264,0.531719,0.641419,0.591214,0.610739,-1.004312,0.566287,0.661652,0.948321,0.864324,0.489488,0.553713,0.305803,0.942353,0.270829,0.639815,0.515787,0.805441,0.227494,0.658674,0.722058,0.77177,-0.044219,0.438181,0.676128,0.741501,0.897175,0.651301,0.448365,0.602859,0.567671,0.855554,-0.21354,0.431752,0.794394,0.678729,0.96772,0.664463,0.119915,1.032789,0.351181,-0.52205,-0.437662,0.630266,0.65207,-0.237928,0.616915,0.142278,0.689421,0.654568,0.38383,0.561861,-0.688742,1.152288,0.539781,0.569784,0.5984,-0.221661,0.508585,0.002953,0.701731,0.571444,-0.001606,-0.004931,0.543658,0.746947,0.705301,-0.598541,-0.578004,0.568067,0.745352,0.931818,-0.507606,-0.868986,0.7281,0.672234,1.050543,0.597681,0.743881,0.729046,-0.041583,0.974002,-1.027697,0.188139,-0.264421,-1.388315,1.164266,-0.85148,0.266234,0.714628,0.036403,0.445318,-0.659763,-1.089621,0.665359,0.429503,0.595675,-0.687536,0.873805,0.57388,0.358405,0.501212,-0.619204,0.263441,0.483368,0.710652,0.663096,-0.47316,-1.68684,0.543014,0.698191,0.738484,-0.394493,-1.095605,-0.223015,0.711375,0.888141,-0.23032,-0.093399,0.580104,0.560448,1.007829,1.543781,0.707949,0.270002,0.106498,0.526383,0.532488,0.551221,0.298806,-1.168558,0.763866,0.725825,0.276733,0.626752,-0.425141,0.377724,-1.568763,0.724311,0.53684,0.48206,0.627832,-0.810481,0.231334,0.312115,0.738005,0.615309,-0.254876,0.138079,-0.816471,0.794232,0.679743,-0.922699,0.123193,1.20704,0.992703,0.92646,-0.917684
332.0,79.8,66.1,4.0,6.0,95326.0,95658.0,1.986501,0.49609,0.862006,0.158979,0.855775,1.37704,0.863464,0.881751,2.003454,-0.133687,1.342621,1.293467,0.989629,0.083928,0.711055,1.3023,-0.052862,0.755685,-0.708545,0.468001,1.56727,0.180375,0.763755,-0.571136,-0.390366,1.250661,-1.195223,0.549599,0.645339,0.738224,1.415798,-0.317731,0.708464,0.700796,0.700916,1.259919,-0.33928,0.745938,0.802282,0.613999,1.000112,-0.262114,0.685311,0.569658,0.431006,0.700959,-0.15941,0.674021,0.106533,0.334791,1.508506,-0.21707,0.701604,-0.656251,0.44125,1.139868,0.645495,0.752983,-0.677586,0.498029,1.356898,1.216437,0.922728,-0.810213,0.494314,0.221221,0.86448,0.365883,0.650341,0.557115,0.381171,-0.089826,0.435153,0.617899,0.658968,-0.012972,0.191069,0.677856,0.76867,0.845715,0.83286,-0.17383,0.830467,0.62866,0.765753,0.680468,-0.378769,0.917339,0.290204,0.663979,0.872468,0.074285,0.744667,-0.686835,0.456918,0.796713,1.062551,0.68106,-0.742161,0.569931,0.540439,0.454232,0.668848,-0.942162,0.600741,0.562637,0.94068,0.892869,0.525044,0.589739,0.212638,0.880974,0.241503,0.658786,0.556247,0.724533,0.254928,0.695195,0.748135,0.799185,-0.115105,0.31245,0.736844,0.759278,0.910133,0.674429,0.459904,0.668257,0.602439,0.872707,-0.284704,0.355962,0.863218,0.708223,1.010911,0.748382,0.155825,0.951408,0.39404,-0.542145,-0.51935,0.661016,0.709864,-0.178253,0.65649,0.120429,0.634458,0.695864,0.437344,0.597028,-0.718856,1.107874,0.584809,0.602664,0.632705,-0.333277,0.517795,-0.05572,0.724457,0.607342,-0.045593,0.018024,0.564552,0.774324,0.736171,-0.827233,-0.676729,0.64396,0.789021,0.951131,-0.576789,-1.051898,0.814258,0.759904,1.073275,0.460624,0.789416,0.800695,0.112791,0.924578,-1.06104,0.201203,-0.332035,-1.346417,1.072928,-0.878052,0.380652,0.757494,0.096851,0.489924,-0.7037,-0.99587,0.696771,0.488269,0.63052,-0.690513,0.87744,0.623504,0.419506,0.54273,-0.69929,0.293215,0.529085,0.729577,0.689694,-0.553394,-1.687133,0.3581,0.727378,0.769144,-0.459843,-1.174967,-0.290314,0.750278,0.9074,-0.163001,-0.163219,0.628755,0.667284,1.022527,1.572219,0.7328,0.34729,0.192662,0.572747,0.571134,0.585366,0.339812,-1.054293,0.780632,0.78025,0.339148,0.648173,-0.290543,0.431217,-1.585174,0.764095,0.573717,0.428904,0.653203,-0.835636,0.300122,0.287773,0.758195,0.645725,-0.333209,0.181232,-0.718074,0.802192,0.703286,-0.977675,0.17568,1.080252,0.99745,0.944049,-0.972042
366.0,78.5,66.3,5.0,3.0,95658.0,96024.0,1.992608,0.473106,0.879536,0.109787,0.79696,1.387037,0.837445,0.898075,2.002125,-0.190706,1.357451,1.268368,1.005612,0.066331,0.723679,1.311055,-0.080663,0.776338,-0.720314,0.483199,1.568229,0.146809,0.784204,-0.576771,-0.411238,1.244571,-1.209566,0.567203,0.657207,0.748222,1.396029,-0.349754,0.726066,0.712059,0.714133,1.236194,-0.36563,0.766095,0.817445,0.626987,1.00818,-0.291723,0.706903,0.592786,0.442207,0.711861,-0.190997,0.695996,0.137917,0.343108,1.508479,-0.246206,0.72336,-0.670336,0.449813,1.146403,0.598562,0.774107,-0.696971,0.509239,1.345994,1.192498,0.946016,-0.800936,0.504854,0.184801,0.845009,0.371617,0.659352,0.573197,0.340043,-0.070228,0.457273,0.632425,0.673247,-0.041098,0.206392,0.699178,0.779336,0.855055,0.836117,-0.216191,0.852757,0.643511,0.776416,0.689821,-0.416875,0.938437,0.301781,0.673034,0.881161,0.012314,0.766537,-0.705026,0.476073,0.809932,1.043774,0.704636,-0.762825,0.585172,0.498547,0.400308,0.692297,-0.914091,0.61387,0.521429,0.938186,0.906686,0.538826,0.603547,0.176161,0.858825,0.240631,0.666225,0.572113,0.69742,0.267228,0.709631,0.757242,0.809123,-0.141844,0.265057,0.760619,0.766067,0.914554,0.683875,0.465134,0.693678,0.616428,0.878742,-0.310073,0.327063,0.889706,0.724941,1.02702,0.777962,0.172618,0.915937,0.411781,-0.552117,-0.552194,0.672378,0.732668,-0.153804,0.671523,0.114136,0.612093,0.711888,0.457938,0.610611,-0.726436,1.089532,0.602815,0.615262,0.645764,-0.374616,0.521757,-0.070182,0.732813,0.621211,-0.056336,0.030346,0.574554,0.78402,0.747569,-0.912794,-0.713506,0.675478,0.805167,0.95739,-0.602577,-1.116546,0.847947,0.793294,1.080331,0.405543,0.808599,0.828315,0.171276,0.901893,-1.071753,0.210169,-0.357094,-1.328849,1.03649,-0.888513,0.424361,0.774178,0.121091,0.506652,-0.721664,-0.957573,0.709439,0.51138,0.643682,-0.693039,0.880652,0.644319,0.444069,0.558858,-0.729676,0.305345,0.546995,0.736561,0.699729,-0.583398,-1.67988,0.299075,0.738216,0.780511,-0.485792,-1.200688,-0.293865,0.764708,0.91384,-0.136689,-0.189325,0.651406,0.70939,1.026817,1.57411,0.741613,0.380274,0.226095,0.590412,0.586261,0.599402,0.358425,-1.009283,0.786902,0.800673,0.36412,0.660047,-0.236568,0.452083,-1.593092,0.780105,0.5906,0.406824,0.662726,-0.84604,0.327292,0.28447,0.766575,0.65735,-0.364886,0.198233,-0.668708,0.804969,0.712226,-0.996216,0.197314,1.032089,0.998398,0.950038,-0.990482
232.0,77.0,63.9,6.0,7.0,96024.0,96256.0,1.975454,0.443873,0.892411,0.061327,0.738384,1.386024,0.805525,0.909436,1.982106,-0.243314,1.360232,1.23572,1.017163,0.0494,0.732119,1.308055,-0.109907,0.792955,-0.729437,0.505126,1.555893,0.112908,0.801466,-0.577151,-0.427224,1.231347,-1.223514,0.582591,0.667505,0.755819,1.368211,-0.3788,0.740451,0.72252,0.724393,1.204253,-0.389059,0.782376,0.831748,0.637431,1.011182,-0.319293,0.724665,0.616886,0.455036,0.718184,-0.2227,0.714309,0.172594,0.354433,1.499904,-0.27325,0.741629,-0.678281,0.458528,1.1468,0.554173,0.792631,-0.709774,0.517027,1.330759,1.172189,0.967768,-0.79054,0.51317,0.153234,0.831759,0.397824,0.667068,0.58713,0.310247,-0.049089,0.477135,0.644432,0.684714,-0.06651,0.221269,0.717131,0.787515,0.861596,0.837281,-0.251784,0.870235,0.656591,0.784345,0.695742,-0.445544,0.954573,0.319708,0.681913,0.884833,-0.042256,0.784802,-0.715586,0.493787,0.820272,1.026592,0.724975,-0.777495,0.598932,0.457557,0.353024,0.713998,-0.882307,0.624519,0.480859,0.937022,0.923935,0.550485,0.614911,0.144568,0.843411,0.261099,0.672688,0.585903,0.683071,0.280995,0.722406,0.762925,0.816136,-0.16297,0.22768,0.781215,0.771605,0.917078,0.692836,0.471087,0.715324,0.629295,0.882609,-0.327054,0.303584,0.911726,0.749759,1.039368,0.797026,0.192628,0.878002,0.429067,-0.564961,-0.582361,0.680862,0.752769,-0.130461,0.683619,0.11321,0.591033,0.725476,0.475057,0.622003,-0.724577,1.07174,0.619164,0.625622,0.656329,-0.405693,0.525901,-0.065685,0.738964,0.63285,-0.052677,0.047687,0.58686,0.790372,0.756065,-0.978936,-0.741601,0.706381,0.81725,0.960204,-0.622313,-1.158597,0.877035,0.820342,1.082751,0.355003,0.827923,0.851372,0.218011,0.875579,-1.076346,0.225637,-0.375965,-1.311305,1.003582,-0.89769,0.460038,0.788428,0.143233,0.519663,-0.738746,-0.921224,0.72115,0.531599,0.654118,-0.697948,0.887014,0.665117,0.466619,0.572571,-0.754051,0.316794,0.562526,0.741756,0.70766,-0.606563,-1.658862,0.27471,0.746424,0.789077,-0.508988,-1.21226,-0.25134,0.775602,0.917218,-0.113992,-0.209472,0.67823,0.746409,1.027605,1.557258,0.747412,0.414286,0.254443,0.604735,0.599353,0.612893,0.379661,-0.969757,0.791742,0.816587,0.386817,0.677305,-0.187269,0.469998,-1.602936,0.794837,0.610111,0.385168,0.670154,-0.856164,0.351297,0.294066,0.774783,0.66685,-0.394337,0.213168,-0.604271,0.806691,0.719411,-1.006303,0.218216,0.993337,0.997397,0.95343,-1.000766
133.0,77.0,64.0,1.0,4.0,96256.0,96389.0,1.912444,0.336491,0.939709,-0.116681,0.523211,1.382305,0.688273,0.951171,1.908569,-0.436562,1.370451,1.115791,1.059593,-0.012792,0.763124,1.297034,-0.217328,0.853998,-0.762951,0.585672,1.510579,-0.011623,0.864873,-0.578544,-0.485945,1.182771,-1.274753,0.639115,0.705335,0.783725,1.266025,-0.485495,0.79329,0.76095,0.762082,1.08692,-0.475124,0.842179,0.884286,0.675795,1.022209,-0.42057,0.789912,0.705412,0.502165,0.741413,-0.339157,0.781581,0.299976,0.396032,1.468405,-0.372591,0.808736,-0.707466,0.490541,1.148257,0.391118,0.860676,-0.756804,0.545637,1.274797,1.097587,1.047671,-0.752353,0.543715,0.037273,0.783085,0.494091,0.695412,0.638308,0.200792,0.02856,0.550094,0.688537,0.726834,-0.159854,0.275919,0.78308,0.817563,0.885622,0.841556,-0.38253,0.934439,0.704638,0.813474,0.717492,-0.550857,1.013845,0.385562,0.714529,0.898325,-0.242711,0.851896,-0.754376,0.558854,0.858255,0.963473,0.799691,-0.831382,0.649476,0.306987,0.179331,0.793716,-0.76555,0.663636,0.331832,0.932747,0.987296,0.593313,0.656658,0.028516,0.786788,0.336283,0.696428,0.636558,0.630364,0.331569,0.769333,0.783797,0.8419,-0.240573,0.090381,0.856873,0.791945,0.926351,0.725755,0.492955,0.794838,0.676559,0.896811,-0.389431,0.217337,0.992614,0.840923,1.084727,0.867054,0.266131,0.738653,0.492564,-0.612142,-0.693174,0.712027,0.826605,-0.044715,0.728052,0.109807,0.513671,0.775393,0.537941,0.663851,-0.717747,1.006384,0.679219,0.663679,0.695139,-0.519849,0.541121,-0.049164,0.761558,0.675607,-0.039239,0.111387,0.632061,0.813706,0.787272,-1.221898,-0.844806,0.819898,0.861633,0.970541,-0.694809,-1.313069,0.983885,0.919697,1.09164,0.169351,0.898905,0.936065,0.389686,0.77892,-1.093221,0.282457,-0.445285,-1.246863,0.882698,-0.931398,0.591091,0.840773,0.224566,0.567459,-0.801494,-0.787705,0.764169,0.60587,0.692452,-0.715983,0.910383,0.741515,0.549457,0.622941,-0.843588,0.35885,0.619579,0.760839,0.736797,-0.691655,-1.581657,0.185208,0.776573,0.820546,-0.594199,-1.254767,-0.095129,0.815621,0.929626,-0.03062,-0.28348,0.776762,0.882395,1.0305,1.495353,0.768713,0.539225,0.358575,0.657347,0.647443,0.662447,0.457669,-0.824566,0.809524,0.875046,0.470191,0.740701,-0.006177,0.535807,-1.639096,0.848954,0.681782,0.305617,0.697439,-0.89335,0.439479,0.329317,0.804932,0.701747,-0.50252,0.268026,-0.36757,0.813017,0.745804,-1.043358,0.294999,0.850985,0.993723,0.965892,-1.038544
66.0,78.0,66.0,1.0,1.0,96389.0,96455.0,1.815128,0.219744,0.979707,-0.283152,0.316156,1.361582,0.561395,0.986112,1.810631,-0.617728,1.362708,0.984544,1.093851,-0.080185,0.789202,1.269698,-0.325654,0.908556,-0.793327,0.66597,1.444073,-0.135297,0.92222,-0.576331,-0.533323,1.126871,-1.319087,0.693933,0.741788,0.809302,1.152779,-0.587658,0.842165,0.798152,0.796364,0.955332,-0.557637,0.896042,0.939412,0.71182,1.026554,-0.51851,0.849155,0.794563,0.551803,0.758799,-0.451706,0.843097,0.427159,0.442132,1.421057,-0.467343,0.870093,-0.732027,0.524465,1.142713,0.233622,0.922925,-0.797348,0.570625,1.210797,1.025717,1.121741,-0.710123,0.572115,-0.070449,0.746116,0.607528,0.722186,0.686052,0.098034,0.110594,0.620411,0.729516,0.765806,-0.249737,0.332257,0.843321,0.845,0.905423,0.841802,-0.503336,0.989304,0.751154,0.839069,0.732928,-0.65085,1.064534,0.459631,0.745979,0.907499,-0.426945,0.913199,-0.786365,0.621681,0.890514,0.901402,0.868359,-0.87877,0.698545,0.159687,0.013622,0.867681,-0.645602,0.700152,0.186392,0.928675,1.052948,0.633561,0.69563,-0.079272,0.742301,0.428391,0.719118,0.683916,0.584301,0.388526,0.812188,0.801775,0.863674,-0.31244,-0.026258,0.924867,0.811109,0.932007,0.751967,0.515023,0.865706,0.722224,0.906587,-0.443759,0.135802,1.062271,0.938935,1.120835,0.921865,0.337842,0.594853,0.552923,-0.656695,-0.792847,0.74087,0.892731,0.03862,0.767999,0.124053,0.431697,0.81933,0.596923,0.702516,-0.683123,0.935807,0.734219,0.69882,0.730979,-0.615395,0.559968,-0.015837,0.781966,0.71557,-0.018801,0.183512,0.676824,0.834329,0.814957,-1.405652,-0.933629,0.921349,0.901289,0.976822,-0.75743,-1.417025,1.077323,1.010841,1.094072,-0.003461,0.965611,1.01118,0.542322,0.677471,-1.106242,0.34395,-0.508908,-1.185591,0.764289,-0.963564,0.711719,0.887018,0.305658,0.613471,-0.859928,-0.658684,0.803123,0.676701,0.727321,-0.732971,0.92718,0.812925,0.629682,0.670116,-0.917297,0.404129,0.674027,0.777961,0.763353,-0.768545,-1.486222,0.133419,0.80677,0.849119,-0.675782,-1.284402,0.067469,0.854009,0.938428,0.053924,-0.347359,0.868837,1.011121,1.028315,1.409213,0.791503,0.65985,0.457647,0.707002,0.693212,0.711722,0.53768,-0.689154,0.822241,0.928158,0.550521,0.804763,0.167313,0.595664,-1.658549,0.900918,0.751793,0.232733,0.723003,-0.921408,0.524654,0.371111,0.834817,0.734186,-0.600515,0.323356,-0.114843,0.818298,0.769643,-1.076402,0.372832,0.728574,0.990762,0.974851,-1.07219
66.0,82.5,72.5,1.0,2.0,96455.0,96521.0,1.670744,0.096101,1.005687,-0.420649,0.13542,1.315716,0.427881,1.008157,1.681113,-0.7681,1.327472,0.844309,1.113106,-0.15124,0.805877,1.218727,-0.428243,0.949402,-0.816808,0.740582,1.348913,-0.249476,0.966334,-0.568641,-0.55989,1.063241,-1.349731,0.742473,0.773688,0.82956,1.029761,-0.676014,0.881634,0.830985,0.823072,0.810201,-0.629168,0.937088,0.994935,0.74182,1.020194,-0.604784,0.895127,0.878806,0.602081,0.765931,-0.550738,0.891579,0.54564,0.492206,1.352122,-0.548688,0.918434,-0.747758,0.559133,1.126616,0.095183,0.972032,-0.825106,0.588317,1.138487,0.962848,1.181829,-0.664376,0.595295,-0.158219,0.729832,0.74025,0.744746,0.72529,0.012497,0.194051,0.681968,0.762916,0.797299,-0.328294,0.387511,0.890689,0.866557,0.91733,0.835749,-0.600672,1.025991,0.792214,0.857469,0.7375,-0.735951,1.098498,0.541622,0.773536,0.909335,-0.57373,0.961431,-0.805639,0.676867,0.911721,0.845059,0.923068,-0.912899,0.742077,0.027202,-0.128704,0.927797,-0.528593,0.730204,0.056142,0.925188,1.117839,0.66713,0.727702,-0.167064,0.71967,0.540804,0.73867,0.723009,0.551636,0.451678,0.845868,0.814055,0.877789,-0.370623,-0.10299,0.976426,0.827174,0.931649,0.76599,0.535946,0.918418,0.762385,0.908818,-0.481955,0.066993,1.109824,1.041155,1.140137,0.949336,0.402028,0.453601,0.604405,-0.694211,-0.868575,0.76419,0.942472,0.1127,0.798315,0.164876,0.34794,0.851045,0.645927,0.733669,-0.607447,0.861745,0.777711,0.727098,0.759824,-0.67562,0.583224,0.041494,0.797617,0.748541,0.011201,0.264013,0.717949,0.849366,0.835323,-1.484968,-0.994167,0.99729,0.93096,0.976365,-0.800519,-1.435362,1.143684,1.083167,1.086273,-0.14485,1.021249,1.066403,0.655201,0.575249,-1.112395,0.40867,-0.559452,-1.133303,0.657553,-0.991202,0.808131,0.920701,0.381024,0.653666,-0.907782,-0.545192,0.833169,0.737494,0.754487,-0.747208,0.932622,0.871845,0.70054,0.709198,-0.961463,0.451444,0.720821,0.790897,0.784135,-0.827572,-1.368661,0.143846,0.83505,0.871293,-0.746327,-1.292014,0.229299,0.887322,0.941027,0.134718,-0.391232,0.944768,1.120033,1.018355,1.290971,0.815108,0.765789,0.542292,0.748769,0.732342,0.75731,0.615537,-0.577924,0.826221,0.969428,0.620802,0.865637,0.317505,0.642291,-1.65067,0.946099,0.814597,0.175054,0.744196,-0.933384,0.599522,0.420351,0.862321,0.760652,-0.676161,0.375771,0.146195,0.821598,0.787924,-1.101014,0.447166,0.645329,0.989108,0.977756,-1.097175
166.0,67.6,58.0,4.0,2.0,9959.0,10125.0,-0.24853,-1.914973,1.001682,0.114723,0.186072,0.331305,-1.94272,1.051365,-0.510033,-1.229764,0.481622,-1.879346,0.73987,-2.083863,1.29808,0.635837,-1.772743,0.98416,-0.867284,0.950086,-0.256483,-1.877005,0.962214,-1.073586,-1.609101,0.145932,-0.470992,1.212054,1.192047,1.113644,-1.414185,-1.693232,0.968831,0.99535,1.144591,-1.798445,-1.701162,0.947666,0.638313,1.204434,0.696367,-1.667684,1.09357,0.872603,1.295753,1.260262,-1.743137,1.08594,0.903991,1.482189,-0.755053,-1.717178,1.0539,-1.227801,1.265856,0.361356,-1.883152,0.942316,-1.403968,1.560418,-0.662473,-0.923799,0.443007,-1.910405,1.488531,-1.929411,-0.134473,-2.105514,0.852664,1.302405,-1.138526,1.677015,1.309865,1.250379,1.180407,-2.019839,1.602943,0.917688,0.937119,0.758224,0.865387,-1.740229,0.6612,1.061871,0.93209,1.045643,-1.65448,0.521222,0.715093,0.958208,0.653562,-1.527879,0.931884,-1.255854,1.433184,0.736695,0.154263,1.030717,-1.21397,1.124497,-1.723858,-1.365436,1.028716,2.062802,1.287637,-1.88791,-0.099817,0.342744,1.336028,1.267607,-1.922833,-0.286512,-2.458877,0.76667,1.301539,-0.598784,1.295413,0.944323,1.033638,0.822077,-1.843568,-1.591496,0.878226,0.849036,0.542327,1.364632,1.333886,1.07864,1.121835,0.66208,-1.790221,-2.256266,0.550003,-0.503565,0.332633,0.99397,1.680478,-2.017863,1.647682,-0.805966,-1.377857,1.197087,0.935841,2.184248,1.227863,1.221828,-1.240152,0.991131,1.45819,1.281496,2.34527,-0.802355,1.147004,1.191722,1.209561,-1.400259,1.068791,-2.054379,0.966606,1.153986,2.354381,1.570009,1.004701,0.908152,1.003349,-0.157684,-1.405834,0.764092,0.825116,0.640162,-1.560135,2.205923,0.590724,0.866448,0.379687,-2.026935,0.525983,0.749352,1.52017,-2.057066,-0.81365,1.107507,-1.860638,1.127911,0.451149,-0.606003,0.906483,0.82013,1.872619,1.438301,-1.097471,1.784294,0.851153,1.348353,1.231657,0.54357,-0.532639,0.935049,1.419533,1.30114,-0.977663,1.558102,1.388519,0.956486,1.072245,-1.277895,2.057488,-1.563186,0.963595,1.000722,-1.211603,-0.736076,-0.962907,0.674939,0.705133,1.57832,-1.923441,0.81134,0.585057,0.467461,-1.485352,1.183996,0.871703,1.778389,1.336227,1.283485,1.075455,1.195919,0.490121,0.510151,0.804531,1.541189,0.755417,1.026727,1.482487,2.046244,0.803155,0.674812,-2.165838,1.140741,-0.936093,1.458285,-2.804826,0.700886,1.14544,-1.162802,1.729601,-1.3622,0.753863,1.038379,-0.317856,1.60821,-1.696465,0.310269,0.656868,-0.293726
299.0,79.7,66.3,17.0,3.0,96521.0,96820.0,1.505893,-0.04249,1.03348,-0.574547,-0.059796,1.26249,0.278158,1.031834,1.534008,-0.932837,1.286077,0.687254,1.133433,-0.230799,0.823784,1.16064,-0.541978,0.9939,-0.842695,0.823424,1.24073,-0.376033,1.014364,-0.559426,-0.589247,0.992816,-1.379942,0.796015,0.80887,0.851785,0.892171,-0.772534,0.924865,0.867255,0.852442,0.648335,-0.707931,0.981833,1.056536,0.775005,1.012492,-0.699888,0.945359,0.972412,0.657975,0.773437,-0.659994,0.944649,0.677601,0.54816,1.273052,-0.638389,0.971293,-0.764753,0.597437,1.107917,-0.058002,1.025528,-0.855254,0.608034,1.056945,0.893651,1.246683,-0.611195,0.621142,-0.255933,0.71339,0.88566,0.770058,0.768516,-0.080344,0.288519,0.750047,0.799798,0.832034,-0.41516,0.450321,0.942456,0.890016,0.930101,0.828551,-0.706869,1.065712,0.837483,0.877568,0.742127,-0.829979,1.135109,0.63352,0.803893,0.911197,-0.735114,1.014069,-0.826352,0.737687,0.934311,0.782664,0.982885,-0.9501,0.790105,-0.119914,-0.286048,0.993522,-0.396358,0.763295,-0.087643,0.921694,1.188275,0.704349,0.763132,-0.264798,0.696209,0.663626,0.760721,0.766082,0.517113,0.52395,0.883383,0.827609,0.892971,-0.435388,-0.183839,1.032764,0.844676,0.930602,0.781469,0.560039,0.976051,0.806715,0.910736,-0.525181,-0.009446,1.161367,1.151941,1.159926,0.980031,0.472904,0.294719,0.661753,-0.736359,-0.951121,0.789981,0.996827,0.195609,0.831273,0.214472,0.254962,0.885849,0.700446,0.768019,-0.519828,0.778815,0.825568,0.75829,0.791597,-0.741475,0.610284,0.104327,0.814623,0.784936,0.047678,0.355562,0.764087,0.866298,0.857465,-1.565838,-1.058161,1.080377,0.963625,0.975291,-0.847406,-1.446299,1.215722,1.162791,1.076585,-0.298291,1.082748,1.12648,0.778554,0.460179,-1.11616,0.480761,-0.61528,-1.075629,0.539809,-1.021201,0.914723,0.957541,0.464762,0.698134,-0.960279,-0.418273,0.866388,0.804461,0.784413,-0.761828,0.937296,0.936842,0.778576,0.752344,-1.008405,0.505204,0.77275,0.805102,0.807004,-0.89218,-1.233202,0.159391,0.866929,0.895528,-0.824373,-1.299218,0.406435,0.925415,0.943422,0.224764,-0.439008,1.027804,1.239805,1.006489,1.153827,0.841705,0.88252,0.636434,0.794633,0.775585,0.807606,0.702028,-0.456648,0.829985,1.014047,0.698694,0.932493,0.480873,0.693817,-1.637477,0.996168,0.884301,0.109326,0.767611,-0.945646,0.683044,0.474367,0.892349,0.789841,-0.759186,0.4353,0.436885,0.825159,0.807972,-1.127196,0.530711,0.553518,0.987974,0.980423,-1.123835
99.0,73.3,60.7,4.0,1.0,96820.0,96919.0,1.426999,-0.09689,1.03814,-0.633909,-0.101727,1.233049,0.219073,1.03627,1.467186,-0.97954,1.260886,0.626237,1.135502,-0.261629,0.827118,1.133346,-0.580714,1.005312,-0.850817,0.852223,1.191111,-0.419003,1.02655,-0.553004,-0.598789,0.969402,-1.372316,0.81295,0.819975,0.858238,0.839574,-0.79857,0.937081,0.878986,0.8613,0.58862,-0.732187,0.993448,1.077725,0.785954,1.006769,-0.729687,0.958971,1.005291,0.677741,0.774088,-0.694653,0.959484,0.725425,0.569304,1.233528,-0.666641,0.985799,-0.768423,0.609864,1.097491,-0.108763,1.039246,-0.862545,0.615238,1.022627,0.872483,1.260378,-0.581359,0.63065,-0.291149,0.715463,0.926935,0.780118,0.781926,-0.102492,0.329941,0.77243,0.811657,0.843013,-0.443666,0.479104,0.956527,0.895902,0.932409,0.823778,-0.734872,1.074704,0.851694,0.882985,0.741602,-0.860486,1.142613,0.669567,0.813304,0.911004,-0.783648,1.028027,-0.830282,0.756674,0.93762,0.761747,0.999271,-0.959739,0.80535,-0.171139,-0.337508,1.011511,-0.339366,0.773484,-0.133674,0.922273,1.205091,0.717031,0.774595,-0.300002,0.695971,0.696854,0.770011,0.779475,0.513401,0.559312,0.896992,0.831937,0.895921,-0.458681,-0.191278,1.048032,0.849169,0.927144,0.786409,0.572515,0.991838,0.820886,0.908749,-0.544094,-0.036203,1.173324,1.177581,1.159,0.991625,0.495691,0.22975,0.68257,-0.753359,-0.972522,0.798466,1.011576,0.227559,0.839389,0.252005,0.222729,0.896002,0.71992,0.778819,-0.472279,0.746664,0.840149,0.768158,0.801434,-0.759556,0.625576,0.122263,0.818768,0.796575,0.075404,0.397694,0.782396,0.873313,0.862928,-1.559751,-1.065094,1.103406,0.973657,0.972226,-0.859163,-1.405315,1.232962,1.187238,1.068327,-0.334787,1.102818,1.141477,0.812038,0.412703,-1.102884,0.50692,-0.633309,-1.057391,0.502522,-1.028359,0.94961,0.967696,0.494151,0.712838,-0.975506,-0.369831,0.877258,0.825209,0.793689,-0.761267,0.932414,0.957431,0.802664,0.766171,-1.014763,0.529722,0.79067,0.809289,0.813979,-0.910216,-1.16268,0.183654,0.880291,0.902127,-0.850174,-1.295793,0.455922,0.943912,0.941926,0.257684,-0.451166,1.050629,1.27595,0.998527,1.078302,0.852797,0.918852,0.669924,0.808152,0.789656,0.823564,0.732315,-0.425058,0.828184,1.023834,0.725097,0.952254,0.521544,0.71057,-1.611765,1.013122,0.908401,0.078455,0.775196,-0.944993,0.713958,0.490029,0.900367,0.799055,-0.783461,0.462323,0.542014,0.825907,0.81375,-1.130859,0.564557,0.524532,0.990916,0.978694,-1.127966
232.0,74.1,58.7,3.0,2.0,96919.0,97151.0,-1.158142,0.788305,-1.30926,1.465827,-1.462802,-1.474908,0.445595,-1.2591,-0.656258,0.654903,-1.428972,-0.261951,-1.308377,0.928062,-1.4217,-1.484576,0.947752,-1.341106,1.561248,-1.390956,-1.427798,0.712545,-1.333031,1.419503,0.720439,-1.476442,0.992107,-1.375953,-1.46288,-1.46361,-0.897188,0.679257,-1.39284,-1.523757,-1.448049,-0.348915,1.009051,-1.376489,-1.523678,-1.508614,-1.516862,0.924819,-1.328351,-0.893395,-1.557526,-1.467409,0.816571,-1.302017,-0.204344,-1.57761,-1.288922,0.93863,-1.295407,1.422143,-1.840414,-1.567554,0.107783,-1.331539,1.223518,-1.569394,-1.391036,-1.268567,-1.355869,0.747144,-1.469922,0.660815,-1.51278,-0.596144,-1.611053,-1.410465,-0.719513,-1.091418,-1.269295,-1.418274,-1.432145,0.845992,-1.2501,-1.409261,-1.552914,-1.561909,-1.622449,0.409457,-1.396542,-1.509425,-1.547668,-1.455463,0.875832,-1.382445,-1.707252,-1.60018,-1.575711,0.137678,-1.31469,1.457124,-1.413362,-1.458377,-1.541577,-1.271408,1.264428,-1.559308,-0.218238,-0.163563,-1.260293,-0.546879,-1.4974,0.082072,-1.502372,-1.436637,-1.455836,-1.44596,0.666158,-1.493505,-0.292275,-1.632102,-1.41339,-1.30666,-1.319558,-1.445173,-1.524912,-1.591049,0.783627,-0.502499,-1.307347,-1.586865,-1.624482,-1.290053,-1.478364,-1.271533,-1.496646,-1.611379,1.15995,0.209454,-1.325064,-1.48407,-1.55476,-0.641017,-1.162362,0.190477,-1.280214,1.296283,1.263291,-1.450717,-1.341618,-0.999694,-1.47133,-1.398576,-0.956968,-1.439983,-1.302355,-1.447268,-0.139561,-1.366438,-1.429977,-1.492193,-1.458169,1.156099,-1.481641,-0.314848,-1.613884,-1.494742,-1.24313,-1.168105,-1.382176,-1.518468,-1.544287,1.408464,1.198178,-1.057587,-1.472538,-1.592772,1.019589,-0.473263,-1.124119,-1.254226,-1.60476,0.184816,-1.365948,-1.261612,-0.377508,-0.417603,1.673572,-1.598195,0.939924,1.219197,-1.471527,1.330208,-0.839649,-1.460444,-0.99767,-1.332606,1.294453,-0.749456,-1.502109,-1.306807,-1.466208,1.483834,-1.531691,-1.466041,-1.269417,-1.424735,1.438294,-1.182886,-1.33006,-1.573192,-1.520776,1.218641,-0.048229,-1.016845,-1.474331,-1.502957,1.181404,1.347286,0.341498,-1.505831,-1.599603,-0.698381,0.710073,-1.020228,-1.21185,-1.62836,-1.019765,-1.342074,-0.853537,-0.642079,-1.424317,-1.380887,-1.423137,-1.252832,1.095336,-1.743173,-1.505804,-1.12158,-1.432894,0.308629,-1.262778,0.655601,-1.375767,-1.508947,-0.123781,-1.547708,1.54237,-1.0416,0.077885,-1.671065,-1.509937,1.363602,-0.951716,0.443817,-1.630846,-1.551254,1.359643,-1.090631,-0.855492,-1.572246,-1.578046,1.357119
66.0,69.0,57.5,1.0,3.0,97151.0,97217.0,0.96962,-0.412563,1.063571,-0.9778,-0.325663,1.061526,-0.127677,1.060624,1.066118,-1.237532,1.113939,0.270766,1.145279,-0.44284,0.848211,0.979723,-0.800837,1.070045,-0.898279,1.016266,0.90594,-0.665193,1.094842,-0.515979,-0.66031,0.840268,-1.311624,0.912073,0.883813,0.895885,0.537491,-0.940607,1.007831,0.944979,0.912548,0.243122,-0.8704,1.058836,1.193876,0.849732,0.975101,-0.899327,1.036307,1.189803,0.792268,0.779669,-0.891754,1.044191,0.994621,0.693431,1.004124,-0.82883,1.06815,-0.791403,0.681811,1.037015,-0.40172,1.115885,-0.903088,0.659074,0.821812,0.749103,1.332546,-0.397028,0.687158,-0.499804,0.728798,1.153145,0.839102,0.859985,-0.21903,0.578333,0.904032,0.880865,0.906776,-0.608085,0.654177,1.037305,0.927965,0.944779,0.797826,-0.888971,1.124979,0.931825,0.913665,0.744184,-1.031987,1.182951,0.873923,0.866441,0.91028,-1.05033,1.106841,-0.856842,0.866151,0.95907,0.643563,1.092178,-1.015273,0.894012,-0.464451,-0.630533,1.113028,0.002028,0.832922,-0.398303,0.927369,1.294874,0.792161,0.841708,-0.508499,0.695629,0.875683,0.824851,0.857424,0.494603,0.771253,0.977019,0.857794,0.911713,-0.59753,-0.226102,1.134867,0.874741,0.905098,0.817306,0.650793,1.081865,0.901887,0.895792,-0.660311,-0.192926,1.239232,1.304457,1.149056,1.06065,0.629849,-0.148929,0.804781,-0.856404,-1.084455,0.850236,1.094491,0.415777,0.886556,0.482066,0.038805,0.954865,0.834609,0.84201,-0.187658,0.561304,0.924873,0.826139,0.858663,-0.866263,0.718616,0.212717,0.841501,0.864283,0.249847,0.649041,0.892019,0.914861,0.89388,-1.517055,-1.097432,1.235912,1.030541,0.95235,-0.923267,-1.11963,1.329305,1.322681,1.016756,-0.541169,1.222307,1.225571,1.003525,0.13852,-1.018077,0.662551,-0.739843,-0.949124,0.295617,-1.068385,1.155965,1.025399,0.66832,0.799732,-1.06395,-0.068997,0.940576,0.945675,0.848088,-0.750671,0.905798,1.07449,0.941374,0.846664,-1.049592,0.678652,0.896094,0.833216,0.854282,-1.013574,-0.734658,0.338512,0.958997,0.939624,-0.998867,-1.271367,0.742319,1.051527,0.932189,0.46006,-0.52337,1.180044,1.476628,0.949631,0.627751,0.920513,1.129938,0.861514,0.886989,0.87136,0.918303,0.911048,-0.240263,0.817723,1.077627,0.879488,1.067419,0.752891,0.810153,-1.441609,1.110785,1.048657,-0.106285,0.819144,-0.938877,0.895888,0.575613,0.944517,0.852228,-0.925045,0.624145,1.15214,0.828841,0.846869,-1.148161,0.765557,0.358177,1.007532,0.966699,-1.147943
263.0,73.6,62.3,21.0,11.0,97217.0,97480.0,0.425755,-0.79455,1.076585,-1.3487,-0.34857,0.844265,-0.5979,1.074018,0.481791,-1.393661,0.927995,-0.186258,1.135803,-0.677705,0.895823,0.846249,-1.012296,1.133155,-0.960786,1.177802,0.595793,-0.926083,1.149613,-0.491357,-0.836863,0.749963,-1.084068,1.040061,0.955081,0.942843,0.204415,-1.021525,1.093446,0.998801,0.972479,-0.170923,-1.010098,1.118766,1.240632,0.927707,0.951078,-1.067342,1.112649,1.31656,0.917259,0.810593,-1.088001,1.130557,1.190745,0.841029,0.730739,-1.007432,1.146904,-0.855481,0.739076,0.952958,-0.740899,1.17338,-0.950732,0.727451,0.553912,0.571274,1.330952,-0.158819,0.771712,-0.805678,0.748875,1.225537,0.910914,0.956421,-0.251785,0.948427,1.078123,0.967809,0.98328,-0.804218,0.937257,1.126086,0.945596,0.94921,0.787671,-0.997252,1.171909,1.003293,0.941323,0.810108,-1.167763,1.20184,1.046862,0.907134,0.908161,-1.207725,1.177066,-0.938984,0.984004,1.012412,0.53109,1.178182,-1.085915,0.991918,-0.786502,-0.92341,1.199175,0.492729,0.905237,-0.706182,0.9354,1.296771,0.897707,0.928983,-0.812628,0.69685,0.885858,0.894876,0.953671,0.478913,1.076177,1.078044,0.896395,0.916239,-0.814478,-0.217164,1.216742,0.902144,0.857903,0.873225,0.802082,1.170824,0.984971,0.86385,-0.860251,-0.413819,1.279824,1.206939,1.087298,1.169296,0.82194,-0.6151,0.971204,-1.026847,-1.096232,0.937367,1.161658,0.670422,0.944365,0.862651,-0.175649,1.023186,0.986912,0.923748,0.23966,0.351057,1.023434,0.904711,0.930025,-1.017738,0.877291,0.113147,0.856,0.946782,0.571351,1.00781,1.052513,0.970394,0.924377,-1.386774,-1.062666,1.376455,1.07907,0.904354,-0.951502,-0.326902,1.400394,1.393564,0.912469,-0.732996,1.369386,1.292453,1.184945,-0.177688,-0.842838,0.880778,-0.890593,-0.772846,0.145648,-1.100199,1.420762,1.080948,0.911373,0.925221,-1.163893,0.496346,1.015123,1.084953,0.920779,-0.65539,0.896025,1.178492,1.090086,0.945284,-1.071331,0.929912,1.029568,0.858709,0.901484,-1.131701,-0.035283,0.624946,1.055473,0.975141,-1.167448,-1.182101,1.098052,1.167191,0.908007,0.837295,-0.649359,1.297236,1.571709,0.861468,-0.007927,1.024414,1.377187,1.043452,0.981536,0.967582,1.048458,1.14678,-0.017235,0.795201,1.108102,1.072942,1.199797,0.946514,0.955043,-0.991807,1.210948,1.199747,-0.40806,0.870447,-0.914259,1.135054,0.548803,0.965764,0.911688,-1.095001,0.875495,1.706775,0.818057,0.883212,-1.147801,1.045488,0.155331,1.003461,0.927601,-1.150065
66.0,74.0,56.5,1.0,0.0,97480.0,97546.0,0.181157,-0.972509,1.07936,-1.470552,-0.27743,0.73957,-0.832858,1.07637,0.234142,-1.423555,0.840469,-0.414589,1.129183,-0.7805,0.925003,0.793847,-1.09649,1.160196,-0.990131,1.239022,0.463806,-1.037938,1.168146,-0.500526,-0.968474,0.711008,-0.98108,1.099729,0.987593,0.964228,0.051509,-1.052213,1.134037,1.015668,0.999327,-0.37393,-1.069851,1.145006,1.22549,0.961877,0.939202,-1.136229,1.145149,1.330865,0.961225,0.83418,-1.170295,1.165957,1.222459,0.891472,0.60741,-1.087423,1.178024,-0.907173,0.734487,0.901029,-0.896606,1.190451,-0.989111,0.757753,0.419316,0.462579,1.30496,-0.152272,0.816875,-0.962795,0.749016,1.169994,0.937888,1.000859,-0.271488,1.112405,1.157783,1.007897,1.017404,-0.903903,1.063824,1.165097,0.95108,0.949354,0.78701,-1.045395,1.196192,1.0313,0.950639,0.853392,-1.204701,1.208238,1.092951,0.914191,0.901094,-1.238717,1.202729,-0.992107,1.029381,1.04337,0.482769,1.21017,-1.124876,1.024574,-0.937183,-1.042259,1.227416,0.700238,0.936753,-0.857945,0.924746,1.259185,0.947632,0.970345,-0.968137,0.68826,0.803343,0.921085,0.998129,0.448248,1.198595,1.118016,0.915043,0.915264,-0.933121,-0.247885,1.245654,0.915165,0.832923,0.898875,0.875343,1.204975,1.018423,0.844956,-0.953729,-0.537848,1.288183,1.102187,1.046974,1.226534,0.926679,-0.818264,1.053204,-1.113475,-1.08683,0.979709,1.183364,0.791246,0.971498,1.028197,-0.293659,1.052115,1.055323,0.962461,0.443512,0.260054,1.064215,0.943264,0.963935,-1.094403,0.958437,-0.027197,0.861747,0.983897,0.709121,1.161671,1.122794,0.993527,0.938259,-1.308916,-1.047897,1.429074,1.092317,0.876484,-0.953899,0.045786,1.418035,1.386459,0.854294,-0.810533,1.406362,1.31258,1.241247,-0.320956,-0.761781,0.976085,-0.965387,-0.662861,0.092056,-1.106353,1.520262,1.101946,1.023925,0.991074,-1.199815,0.784516,1.044185,1.141546,0.956565,-0.590021,0.900749,1.208115,1.148431,0.989943,-1.079769,1.057619,1.083508,0.870286,0.92317,-1.189853,0.294672,0.72321,1.089509,0.988399,-1.241129,-1.122503,1.278172,1.201402,0.893705,1.047362,-0.737656,1.338425,1.542065,0.815645,-0.277045,1.064815,1.478864,1.101476,1.020794,1.00905,1.105409,1.247283,0.077055,0.774554,1.113073,1.157844,1.24815,0.987415,1.026246,-0.719239,1.244665,1.244124,-0.575854,0.893175,-0.907462,1.24131,0.442816,0.963696,0.936891,-1.163916,1.003932,1.762173,0.811183,0.899844,-1.162092,1.167096,0.043202,0.97871,0.901846,-1.164936
132.0,75.0,56.8,3.0,4.0,97546.0,97678.0,-0.130524,-1.224952,1.086402,-1.52377,-0.12276,0.594587,-1.159737,1.079106,-0.064564,-1.445514,0.721495,-0.745459,1.110452,-0.908242,0.96946,0.713971,-1.209342,1.19441,-1.007955,1.274745,0.299533,-1.189424,1.188017,-0.539348,-1.163827,0.618994,-0.967398,1.179068,1.032988,0.993335,-0.195654,-1.140043,1.184443,1.033596,1.033176,-0.722239,-1.151388,1.177513,1.168563,1.001028,0.907298,-1.220239,1.185424,1.313524,1.000899,0.878167,-1.255766,1.205397,1.235435,0.932544,0.422391,-1.186974,1.212434,-0.980113,0.702216,0.811256,-1.102329,1.206636,-1.061534,0.817301,0.233878,0.289836,1.258355,-0.355727,0.897837,-1.175911,0.733327,1.040015,0.959494,1.060249,-0.372299,1.266658,1.258954,1.063335,1.061561,-1.071329,1.185047,1.206882,0.956979,0.944311,0.763535,-1.126815,1.221055,1.065357,0.954698,0.909443,-1.217874,1.204536,1.131266,0.910377,0.876622,-1.166382,1.224615,-1.041112,1.082218,1.06929,0.438151,1.244323,-1.165559,1.053152,-1.130674,-1.144342,1.261461,0.95797,0.985005,-1.052048,0.904914,1.203934,1.015881,1.028469,-1.178454,0.659856,0.644409,0.937795,1.05804,0.337414,1.277914,1.153414,0.941277,0.910815,-1.114285,-0.425328,1.267444,0.92505,0.796791,0.946896,0.961035,1.237935,1.050915,0.813526,-1.069378,-0.742473,1.273932,0.929001,0.961002,1.268259,1.104095,-1.022313,1.148639,-1.242259,-1.072754,1.037122,1.214904,0.967414,1.010869,1.208597,-0.43426,1.088172,1.140238,1.016939,0.724138,0.174867,1.121776,0.996712,1.010386,-1.197,1.065084,-0.273727,0.873208,1.03186,0.888762,1.299123,1.196525,1.021258,0.957763,-1.150124,-1.088985,1.468677,1.102413,0.836531,-0.985264,0.358397,1.411675,1.335166,0.772502,-0.898772,1.38099,1.316216,1.293047,-0.523088,-0.696058,1.087567,-1.067561,-0.462551,0.013608,-1.048078,1.618544,1.114206,1.176735,1.095177,-1.2191,1.177665,1.068539,1.209613,1.008262,-0.454785,0.931125,1.222515,1.218392,1.051096,-1.095624,1.222089,1.146262,0.884905,0.950674,-1.251258,0.637114,0.76341,1.119587,1.002061,-1.314159,-1.058331,1.508135,1.223423,0.873438,1.37336,-0.925296,1.388277,1.437174,0.755068,-0.567799,1.124021,1.589556,1.176254,1.07199,1.066116,1.185837,1.365338,0.268065,0.744234,1.106618,1.263066,1.29689,1.00573,1.131412,-0.279575,1.280068,1.268696,-0.790922,0.92731,-0.910548,1.374929,0.193772,0.952825,0.970779,-1.234109,1.188438,1.677582,0.801684,0.920616,-1.183437,1.285531,-0.1043,0.917377,0.862419,-1.185243
133.0,72.5,58.3,12.0,7.0,97678.0,97811.0,-0.290212,-1.381455,1.089531,-1.48589,-0.01473,0.511161,-1.354308,1.078419,-0.277297,-1.459986,0.656633,-0.952304,1.081243,-1.04214,1.009061,0.662627,-1.2865,1.204498,-1.017806,1.254183,0.183237,-1.292534,1.189461,-0.606349,-1.298813,0.558385,-0.924989,1.220825,1.062076,1.016359,-0.371949,-1.214105,1.199731,1.038181,1.058054,-0.954464,-1.219357,1.184981,1.114488,1.02768,0.874126,-1.278424,1.203142,1.302377,1.020734,0.922442,-1.3095,1.222094,1.242607,0.957007,0.247173,-1.254303,1.224751,-1.02662,0.690848,0.727096,-1.232734,1.205361,-1.118311,0.885824,0.098804,0.161635,1.202081,-0.584054,0.977619,-1.309622,0.71627,0.830102,0.958848,1.105977,-0.481956,1.362571,1.316207,1.102572,1.092878,-1.200202,1.256886,1.213943,0.959253,0.9328,0.744473,-1.201454,1.20905,1.081094,0.952304,0.953979,-1.231641,1.173421,1.147712,0.903311,0.848493,-1.107559,1.223053,-1.061818,1.120493,1.070245,0.42149,1.255125,-1.175002,1.063033,-1.27269,-1.180527,1.272245,1.177696,1.02174,-1.186779,0.873882,1.138613,1.067912,1.070941,-1.311025,0.63317,0.421941,0.930006,1.104044,0.19516,1.318551,1.159292,0.962993,0.910549,-1.25813,-0.612467,1.260153,0.926897,0.767007,0.987111,1.025493,1.246019,1.065327,0.783534,-1.14963,-0.934324,1.236871,0.746338,0.879171,1.277583,1.253114,-1.160882,1.198539,-1.292098,-1.086993,1.068035,1.228428,1.121151,1.041194,1.316039,-0.524059,1.108693,1.197447,1.057158,0.919255,0.107575,1.155779,1.036461,1.043644,-1.265674,1.141476,-0.517456,0.883658,1.062466,0.969348,1.380273,1.2299,1.035117,0.972786,-1.140553,-1.148737,1.457955,1.101341,0.809195,-1.044289,0.516689,1.373166,1.280734,0.711685,-1.001127,1.300292,1.291365,1.338884,-0.705102,-0.679542,1.173651,-1.154436,-0.251521,0.006321,-0.939825,1.651468,1.110971,1.28658,1.180085,-1.20718,1.462947,1.078495,1.252963,1.048285,-0.29601,0.928061,1.217683,1.266097,1.098335,-1.115551,1.325722,1.184696,0.897137,0.970224,-1.284443,0.867106,0.698744,1.126786,1.009789,-1.354647,-0.993084,1.563545,1.221662,0.854156,1.605108,-1.099422,1.403872,1.355689,0.710159,-0.696428,1.15771,1.615851,1.246768,1.110299,1.118126,1.230243,1.411838,0.354952,0.72115,1.094902,1.333423,1.295906,0.987569,1.210372,0.09903,1.284383,1.249588,-0.973601,0.959789,-0.916645,1.455379,-0.074471,0.933771,0.998215,-1.280393,1.326799,1.43348,0.795982,0.93588,-1.185069,1.358833,-0.237979,0.861145,0.83008,-1.186696
166.0,76.4,65.0,15.0,2.0,97811.0,97977.0,-0.353221,-1.44407,1.090641,-1.468961,0.028915,0.477983,-1.432045,1.078017,-0.362882,-1.46561,0.630894,-1.035229,1.069068,-1.097042,1.025177,0.642106,-1.317632,1.208184,-1.021666,1.244992,0.136452,-1.33415,1.189712,-0.634138,-1.352608,0.534002,-0.907067,1.237237,1.073705,1.025645,-0.443028,-1.244136,1.205369,1.039865,1.068067,-1.047477,-1.246958,1.187589,1.092499,1.038439,0.860608,-1.301946,1.209993,1.297863,1.028759,0.940587,-1.331155,1.228533,1.24531,0.967153,0.175967,-1.281519,1.229404,-1.04531,0.68707,0.692903,-1.285082,1.204497,-1.141306,0.914083,0.044233,0.109662,1.178695,-0.677574,1.010218,-1.363357,0.70892,0.742226,0.958154,1.124429,-0.526525,1.401055,1.338862,1.118347,1.105463,-1.252277,1.285664,1.216257,0.960105,0.928031,0.73678,-1.231752,1.203519,1.087262,0.95128,0.972015,-1.237452,1.16021,1.153952,0.900538,0.837083,-1.08456,1.222023,-1.069971,1.136043,1.070357,0.414671,1.259127,-1.178493,1.066968,-1.329661,-1.194686,1.276197,1.266656,1.036663,-1.241238,0.860739,1.111485,1.088906,1.088057,-1.364311,0.621917,0.329236,0.926369,1.122601,0.136884,1.334605,1.161237,0.971789,0.910458,-1.316256,-0.688539,1.256709,0.927516,0.754954,1.003428,1.051546,1.248963,1.070959,0.771384,-1.182088,-1.012434,1.221346,0.671709,0.845955,1.280977,1.313306,-1.216944,1.218265,-1.311103,-1.093145,1.080225,1.233563,1.183599,1.053445,1.358397,-0.560557,1.116771,1.220424,1.073382,0.997607,0.080045,1.169271,1.052475,1.057038,-1.293404,1.172022,-0.617432,0.887925,1.074706,1.001214,1.41256,1.242879,1.040527,0.978836,-1.138052,-1.173197,1.452796,1.100677,0.798189,-1.068736,0.579843,1.356893,1.258421,0.687125,-1.043391,1.266464,1.280746,1.357514,-0.779259,-0.67355,1.208135,-1.189784,-0.16496,0.004107,-0.8958,1.663498,1.109379,1.330808,1.21438,-1.202114,1.57674,1.082269,1.270251,1.064456,-0.23137,0.925674,1.215315,1.285221,1.117398,-1.123839,1.366994,1.20004,0.902092,0.978106,-1.297567,0.959342,0.670387,1.129352,1.012833,-1.370653,-0.966649,1.583479,1.220376,0.846264,1.697553,-1.170509,1.409627,1.322668,0.691999,-0.747086,1.170853,1.625151,1.275368,1.125768,1.139254,1.24765,1.429703,0.388999,0.711906,1.09001,1.361544,1.294587,0.979864,1.242214,0.252163,1.28537,1.240967,-1.047923,0.973039,-0.919221,1.487184,-0.18511,0.925862,1.009338,-1.299152,1.382405,1.329245,0.793695,0.942063,-1.185154,1.388089,-0.292768,0.838187,0.816939,-1.186719
200.0,72.7,60.8,14.0,3.0,97977.0,98177.0,-0.39236,-1.506012,1.084095,-1.408582,0.086996,0.451522,-1.509753,1.071943,-0.451109,-1.46007,0.610263,-1.126077,1.043184,-1.182715,1.046744,0.62488,-1.357918,1.2006,-1.021614,1.216164,0.087813,-1.389252,1.179877,-0.682291,-1.379757,0.504946,-0.861941,1.242159,1.083801,1.034806,-0.52554,-1.280223,1.196232,1.038348,1.078021,-1.130513,-1.283237,1.178519,1.066387,1.052814,0.844514,-1.334624,1.208834,1.29046,1.046673,0.969368,-1.361593,1.227207,1.238503,1.00041,0.093873,-1.320452,1.225365,-1.067708,0.722993,0.653456,-1.344977,1.192239,-1.170231,0.964771,-0.023721,0.035771,1.127218,-0.808893,1.056877,-1.429852,0.675915,0.535093,0.943625,1.143996,-0.569597,1.445656,1.350817,1.134163,1.117687,-1.31222,1.319445,1.204489,0.95865,0.921001,0.729254,-1.26605,1.178582,1.090488,0.950808,0.99421,-1.256706,1.126828,1.145929,0.905552,0.828236,-1.108151,1.210077,-1.078962,1.160945,1.067898,0.388134,1.252973,-1.178955,1.077074,-1.374747,-1.214275,1.267278,1.363618,1.059085,-1.316003,0.820171,1.052155,1.111543,1.106596,-1.430212,0.583495,0.124304,0.907463,1.142076,0.0637,1.345796,1.152937,0.982057,0.908997,-1.379891,-0.76595,1.240081,0.924737,0.741477,1.023907,1.083048,1.24548,1.073623,0.75983,-1.227865,-1.112709,1.189167,0.572485,0.810293,1.278911,1.371639,-1.299628,1.231641,-1.300026,-1.105953,1.085642,1.227188,1.261937,1.06735,1.365467,-0.629526,1.118299,1.244322,1.091617,1.073174,0.028779,1.177177,1.068986,1.071554,-1.331828,1.19154,-0.783897,0.894379,1.085638,1.038343,1.437142,1.244106,1.040652,0.984489,-1.134722,-1.199626,1.42684,1.092342,0.785404,-1.107408,0.664614,1.319462,1.224403,0.658221,-1.122042,1.198288,1.253655,1.381217,-0.882312,-0.683156,1.228957,-1.23932,-0.028599,0.006701,-0.875576,1.630788,1.099447,1.377794,1.249335,-1.201069,1.629014,1.077829,1.2828,1.082803,-0.168404,0.871829,1.198841,1.302396,1.137675,-1.142166,1.394401,1.213626,0.907798,0.98729,-1.305594,1.04754,0.57211,1.123135,1.013537,-1.379021,-0.943806,1.546216,1.197456,0.833703,1.744193,-1.274776,1.39958,1.279349,0.668978,-0.795631,1.165859,1.598331,1.305119,1.143727,1.164336,1.247737,1.42654,0.407868,0.706242,1.079776,1.382842,1.265135,0.97267,1.276362,0.407107,1.256938,1.204066,-1.151735,0.991346,-0.926269,1.497167,-0.393631,0.911837,1.023372,-1.330019,1.430366,0.99817,0.790936,0.95063,-1.160914,1.412759,-0.388312,0.804011,0.798802,-1.162534
66.0,68.5,56.5,2.0,0.0,10125.0,10191.0,-0.24853,-1.914973,1.001682,0.114723,0.186072,0.331305,-1.94272,1.051365,-0.510033,-1.229764,0.481622,-1.879346,0.73987,-2.083863,1.29808,0.635837,-1.772743,0.98416,-0.867284,0.950086,-0.256483,-1.877005,0.962214,-1.073586,-1.609101,0.145932,-0.470992,1.212054,1.192047,1.113644,-1.414185,-1.693232,0.968831,0.99535,1.144591,-1.798445,-1.701162,0.947666,0.638313,1.204434,0.696367,-1.667684,1.09357,0.872603,1.295753,1.260262,-1.743137,1.08594,0.903991,1.482189,-0.755053,-1.717178,1.0539,-1.227801,1.265856,0.361356,-1.883152,0.942316,-1.403968,1.560418,-0.662473,-0.923799,0.443007,-1.910405,1.488531,-1.929411,-0.134473,-2.105514,0.852664,1.302405,-1.138526,1.677015,1.309865,1.250379,1.180407,-2.019839,1.602943,0.917688,0.937119,0.758224,0.865387,-1.740229,0.6612,1.061871,0.93209,1.045643,-1.65448,0.521222,0.715093,0.958208,0.653562,-1.527879,0.931884,-1.255854,1.433184,0.736695,0.154263,1.030717,-1.21397,1.124497,-1.723858,-1.365436,1.028716,2.062802,1.287637,-1.88791,-0.099817,0.342744,1.336028,1.267607,-1.922833,-0.286512,-2.458877,0.76667,1.301539,-0.598784,1.295413,0.944323,1.033638,0.822077,-1.843568,-1.591496,0.878226,0.849036,0.542327,1.364632,1.333886,1.07864,1.121835,0.66208,-1.790221,-2.256266,0.550003,-0.503565,0.332633,0.99397,1.680478,-2.017863,1.647682,-0.805966,-1.377857,1.197087,0.935841,2.184248,1.227863,1.221828,-1.240152,0.991131,1.45819,1.281496,2.34527,-0.802355,1.147004,1.191722,1.209561,-1.400259,1.068791,-2.054379,0.966606,1.153986,2.354381,1.570009,1.004701,0.908152,1.003349,-0.157684,-1.405834,0.764092,0.825116,0.640162,-1.560135,2.205923,0.590724,0.866448,0.379687,-2.026935,0.525983,0.749352,1.52017,-2.057066,-0.81365,1.107507,-1.860638,1.127911,0.451149,-0.606003,0.906483,0.82013,1.872619,1.438301,-1.097471,1.784294,0.851153,1.348353,1.231657,0.54357,-0.532639,0.935049,1.419533,1.30114,-0.977663,1.558102,1.388519,0.956486,1.072245,-1.277895,2.057488,-1.563186,0.963595,1.000722,-1.211603,-0.736076,-0.962907,0.674939,0.705133,1.57832,-1.923441,0.81134,0.585057,0.467461,-1.485352,1.183996,0.871703,1.778389,1.336227,1.283485,1.075455,1.195919,0.490121,0.510151,0.804531,1.541189,0.755417,1.026727,1.482487,2.046244,0.803155,0.674812,-2.165838,1.140741,-0.936093,1.458285,-2.804826,0.700886,1.14544,-1.162802,1.729601,-1.3622,0.753863,1.038379,-0.317856,1.60821,-1.696465,0.310269,0.656868,-0.293726
166.0,72.8,59.8,18.0,13.0,98177.0,98343.0,-0.421695,-1.55244,1.079189,-1.363326,0.13053,0.43169,-1.567998,1.06739,-0.517238,-1.455917,0.594799,-1.19417,1.023782,-1.246929,1.062909,0.611969,-1.388114,1.194916,-1.021575,1.194556,0.051356,-1.430553,1.172505,-0.718382,-1.400105,0.483168,-0.828118,1.245848,1.091367,1.041673,-0.587385,-1.307271,1.189383,1.037212,1.085481,-1.192751,-1.31043,1.171721,1.046816,1.063589,0.832451,-1.359116,1.207965,1.284912,1.0601,0.99094,-1.384408,1.226214,1.2334,1.025337,0.032341,-1.349634,1.222338,-1.084496,0.749919,0.623889,-1.38987,1.183052,-1.19191,1.002763,-0.074654,-0.019612,1.088635,-0.907321,1.091849,-1.479692,0.651176,0.37984,0.932735,1.158663,-0.60188,1.479086,1.359777,1.146018,1.126848,-1.357148,1.344764,1.195668,0.95756,0.915731,0.723613,-1.291758,1.159892,1.092905,0.950455,1.010847,-1.271138,1.101808,1.139916,0.90931,0.821605,-1.125833,1.201124,-1.085702,1.179609,1.066054,0.368244,1.248361,-1.179301,1.084648,-1.40854,-1.228958,1.260593,1.436295,1.075891,-1.372042,0.789764,1.007685,1.12851,1.120491,-1.479607,0.554696,-0.029297,0.893292,1.156673,0.008845,1.354184,1.146717,0.989754,0.907903,-1.427588,-0.823972,1.227619,0.922655,0.731375,1.039257,1.10666,1.242869,1.075619,0.75117,-1.262176,-1.187868,1.165048,0.498114,0.783563,1.277363,1.415362,-1.361603,1.241667,-1.291724,-1.115552,1.089702,1.22241,1.320653,1.077772,1.370766,-0.68122,1.119444,1.262234,1.105285,1.129813,-0.009647,1.183102,1.081361,1.082435,-1.360629,1.20617,-0.908668,0.899217,1.093832,1.066171,1.455566,1.245026,1.040745,0.988726,-1.132225,-1.219436,1.407385,1.086095,0.775821,-1.136395,0.728153,1.291406,1.198904,0.636556,-1.180994,1.147189,1.233349,1.398983,-0.959553,-0.690355,1.244564,-1.276448,0.073608,0.008646,-0.860417,1.606271,1.092002,1.413012,1.275535,-1.200287,1.668194,1.0745,1.292206,1.096555,-0.12121,0.831471,1.186494,1.315268,1.152873,-1.155902,1.414943,1.22381,0.912074,0.994174,-1.311611,1.113647,0.498448,1.118475,1.014064,-1.385294,-0.926685,1.518286,1.180276,0.824288,1.779151,-1.352926,1.392049,1.246879,0.651723,-0.832017,1.162117,1.578229,1.327418,1.157187,1.183135,1.247803,1.424169,0.422011,0.701997,1.072104,1.398805,1.243059,0.967278,1.301958,0.523243,1.235628,1.176407,-1.229546,1.005067,-0.931553,1.50465,-0.549923,0.901325,1.033891,-1.353155,1.466314,0.750019,0.788867,0.957051,-1.142746,1.431249,-0.459926,0.778396,0.785208,-1.144407
167.0,76.2,64.4,27.0,9.0,98343.0,98510.0,-0.446018,-1.590935,1.075121,-1.325802,0.166626,0.415245,-1.616291,1.063616,-0.572068,-1.452474,0.581978,-1.250629,1.007696,-1.300172,1.076312,0.601263,-1.41315,1.190202,-1.021542,1.17664,0.021128,-1.464797,1.166393,-0.748308,-1.416977,0.46511,-0.800074,1.248907,1.097641,1.047366,-0.638664,-1.329697,1.183704,1.036269,1.091667,-1.244355,-1.332976,1.166085,1.030589,1.072523,0.822449,-1.379424,1.207244,1.280311,1.071233,1.008826,-1.403325,1.22539,1.22917,1.046005,-0.018678,-1.37383,1.219828,-1.098415,0.772244,0.599373,-1.427093,1.175434,-1.209886,1.034264,-0.116885,-0.065533,1.056644,-0.988931,1.120846,-1.521017,0.630665,0.251113,0.923705,1.170823,-0.628647,1.506804,1.367207,1.155847,1.134445,-1.394401,1.365758,1.188355,0.956656,0.911362,0.718936,-1.313073,1.144395,1.09491,0.950162,1.02464,-1.283104,1.081062,1.134929,0.912426,0.816107,-1.140494,1.1937,-1.09129,1.195085,1.064525,0.351752,1.244536,-1.179588,1.090928,-1.436559,-1.241132,1.25505,1.496554,1.089826,-1.418506,0.764552,0.970813,1.142578,1.132012,-1.520563,0.530818,-0.156656,0.881543,1.168776,-0.036637,1.361139,1.141559,0.996136,0.906996,-1.467136,-0.87208,1.217285,0.920928,0.723,1.051985,1.126238,1.240704,1.077275,0.743989,-1.290625,-1.250186,1.145049,0.43645,0.7614,1.27608,1.451614,-1.412989,1.24998,-1.28484,-1.123512,1.093069,1.218448,1.369338,1.086413,1.375159,-0.724082,1.120394,1.277086,1.116617,1.176776,-0.041508,1.188015,1.091621,1.091457,-1.384508,1.2183,-1.012121,0.903229,1.100626,1.089245,1.470842,1.245788,1.040823,0.992239,-1.130155,-1.235861,1.391254,1.080915,0.767876,-1.160428,0.780835,1.268144,1.177763,0.618592,-1.229873,1.10482,1.216513,1.413713,-1.023597,-0.696325,1.257504,-1.307234,0.158353,0.010258,-0.847848,1.585943,1.08583,1.442213,1.297259,-1.199637,1.700681,1.071741,1.300005,1.107957,-0.082079,0.798009,1.176257,1.325942,1.165474,-1.167292,1.431976,1.232253,0.91562,0.999882,-1.316599,1.16846,0.437373,1.114611,1.014502,-1.390494,-0.91249,1.495128,1.166032,0.816482,1.808136,-1.417724,1.385806,1.219958,0.637416,-0.862186,1.159014,1.561561,1.345907,1.168348,1.198723,1.247857,1.422204,0.433738,0.698477,1.065744,1.41204,1.224755,0.962807,1.32318,0.619535,1.217959,1.153474,-1.294062,1.016444,-0.935933,1.510855,-0.679512,0.892608,1.042613,-1.372338,1.49612,0.544266,0.787152,0.962375,-1.127681,1.44658,-0.519304,0.757157,0.773937,-1.129376
100.0,75.7,64.0,16.0,9.0,98510.0,98610.0,-0.460123,-1.619447,1.071111,-1.291943,0.191805,0.404502,-1.651306,1.060531,-0.617817,-1.448531,0.572412,-1.293537,0.994123,-1.343298,1.087225,0.594413,-1.433282,1.184611,-1.021046,1.162159,-0.001577,-1.492495,1.159932,-0.771872,-1.428348,0.45165,-0.778603,1.249727,1.102741,1.051808,-0.677891,-1.347417,1.177249,1.035037,1.096263,-1.282445,-1.350967,1.159859,1.015739,1.079574,0.814674,-1.395578,1.20526,1.272246,1.080366,1.023862,-1.417713,1.223357,1.221912,1.06387,-0.058085,-1.393539,1.216398,-1.108734,0.792575,0.580982,-1.456006,1.167609,-1.22365,1.06065,-0.149288,-0.103158,1.02771,-1.054759,1.144031,-1.55254,0.611441,0.136645,0.916306,1.179983,-0.645613,1.5272,1.37125,1.163162,1.139941,-1.423969,1.381856,1.180824,0.9555,0.907472,0.715708,-1.330514,1.129612,1.095458,0.949924,1.034557,-1.293539,1.061989,1.125963,0.914912,0.811965,-1.155132,1.186234,-1.097148,1.207344,1.06287,0.338503,1.239802,-1.180034,1.096186,-1.455097,-1.25162,1.248381,1.541285,1.10104,-1.453971,0.741602,0.937276,1.153374,1.140866,-1.551817,0.508905,-0.269097,0.872008,1.177874,-0.07136,1.36565,1.136747,1.000563,0.905969,-1.497728,-0.909937,1.207345,0.919053,0.716167,1.06235,1.141228,1.237877,1.078249,0.738606,-1.314819,-1.300402,1.126974,0.385818,0.744219,1.274159,1.478116,-1.454429,1.256263,-1.275267,-1.129273,1.09537,1.212759,1.407721,1.093357,1.376832,-0.759705,1.119226,1.288497,1.125518,1.21422,-0.068832,1.189912,1.099371,1.0984,-1.401856,1.225189,-1.096192,0.906466,1.105559,1.110001,1.481672,1.244832,1.039804,0.994792,-1.126768,-1.247534,1.375652,1.075101,0.761442,-1.181309,0.827772,1.247271,1.159719,0.604385,-1.270888,1.070064,1.201392,1.423918,-1.076343,-0.702853,1.265056,-1.332137,0.225508,0.012044,-0.837556,1.566308,1.079337,1.463726,1.313318,-1.199674,1.721126,1.067773,1.304862,1.116708,-0.052241,0.765121,1.166052,1.333389,1.17508,-1.17542,1.443734,1.238596,0.91833,1.004324,-1.320235,1.21206,0.382227,1.110372,1.01468,-1.393631,-0.901759,1.463817,1.151465,0.810461,1.825225,-1.466936,1.37769,1.19573,0.626416,-0.883279,1.154928,1.546006,1.359071,1.1769,1.210592,1.244946,1.41856,0.437553,0.694967,1.059797,1.420803,1.207502,0.956234,1.338869,0.691784,1.200986,1.132663,-1.346024,1.025223,-0.939112,1.512594,-0.787263,0.88511,1.049386,-1.386707,1.517594,0.371994,0.785716,0.966658,-1.113094,1.457706,-0.567934,0.738795,0.765425,-1.114733
632.0,75.3,62.9,79.0,32.0,98610.0,99242.0,-1.213127,0.694969,-1.332611,1.197302,-1.410325,-1.452731,0.347166,-1.2971,-0.703408,0.507883,-1.443135,-0.335705,-1.340646,0.807078,-1.415303,-1.440233,0.889249,-1.32158,1.41495,-1.299904,-1.433687,0.660055,-1.322574,1.189311,0.579944,-1.321034,0.826442,-1.354653,-1.425957,-1.428534,-0.711964,0.596503,-1.369937,-1.460494,-1.39833,-0.238937,0.98132,-1.352873,-1.517122,-1.444959,-1.447998,0.897052,-1.304385,-1.085441,-1.527228,-1.390836,0.783242,-1.269041,-0.468975,-1.594203,-1.190006,0.962852,-1.268492,1.293672,-1.936497,-1.523016,0.085648,-1.304182,1.140051,-1.636751,-1.385405,-1.270154,-1.349405,0.874456,-1.426569,0.567121,-1.510878,-0.76456,-1.515584,-1.343153,-0.272195,-1.116959,-1.25693,-1.363626,-1.375254,0.912774,-1.268641,-1.381757,-1.452807,-1.477468,-1.501869,0.407036,-1.366385,-1.421711,-1.462268,-1.330215,0.873322,-1.352,-1.551976,-1.520666,-1.460806,0.086517,-1.274953,1.41888,-1.404314,-1.418834,-1.467894,-1.236003,1.278669,-1.518234,-0.220804,-0.124718,-1.226293,-0.38124,-1.447404,-0.01423,-1.447613,-1.394597,-1.363072,-1.371531,0.572045,-1.490915,-0.445315,-1.527347,-1.345578,-1.030044,-1.315549,-1.403314,-1.429665,-1.477135,0.82673,-0.408068,-1.294728,-1.490988,-1.519715,-1.212716,-1.431638,-1.239186,-1.428069,-1.50624,1.092209,0.25936,-1.290034,-1.334781,-1.433903,-0.696427,-1.183269,0.187282,-1.287208,1.22073,1.15497,-1.376247,-1.280765,-0.923412,-1.408472,-1.456572,-0.924706,-1.335913,-1.218973,-1.366687,-0.368411,-1.272992,-1.340407,-1.388085,-1.362713,0.986253,-1.483283,-0.334074,-1.496235,-1.39952,-1.055711,-1.194106,-1.343889,-1.438572,-1.449599,1.473905,1.10181,-1.093962,-1.41758,-1.503775,1.115242,-0.637898,-1.133514,-1.283105,-1.4923,0.251134,-1.392731,-1.235257,-0.443005,-0.273378,1.580424,-1.511397,0.991755,1.185289,-1.340356,1.351442,-0.827886,-1.376707,-0.988713,-1.269921,1.27152,-0.877526,-1.397808,-1.264122,-1.392024,1.270833,-1.495716,-1.396585,-1.2544,-1.336819,1.338948,-1.197465,-1.290041,-1.45066,-1.407147,1.225578,-0.136104,-1.175257,-1.419875,-1.435345,1.199319,1.263426,-0.083272,-1.461347,-1.519872,-0.648886,0.675003,-1.079626,-1.361868,-1.551605,-0.836506,-1.334174,-0.963028,-0.795342,-1.370419,-1.366122,-1.389376,-1.257279,0.814726,-1.591109,-1.438158,-1.129488,-1.426836,0.023592,-1.247969,0.666102,-1.403302,-1.41075,-0.071581,-1.441381,1.458523,-1.072887,0.092778,-1.569864,-1.409822,1.227406,-0.997491,0.142194,-1.503133,-1.439668,1.352346,-1.102337,-0.939076,-1.534768,-1.515388,1.348099
99.0,82.0,69.7,1.0,2.0,99242.0,99341.0,-0.460845,-1.647958,1.063689,-1.237329,0.211658,0.398677,-1.683739,1.056457,-0.681145,-1.439823,0.562609,-1.340179,0.974876,-1.399051,1.101511,0.591256,-1.458848,1.171832,-1.018935,1.143532,-0.025366,-1.528185,1.146855,-0.800226,-1.435867,0.437898,-0.754737,1.245599,1.109391,1.057021,-0.721386,-1.368928,1.163097,1.031975,1.100908,-1.320086,-1.373379,1.146612,0.991202,1.088108,0.805642,-1.415543,1.198312,1.248242,1.092533,1.045018,-1.433394,1.216454,1.200543,1.090485,-0.103033,-1.419368,1.207597,-1.119083,0.825891,0.56179,-1.489517,1.152313,-1.238952,1.097483,-0.185537,-0.153146,0.980847,-1.139002,1.173063,-1.587193,0.578422,-0.043259,0.906473,1.189665,-0.652791,1.547138,1.3703,1.170597,1.14499,-1.460303,1.399829,1.16606,0.952679,0.901346,0.713289,-1.353609,1.103518,1.092801,0.949618,1.043446,-1.309356,1.030229,1.098951,0.918006,0.807586,-1.182703,1.172038,-1.10889,1.222325,1.059424,0.321715,1.228565,-1.181278,1.103518,-1.466056,-1.267143,1.232943,1.586357,1.115312,-1.493031,0.70402,0.882431,1.165455,1.150815,-1.586219,0.472527,-0.44351,0.859623,1.187429,-0.109629,1.367973,1.12854,1.003964,0.903732,-1.532769,-0.955406,1.189581,0.915142,0.707179,1.07593,1.157892,1.230864,1.078361,0.733002,-1.349701,-1.364509,1.097735,0.318213,0.724415,1.26892,1.503424,-1.507433,1.262979,-1.250382,-1.134579,1.097013,1.197642,1.454059,1.102162,1.373095,-0.808595,1.111656,1.301312,1.136155,1.260768,-0.108906,1.185848,1.107637,1.106237,-1.418042,1.22491,-1.205742,0.910614,1.110154,1.143302,1.490839,1.238669,1.035103,0.997178,-1.117033,-1.257522,1.347543,1.062525,0.753131,-1.212727,0.901798,1.213934,1.133515,0.58709,-1.328369,1.023762,1.1772,1.431707,-1.147262,-0.716589,1.26565,-1.364236,0.307677,0.015856,-0.823902,1.531006,1.066272,1.484843,1.329276,-1.201482,1.729199,1.057225,1.306576,1.126506,-0.019477,0.704509,1.146878,1.339266,1.185621,-1.182496,1.452558,1.245242,0.921329,1.009502,-1.323668,1.265931,0.293177,1.101421,1.01436,-1.394321,-0.890287,1.384058,1.123156,0.803625,1.827325,-1.520314,1.357627,1.15683,0.614037,-0.900088,1.144729,1.519469,1.370422,1.186428,1.223571,1.231938,1.407432,0.424702,0.688367,1.049621,1.426005,1.177604,0.938502,1.35446,0.767208,1.170718,1.098762,-1.412281,1.03521,-0.942069,1.504559,-0.935279,0.874044,1.057232,-1.401627,1.537005,0.131703,0.783713,0.972103,-1.086771,1.468048,-0.632479,0.711431,0.756352,-1.088077
131.0,82.8,70.5,6.0,5.0,99341.0,99472.0,-0.461495,-1.673627,1.057007,-1.188159,0.229533,0.393432,-1.712938,1.05279,-0.738159,-1.431984,0.553784,-1.382172,0.957549,-1.449246,1.114372,0.588413,-1.481866,1.160327,-1.017033,1.126763,-0.046783,-1.560317,1.135081,-0.825754,-1.442636,0.425517,-0.73325,1.241882,1.115378,1.061715,-0.760545,-1.388295,1.150357,1.029219,1.10509,-1.353975,-1.393556,1.134687,0.969112,1.095791,0.797511,-1.433516,1.192057,1.226632,1.103487,1.064065,-1.447512,1.21024,1.181304,1.114446,-0.1435,-1.442621,1.199673,-1.128399,0.855886,0.544511,-1.519688,1.138543,-1.252729,1.130644,-0.218172,-0.19815,0.938656,-1.214846,1.1992,-1.618391,0.548695,-0.205227,0.897619,1.198382,-0.659253,1.565088,1.369444,1.17729,1.149537,-1.493015,1.416011,1.152768,0.950139,0.895831,0.711111,-1.374402,1.080027,1.090408,0.949341,1.051448,-1.323596,1.001636,1.074633,0.920792,0.803643,-1.207524,1.159258,-1.119462,1.235813,1.056322,0.306601,1.218447,-1.182398,1.110118,-1.475921,-1.281119,1.219043,1.626935,1.128161,-1.528197,0.670185,0.833054,1.176332,1.159773,-1.617191,0.439775,-0.600535,0.848473,1.196031,-0.144084,1.370064,1.121151,1.007027,0.901718,-1.564318,-0.996341,1.173588,0.911621,0.699086,1.088157,1.172895,1.224549,1.078462,0.727957,-1.381105,-1.422225,1.071411,0.257349,0.706586,1.264203,1.526209,-1.555153,1.269025,-1.227978,-1.139355,1.098493,1.184033,1.495777,1.11009,1.36973,-0.85261,1.104841,1.31285,1.145731,1.302675,-0.144985,1.182189,1.115078,1.113293,-1.432614,1.224659,-1.30437,0.914348,1.114291,1.173283,1.499092,1.233122,1.030871,0.999327,-1.108269,-1.266514,1.322236,1.051203,0.745649,-1.241012,0.968443,1.18392,1.109923,0.57152,-1.380119,0.982076,1.155419,1.43872,-1.21111,-0.728955,1.266186,-1.393134,0.381653,0.019288,-0.811609,1.499223,1.054509,1.503856,1.343643,-1.20311,1.736467,1.047729,1.30812,1.135327,0.010021,0.64994,1.129616,1.344558,1.19511,-1.188867,1.460503,1.251226,0.924029,1.014164,-1.326758,1.314432,0.213005,1.093362,1.014073,-1.394942,-0.87996,1.312252,1.097669,0.79747,1.829215,-1.56837,1.339564,1.121809,0.602891,-0.915221,1.135546,1.495578,1.38064,1.195006,1.235256,1.220226,1.397414,0.413133,0.682425,1.04046,1.430689,1.150686,0.922537,1.368497,0.835112,1.143467,1.068241,-1.471931,1.044201,-0.944731,1.497325,-1.068539,0.864082,1.064296,-1.41506,1.554482,-0.084631,0.781909,0.977006,-1.063072,1.477359,-0.690589,0.686795,0.748183,-1.064079
199.0,84.8,69.8,8.0,8.0,99472.0,99671.0,-0.462438,-1.710838,1.047321,-1.116879,0.255444,0.385829,-1.755268,1.047474,-0.820811,-1.420619,0.54099,-1.443046,0.93243,-1.522012,1.133017,0.584293,-1.515233,1.143649,-1.014277,1.102453,-0.077831,-1.606897,1.118014,-0.86276,-1.452449,0.407569,-0.702102,1.236493,1.124057,1.068518,-0.817312,-1.416371,1.131887,1.025223,1.111153,-1.403102,-1.422806,1.117398,0.937089,1.106929,0.785723,-1.459572,1.18299,1.195304,1.119367,1.091676,-1.467977,1.201231,1.153414,1.149181,-0.202164,-1.476331,1.188187,-1.141906,0.899368,0.519462,-1.563425,1.11858,-1.2727,1.178717,-0.265482,-0.263391,0.877493,-1.324795,1.23709,-1.663618,0.505602,-0.440026,0.884785,1.211019,-0.668622,1.59111,1.368204,1.186993,1.156127,-1.540435,1.439468,1.133499,0.946457,0.887835,0.707953,-1.404545,1.045971,1.08694,0.948941,1.063049,-1.344239,0.960186,1.039379,0.92483,0.797928,-1.243508,1.140731,-1.134787,1.255366,1.051826,0.284691,1.20378,-1.184021,1.119687,-1.490223,-1.301379,1.198894,1.685759,1.146787,-1.579176,0.621135,0.761475,1.192099,1.172759,-1.662091,0.392296,-0.828168,0.83231,1.208501,-0.19403,1.373095,1.11044,1.011466,0.898798,-1.610052,-1.055684,1.150403,0.906516,0.687356,1.10588,1.194645,1.215396,1.078609,0.720643,-1.426631,-1.505894,1.033249,0.169115,0.68074,1.257365,1.55924,-1.624331,1.277789,-1.1955,-1.146279,1.100637,1.164303,1.556254,1.121582,1.364853,-0.916418,1.094961,1.329576,1.159614,1.363426,-0.197287,1.176885,1.125866,1.123521,-1.453739,1.224294,-1.447348,0.919761,1.120289,1.216744,1.511056,1.225079,1.024735,1.002441,-1.095564,-1.279549,1.285549,1.034789,0.734802,-1.282016,1.065056,1.14041,1.075723,0.548948,-1.45514,0.921645,1.123845,1.448885,-1.303668,-0.746883,1.266962,-1.435027,0.488894,0.024263,-0.793789,1.453149,1.037456,1.531417,1.364469,-1.205469,1.747003,1.033962,1.310357,1.148115,0.052782,0.570833,1.104591,1.352228,1.208867,-1.198102,1.472019,1.2599,0.927943,1.020921,-1.331238,1.384742,0.096783,1.08168,1.013655,-1.395842,-0.864988,1.208156,1.060721,0.788548,1.831956,-1.638035,1.31338,1.07104,0.586734,-0.937159,1.122234,1.460943,1.395453,1.207441,1.252195,1.203249,1.38289,0.396362,0.673811,1.02718,1.437479,1.111665,0.899394,1.388846,0.93355,1.103962,1.023995,-1.558405,1.057235,-0.94859,1.486839,-1.261721,0.84964,1.074535,-1.434532,1.579816,-0.398243,0.779294,0.984112,-1.028717,1.490857,-0.774828,0.651082,0.736341,-1.029289
598.0,83.2,67.8,7.0,6.0,99671.0,100269.0,-0.453753,-1.751934,1.036393,-1.012304,0.277318,0.37864,-1.799151,1.043404,-0.90573,-1.399862,0.52715,-1.513096,0.90155,-1.611757,1.157198,0.580821,-1.556853,1.121643,-1.006235,1.07081,-0.11381,-1.664099,1.095741,-0.90025,-1.465949,0.382287,-0.66157,1.231669,1.135111,1.076702,-0.890467,-1.450114,1.109109,1.020268,1.117847,-1.4663,-1.459125,1.094827,0.897148,1.120462,0.769659,-1.491292,1.170645,1.155271,1.139377,1.124133,-1.49327,1.188455,1.12412,1.194734,-0.27524,-1.518853,1.172125,-1.152244,0.957008,0.492297,-1.61561,1.092439,-1.292238,1.239198,-0.317784,-0.347341,0.800538,-1.444129,1.283147,-1.710618,0.444145,-0.73909,0.868755,1.226047,-0.680767,1.620253,1.366053,1.198167,1.163104,-1.601585,1.468405,1.108223,0.941869,0.875967,0.708236,-1.442346,0.999918,1.082615,0.947937,1.072348,-1.37365,0.905039,0.993649,0.929342,0.788105,-1.293084,1.11538,-1.15154,1.279921,1.041222,0.258203,1.183153,-1.184962,1.129871,-1.502203,-1.329784,1.172106,1.758814,1.169552,-1.631674,0.550436,0.669651,1.212016,1.188327,-1.708675,0.325512,-1.117731,0.812176,1.223337,-0.254395,1.374077,1.096163,1.015595,0.893816,-1.663698,-1.128448,1.118711,0.899582,0.671095,1.129088,1.221471,1.201288,1.079314,0.711837,-1.485343,-1.61178,0.978871,0.058065,0.645832,1.246066,1.594231,-1.709681,1.294992,-1.149548,-1.156511,1.105623,1.134826,1.633615,1.135317,1.364196,-0.992165,1.077905,1.349823,1.176671,1.460381,-0.266716,1.166689,1.13844,1.135932,-1.466101,1.217209,-1.619542,0.926052,1.127299,1.289142,1.523777,1.210441,1.014988,1.00538,-1.056849,-1.290128,1.231448,1.011237,0.721242,-1.335315,1.208246,1.079848,1.033954,0.522,-1.550261,0.849215,1.080107,1.463402,-1.420373,-0.763984,1.262315,-1.489496,0.617584,0.037765,-0.766035,1.390384,1.010663,1.567161,1.385582,-1.200956,1.762065,1.011252,1.313163,1.162643,0.112435,0.454326,1.069051,1.361479,1.224784,-1.197059,1.483917,1.27145,0.932598,1.029122,-1.334012,1.476402,-0.074962,1.066289,1.01281,-1.393283,-0.847402,1.030954,1.011584,0.77741,1.824461,-1.714063,1.268952,1.004295,0.567377,-0.963328,1.106843,1.407504,1.420605,1.222388,1.269593,1.178789,1.36236,0.374509,0.660458,1.00556,1.445334,1.059535,0.877864,1.410899,1.057713,1.053859,0.96377,-1.661347,1.07201,-0.9478,1.472372,-1.514412,0.830586,1.086676,-1.442155,1.60731,-0.769757,0.776122,0.992967,-0.972087,1.505878,-0.8905,0.603992,0.722287,-0.971595
166.0,83.8,68.0,4.0,2.0,100269.0,100435.0,-0.437158,-1.775756,1.029786,-0.920952,0.281982,0.375907,-1.821181,1.043188,-0.947392,-1.378077,0.51947,-1.557055,0.879921,-1.674933,1.175482,0.580092,-1.586649,1.104622,-0.995632,1.046767,-0.136674,-1.704103,1.078759,-0.917965,-1.476938,0.361142,-0.630784,1.230213,1.143266,1.082242,-0.945308,-1.472927,1.093074,1.016752,1.121726,-1.513564,-1.484951,1.077609,0.868557,1.129772,0.756727,-1.513177,1.160719,1.125605,1.153915,1.145282,-1.511129,1.177687,1.108931,1.229687,-0.327451,-1.549794,1.158803,-1.152795,1.001852,0.477143,-1.650475,1.07242,-1.300568,1.28304,-0.348165,-0.410147,0.744748,-1.510814,1.314851,-1.734355,0.392041,-0.959703,0.857257,1.236033,-0.689945,1.637628,1.363879,1.205187,1.166791,-1.647467,1.488781,1.08882,0.93859,0.865475,0.71288,-1.46962,0.963186,1.07952,0.946687,1.073561,-1.398559,0.861936,0.959063,0.93202,0.778239,-1.333516,1.094872,-1.161047,1.297675,1.028373,0.240128,1.165933,-1.184494,1.135319,-1.504612,-1.353419,1.151187,1.810777,1.185357,-1.657583,0.489805,0.601244,1.226537,1.19881,-1.732109,0.269743,-1.330948,0.797792,1.233201,-0.295572,1.371832,1.084977,1.017068,0.888839,-1.698525,-1.179217,1.093104,0.894023,0.65774,1.14686,1.240355,1.188356,1.080369,0.705867,-1.529403,-1.689187,0.932808,-0.022482,0.618032,1.235063,1.612744,-1.769797,1.313907,-1.110926,-1.165513,1.111624,1.1086,1.691024,1.144518,1.36944,-1.042345,1.060711,1.36367,1.188609,1.55208,-0.320831,1.155621,1.146512,1.144449,-1.460228,1.205157,-1.736342,0.930071,1.131821,1.360112,1.530565,1.195112,1.005805,1.006488,-1.005065,-1.291723,1.183939,0.991135,0.711503,-1.375735,1.334625,1.029871,1.004989,0.503979,-1.619983,0.800466,1.044213,1.475726,-1.505239,-0.77069,1.253078,-1.530822,0.704369,0.055108,-0.740351,1.339879,0.98567,1.594187,1.395575,-1.189878,1.774868,0.989165,1.315189,1.171548,0.161785,0.352149,1.039055,1.367767,1.23487,-1.183091,1.489837,1.280487,0.935692,1.034751,-1.333036,1.546188,-0.226095,1.054407,1.011862,-1.387577,-0.835959,0.85425,0.973196,0.769427,1.807609,-1.757052,1.224761,0.952914,0.554357,-0.980804,1.097101,1.35847,1.445635,1.232494,1.278121,1.157822,1.345121,0.357883,0.648152,0.98476,1.450311,1.018577,0.870174,1.423184,1.148048,1.017122,0.915355,-1.729865,1.081026,-0.941337,1.460556,-1.707654,0.815853,1.094703,-1.43007,1.622669,-1.015019,0.773946,0.999295,-0.917044,1.514721,-0.98446,0.567605,0.71298,-0.915242
964.0,86.1,71.8,12.0,12.0,100435.0,101399.0,-0.412918,-1.810553,1.020135,-0.787518,0.288794,0.371915,-1.85336,1.042872,-1.008245,-1.346257,0.508252,-1.621262,0.848328,-1.76721,1.202188,0.579026,-1.630169,1.079762,-0.980144,1.01165,-0.170069,-1.762534,1.053955,-0.94384,-1.49299,0.330257,-0.585817,1.228085,1.155177,1.090334,-1.025411,-1.506249,1.069653,1.011617,1.127392,-1.582599,-1.522673,1.052459,0.826796,1.14337,0.737837,-1.545144,1.146221,1.082273,1.17515,1.176172,-1.537215,1.16196,1.086745,1.28074,-0.403714,-1.594988,1.139343,-1.153599,1.067354,0.455009,-1.7014,1.043179,-1.312736,1.347078,-0.39254,-0.501884,0.663258,-1.608217,1.36116,-1.769026,0.315935,-1.28194,0.840462,1.250617,-0.703352,1.663006,1.360703,1.215442,1.172175,-1.714485,1.518543,1.06048,0.933801,0.850151,0.719664,-1.509457,0.909533,1.074999,0.944862,1.075333,-1.434942,0.798976,0.908545,0.935931,0.763829,-1.392572,1.064919,-1.174933,1.323607,1.009605,0.213727,1.14078,-1.183812,1.143277,-1.508131,-1.387941,1.120631,1.886677,1.208441,-1.695428,0.401246,0.501325,1.247747,1.214122,-1.766338,0.188285,-1.642383,0.776783,1.247609,-0.355716,1.368554,1.068638,1.019219,0.881568,-1.749395,-1.253372,1.055702,0.885902,0.638232,1.17282,1.267939,1.169468,1.081909,0.697146,-1.593759,-1.802251,0.865526,-0.140132,0.577426,1.218992,1.639787,-1.857604,1.341536,-1.054512,-1.178663,1.12039,1.070292,1.774878,1.157958,1.377098,-1.11564,1.035598,1.383895,1.206046,1.686019,-0.399874,1.139455,1.158303,1.156891,-1.45165,1.187553,-1.906946,0.935941,1.138427,1.463775,1.540481,1.172723,0.992393,1.008107,-0.929427,-1.294052,1.114545,0.961775,0.697278,-1.434776,1.519221,0.956873,0.962681,0.477657,-1.721823,0.72926,0.991785,1.493729,-1.629198,-0.780486,1.239587,-1.591184,0.831131,0.080442,-0.702836,1.266109,0.949163,1.633663,1.410172,-1.173696,1.793568,0.956904,1.318148,1.184555,0.233869,0.202905,0.995241,1.376952,1.249603,-1.162689,1.498484,1.293686,0.940211,1.042973,-1.33161,1.648121,-0.446848,1.037051,1.010478,-1.379243,-0.819244,0.596147,0.917125,0.757767,1.782993,-1.819843,1.160215,0.877866,0.53534,-1.00633,1.082873,1.286849,1.482196,1.247256,1.290577,1.127196,1.319941,0.333599,0.630178,0.95438,1.45758,0.958751,0.858941,1.441128,1.279997,0.963461,0.844638,-1.829945,1.094195,-0.931897,1.443296,-1.989912,0.794333,1.106427,-1.412418,1.645104,-1.373261,0.770767,1.008539,-0.836645,1.527636,-1.121703,0.514456,0.699386,-0.83293
99.0,68.3,58.3,1.0,4.0,10191.0,10290.0,-0.24853,-1.914973,1.001682,0.114723,0.186072,0.331305,-1.94272,1.051365,-0.510033,-1.229764,0.481622,-1.879346,0.73987,-2.083863,1.29808,0.635837,-1.772743,0.98416,-0.867284,0.950086,-0.256483,-1.877005,0.962214,-1.073586,-1.609101,0.145932,-0.470992,1.212054,1.192047,1.113644,-1.414185,-1.693232,0.968831,0.99535,1.144591,-1.798445,-1.701162,0.947666,0.638313,1.204434,0.696367,-1.667684,1.09357,0.872603,1.295753,1.260262,-1.743137,1.08594,0.903991,1.482189,-0.755053,-1.717178,1.0539,-1.227801,1.265856,0.361356,-1.883152,0.942316,-1.403968,1.560418,-0.662473,-0.923799,0.443007,-1.910405,1.488531,-1.929411,-0.134473,-2.105514,0.852664,1.302405,-1.138526,1.677015,1.309865,1.250379,1.180407,-2.019839,1.602943,0.917688,0.937119,0.758224,0.865387,-1.740229,0.6612,1.061871,0.93209,1.045643,-1.65448,0.521222,0.715093,0.958208,0.653562,-1.527879,0.931884,-1.255854,1.433184,0.736695,0.154263,1.030717,-1.21397,1.124497,-1.723858,-1.365436,1.028716,2.062802,1.287637,-1.88791,-0.099817,0.342744,1.336028,1.267607,-1.922833,-0.286512,-2.458877,0.76667,1.301539,-0.598784,1.295413,0.944323,1.033638,0.822077,-1.843568,-1.591496,0.878226,0.849036,0.542327,1.364632,1.333886,1.07864,1.121835,0.66208,-1.790221,-2.256266,0.550003,-0.503565,0.332633,0.99397,1.680478,-2.017863,1.647682,-0.805966,-1.377857,1.197087,0.935841,2.184248,1.227863,1.221828,-1.240152,0.991131,1.45819,1.281496,2.34527,-0.802355,1.147004,1.191722,1.209561,-1.400259,1.068791,-2.054379,0.966606,1.153986,2.354381,1.570009,1.004701,0.908152,1.003349,-0.157684,-1.405834,0.764092,0.825116,0.640162,-1.560135,2.205923,0.590724,0.866448,0.379687,-2.026935,0.525983,0.749352,1.52017,-2.057066,-0.81365,1.107507,-1.860638,1.127911,0.451149,-0.606003,0.906483,0.82013,1.872619,1.438301,-1.097471,1.784294,0.851153,1.348353,1.231657,0.54357,-0.532639,0.935049,1.419533,1.30114,-0.977663,1.558102,1.388519,0.956486,1.072245,-1.277895,2.057488,-1.563186,0.963595,1.000722,-1.211603,-0.736076,-0.962907,0.674939,0.705133,1.57832,-1.923441,0.81134,0.585057,0.467461,-1.485352,1.183996,0.871703,1.778389,1.336227,1.283485,1.075455,1.195919,0.490121,0.510151,0.804531,1.541189,0.755417,1.026727,1.482487,2.046244,0.803155,0.674812,-2.165838,1.140741,-0.936093,1.458285,-2.804826,0.700886,1.14544,-1.162802,1.729601,-1.3622,0.753863,1.038379,-0.317856,1.60821,-1.696465,0.310269,0.656868,-0.293726
198.0,89.3,75.0,1.0,5.0,101399.0,101597.0,-0.324787,-1.874974,1.00668,-0.350836,0.305613,0.356441,-1.903824,1.047296,-0.896298,-1.262278,0.486531,-1.762356,0.786133,-1.954471,1.26124,0.598306,-1.724513,1.026179,-0.924765,0.934011,-0.237564,-1.865648,0.999684,-0.995329,-1.574423,0.263746,-0.49029,1.225013,1.173926,1.107304,-1.218396,-1.593145,1.01675,0.994883,1.137545,-1.70154,-1.61785,0.995827,0.71928,1.174634,0.705052,-1.619559,1.117093,0.982421,1.231688,1.233497,-1.621135,1.122543,1.031176,1.391519,-0.595788,-1.681187,1.091187,-1.165564,1.181705,0.40523,-1.806603,0.983256,-1.339271,1.470161,-0.510254,-0.718816,0.51684,-1.736439,1.443002,-1.832196,0.12239,-1.85413,0.835822,1.280416,-0.848058,1.690136,1.342011,1.234349,1.180054,-1.876964,1.581733,0.987056,0.925821,0.801686,0.782537,-1.619216,0.769839,1.059,0.936697,1.055828,-1.56075,0.643776,0.793964,0.941922,0.713527,-1.503037,0.991376,-1.203281,1.378145,0.901225,0.169749,1.081508,-1.186681,1.137035,-1.571555,-1.416899,1.06248,2.050263,1.252215,-1.776169,0.15385,0.351456,1.300148,1.245733,-1.828266,-0.016096,-2.200322,0.762555,1.277706,-0.495001,1.345441,1.017594,1.021296,0.856329,-1.829035,-1.430687,0.956641,0.863793,0.583398,1.261559,1.318299,1.118176,1.089888,0.675245,-1.727131,-2.071213,0.689168,-0.39925,0.457797,1.172094,1.682284,-1.990165,1.487257,-0.920582,-1.264177,1.157091,0.99203,1.996271,1.185868,1.34161,-1.200392,0.993349,1.425805,1.246702,2.051892,-0.577678,1.12156,1.180069,1.186493,-1.395884,1.147222,-2.119812,0.951623,1.148723,1.86732,1.558501,1.089955,0.949458,1.007904,-0.616579,-1.330923,0.912457,0.886523,0.666038,-1.562716,1.961969,0.75677,0.887376,0.421577,-1.93396,0.59647,0.850125,1.524662,-1.901311,-0.775532,1.192408,-1.730579,1.049565,0.217261,-0.606194,1.076407,0.86888,1.747951,1.426077,-1.119374,1.881599,0.887095,1.325323,1.211912,0.407593,-0.172545,0.919605,1.395198,1.278588,-1.065219,1.534488,1.333122,0.949749,1.060666,-1.314151,1.910247,-1.078657,0.994594,1.005712,-1.316116,-0.780054,-0.259459,0.775689,0.729108,1.667241,-1.919321,0.963896,0.707046,0.491453,-1.229183,1.096556,1.067683,1.620493,1.288103,1.298305,1.073631,1.252236,0.309277,0.541897,0.872793,1.488702,0.829091,0.887033,1.470097,1.688871,0.855387,0.716918,-2.044238,1.121848,-0.911381,1.438089,-2.584115,0.738427,1.130234,-1.284493,1.700241,-1.845668,0.760412,1.027735,-0.59335,1.569728,-1.473404,0.390885,0.670958,-0.581384
132.0,90.8,76.5,6.0,3.0,101597.0,101729.0,-0.269352,-1.903566,1.005308,0.008343,0.24314,0.335934,-1.931044,1.052755,-0.619544,-1.230527,0.479727,-1.849849,0.752614,-2.051402,1.290745,0.62351,-1.765239,0.994674,-0.881569,0.924891,-0.257227,-1.88383,0.970136,-1.053267,-1.621963,0.178658,-0.459501,1.217628,1.187095,1.113302,-1.371698,-1.664021,0.981268,0.99296,1.143186,-1.776486,-1.682196,0.95946,0.652398,1.196566,0.695932,-1.659853,1.09977,0.896271,1.27488,1.256908,-1.709188,1.094999,0.934285,1.452721,-0.719575,-1.713439,1.062141,-1.213037,1.228663,0.37213,-1.869277,0.95118,-1.384823,1.533557,-0.622232,-0.868244,0.456435,-1.863473,1.476312,-1.899953,-0.05309,-2.064946,0.846939,1.297436,-1.073604,1.686371,1.317688,1.24583,1.180879,-1.98857,1.605452,0.933818,0.931552,0.768332,0.842887,-1.70876,0.68366,1.058663,0.932481,1.048366,-1.637356,0.547519,0.732121,0.950472,0.671738,-1.528381,0.945764,-1.243617,1.416113,0.777924,0.154141,1.043261,-1.206785,1.122326,-1.677848,-1.381929,1.034819,2.067958,1.277081,-1.855966,-0.031217,0.333174,1.329105,1.26276,-1.894247,-0.200626,-2.41549,0.765075,1.296003,-0.581696,1.315378,0.967124,1.028881,0.831722,-1.846061,-1.546138,0.895237,0.850998,0.550639,1.334442,1.333487,1.086672,1.110415,0.664936,-1.778223,-2.218846,0.579219,-0.492413,0.363941,1.058681,1.688177,-2.013484,1.609399,-0.834252,-1.353943,1.186563,0.948466,2.138306,1.21549,1.253678,-1.227704,0.988779,1.449962,1.27336,2.27567,-0.727786,1.137993,1.189997,1.204714,-1.39283,1.098079,-2.095594,0.962657,1.153264,2.224393,1.571605,1.025217,0.91701,1.005338,-0.314871,-1.378322,0.793128,0.838997,0.646818,-1.576625,2.194788,0.629441,0.869093,0.390239,-2.020427,0.542192,0.770624,1.526599,-2.024552,-0.789917,1.134461,-1.827398,1.112373,0.384572,-0.586221,0.946756,0.83042,1.841403,1.433541,-1.103574,1.83778,0.85933,1.340216,1.227968,0.504339,-0.441475,0.924132,1.411263,1.296023,-0.998813,1.5567,1.372463,0.955109,1.070113,-1.290372,2.048442,-1.466454,0.969071,1.002013,-1.241126,-0.738234,-0.807285,0.693668,0.711206,1.60072,-1.925977,0.848061,0.611381,0.473193,-1.447701,1.157659,0.920242,1.737921,1.322518,1.29025,1.069042,1.210513,0.420582,0.500619,0.821273,1.525639,0.771195,0.983079,1.47994,1.964941,0.812324,0.685426,-2.144489,1.136644,-0.924344,1.453808,-2.776958,0.706874,1.142442,-1.187509,1.727408,-1.562295,0.754403,1.036887,-0.389284,1.602781,-1.656089,0.323552,0.659123,-0.368477
167.0,89.0,74.0,6.0,4.0,101729.0,101896.0,-0.255999,-1.910881,1.002983,0.076565,0.206542,0.332965,-1.938532,1.051864,-0.549314,-1.230038,0.480943,-1.868765,0.744441,-2.07222,1.295449,0.631415,-1.770051,0.987932,-0.872408,0.941049,-0.25675,-1.879453,0.965056,-1.066298,-1.613714,0.15767,-0.46687,1.214054,1.190271,1.113522,-1.398945,-1.682754,0.973292,0.994493,1.144087,-1.790569,-1.694359,0.951896,0.643365,1.201612,0.696211,-1.664875,1.095794,0.881093,1.288266,1.259059,-1.73096,1.089189,0.914858,1.471619,-0.742327,-1.715837,1.056856,-1.222505,1.252515,0.365221,-1.878175,0.945495,-1.397101,1.550783,-0.648039,-0.903872,0.447824,-1.893571,1.484148,-1.918845,-0.105281,-2.090962,0.85061,1.300623,-1.115239,1.680371,1.312671,1.248748,1.180576,-2.008623,1.603843,0.923474,0.935122,0.76185,0.857316,-1.728941,0.669256,1.06072,0.93223,1.04662,-1.648338,0.530655,0.721201,0.955433,0.660081,-1.528059,0.936863,-1.251465,1.427061,0.751483,0.154219,1.035217,-1.211393,1.123718,-1.707355,-1.371352,1.030905,2.064652,1.28385,-1.876452,-0.075211,0.339311,1.333545,1.265869,-1.912579,-0.255705,-2.443314,0.766098,1.299553,-0.592654,1.302574,0.952502,1.031932,0.825536,-1.844462,-1.575227,0.884328,0.849739,0.545308,1.353803,1.333743,1.081521,1.117738,0.663105,-1.785918,-2.242844,0.560482,-0.499565,0.343863,1.017182,1.68324,-2.016292,1.63395,-0.816112,-1.369279,1.193312,0.940369,2.167769,1.223425,1.233253,-1.235687,0.990287,1.455239,1.278578,2.320305,-0.775608,1.143772,1.191103,1.207823,-1.397594,1.079296,-2.069163,0.965189,1.153727,2.307755,1.570581,1.01206,0.911329,1.004062,-0.214066,-1.395966,0.774507,0.830095,0.64255,-1.56605,2.201929,0.604612,0.867397,0.383472,-2.024601,0.531797,0.756982,1.522476,-2.045403,-0.805137,1.117175,-1.848715,1.122338,0.427268,-0.598907,0.920929,0.823821,1.861422,1.436594,-1.09966,1.803479,0.854086,1.345434,1.230333,0.529498,-0.499939,0.931133,1.416567,1.299304,-0.985249,1.557599,1.38276,0.955992,1.07148,-1.28237,2.054243,-1.528489,0.965559,1.001185,-1.222193,-0.73685,-0.907086,0.681657,0.707311,1.586355,-1.92435,0.824512,0.594499,0.469517,-1.471847,1.174549,0.889114,1.763873,1.331309,1.285911,1.073155,1.201154,0.465178,0.506732,0.810536,1.535611,0.761076,1.011071,1.481573,2.017081,0.806444,0.678619,-2.15818,1.139272,-0.931879,1.45668,-2.79483,0.703034,1.144365,-1.171664,1.728814,-1.433973,0.754057,1.037844,-0.343477,1.606263,-1.681983,0.315034,0.657677,-0.320539
465.0,88.9,77.1,5.0,11.0,101896.0,102361.0,-0.25102,-1.913609,1.002115,0.102003,0.192895,0.331859,-1.941324,1.051531,-0.523127,-1.229856,0.481396,-1.875819,0.741394,-2.079982,1.297203,0.634363,-1.771846,0.985417,-0.868992,0.947073,-0.256572,-1.877821,0.963161,-1.071157,-1.610639,0.149844,-0.469618,1.212721,1.191455,1.113604,-1.409105,-1.689739,0.970318,0.995064,1.144423,-1.79582,-1.698894,0.949076,0.639997,1.203493,0.696315,-1.666748,1.094312,0.875433,1.293257,1.259861,-1.739078,1.087023,0.907614,1.478666,-0.750811,-1.716731,1.054885,-1.226035,1.261409,0.362644,-1.881493,0.943375,-1.401679,1.557207,-0.657661,-0.917156,0.444613,-1.904794,1.48707,-1.925889,-0.124742,-2.100663,0.851979,1.301811,-1.130764,1.678134,1.310801,1.249835,1.180464,-2.0161,1.603243,0.919617,0.936454,0.759433,0.862696,-1.736466,0.663886,1.061487,0.932137,1.045968,-1.652433,0.524367,0.717129,0.957283,0.655735,-1.527939,0.933543,-1.254391,1.431143,0.741624,0.154249,1.032217,-1.213111,1.124237,-1.718357,-1.367408,1.029446,2.063419,1.286375,-1.88409,-0.091615,0.341599,1.335201,1.267028,-1.919415,-0.276243,-2.453689,0.766479,1.300877,-0.596741,1.2978,0.94705,1.033069,0.82323,-1.843866,-1.586073,0.88026,0.84927,0.54332,1.361022,1.333838,1.0796,1.120469,0.662422,-1.788787,-2.251792,0.553496,-0.502232,0.336376,1.001707,1.681399,-2.017339,1.643105,-0.809348,-1.374998,1.195829,0.93735,2.178755,1.226383,1.225636,-1.238664,0.99085,1.457206,1.280524,2.336948,-0.793439,1.145927,1.191515,1.208982,-1.399371,1.072293,-2.059307,0.966134,1.1539,2.338839,1.5702,1.007154,0.909211,1.003587,-0.176478,-1.402545,0.767564,0.826776,0.640958,-1.562107,2.204592,0.595353,0.866765,0.380949,-2.026157,0.527921,0.751895,1.520939,-2.053178,-0.810812,1.110729,-1.856664,1.126053,0.443189,-0.603638,0.911299,0.821361,1.868887,1.437732,-1.098201,1.790689,0.852131,1.34738,1.231216,0.538879,-0.521739,0.933744,1.418545,1.300528,-0.980192,1.557934,1.3866,0.956321,1.07199,-1.279387,2.056406,-1.55162,0.96425,1.000877,-1.215133,-0.736334,-0.9443,0.677178,0.705859,1.580998,-1.923744,0.815731,0.588204,0.468147,-1.48085,1.180847,0.877507,1.77355,1.334588,1.284294,1.074688,1.197664,0.481807,0.509011,0.806533,1.53933,0.757303,1.021509,1.482182,2.036523,0.804251,0.676081,-2.163286,1.140251,-0.934688,1.45775,-2.801494,0.701602,1.145082,-1.165756,1.729339,-1.386124,0.753928,1.0382,-0.326396,1.607561,-1.691638,0.311857,0.657137,-0.302664
465.0,66.8,56.9,3.0,4.0,1163.0,1628.0,-0.24853,-1.914973,1.001682,0.114723,0.186072,0.331305,-1.94272,1.051365,-0.510033,-1.229764,0.481622,-1.879346,0.73987,-2.083863,1.29808,0.635837,-1.772743,0.98416,-0.867284,0.950086,-0.256483,-1.877005,0.962214,-1.073586,-1.609101,0.145932,-0.470992,1.212054,1.192047,1.113644,-1.414185,-1.693232,0.968831,0.99535,1.144591,-1.798445,-1.701162,0.947666,0.638313,1.204434,0.696367,-1.667684,1.09357,0.872603,1.295753,1.260262,-1.743137,1.08594,0.903991,1.482189,-0.755053,-1.717178,1.0539,-1.227801,1.265856,0.361356,-1.883152,0.942316,-1.403968,1.560418,-0.662473,-0.923799,0.443007,-1.910405,1.488531,-1.929411,-0.134473,-2.105514,0.852664,1.302405,-1.138526,1.677015,1.309865,1.250379,1.180407,-2.019839,1.602943,0.917688,0.937119,0.758224,0.865387,-1.740229,0.6612,1.061871,0.93209,1.045643,-1.65448,0.521222,0.715093,0.958208,0.653562,-1.527879,0.931884,-1.255854,1.433184,0.736695,0.154263,1.030717,-1.21397,1.124497,-1.723858,-1.365436,1.028716,2.062802,1.287637,-1.88791,-0.099817,0.342744,1.336028,1.267607,-1.922833,-0.286512,-2.458877,0.76667,1.301539,-0.598784,1.295413,0.944323,1.033638,0.822077,-1.843568,-1.591496,0.878226,0.849036,0.542327,1.364632,1.333886,1.07864,1.121835,0.66208,-1.790221,-2.256266,0.550003,-0.503565,0.332633,0.99397,1.680478,-2.017863,1.647682,-0.805966,-1.377857,1.197087,0.935841,2.184248,1.227863,1.221828,-1.240152,0.991131,1.45819,1.281496,2.34527,-0.802355,1.147004,1.191722,1.209561,-1.400259,1.068791,-2.054379,0.966606,1.153986,2.354381,1.570009,1.004701,0.908152,1.003349,-0.157684,-1.405834,0.764092,0.825116,0.640162,-1.560135,2.205923,0.590724,0.866448,0.379687,-2.026935,0.525983,0.749352,1.52017,-2.057066,-0.81365,1.107507,-1.860638,1.127911,0.451149,-0.606003,0.906483,0.82013,1.872619,1.438301,-1.097471,1.784294,0.851153,1.348353,1.231657,0.54357,-0.532639,0.935049,1.419533,1.30114,-0.977663,1.558102,1.388519,0.956486,1.072245,-1.277895,2.057488,-1.563186,0.963595,1.000722,-1.211603,-0.736076,-0.962907,0.674939,0.705133,1.57832,-1.923441,0.81134,0.585057,0.467461,-1.485352,1.183996,0.871703,1.778389,1.336227,1.283485,1.075455,1.195919,0.490121,0.510151,0.804531,1.541189,0.755417,1.026727,1.482487,2.046244,0.803155,0.674812,-2.165838,1.140741,-0.936093,1.458285,-2.804826,0.700886,1.14544,-1.162802,1.729601,-1.3622,0.753863,1.038379,-0.317856,1.60821,-1.696465,0.310269,0.656868,-0.293726
99.0,69.3,59.7,3.0,15.0,10290.0,10389.0,-0.24853,-1.914973,1.001682,0.114723,0.186072,0.331305,-1.94272,1.051365,-0.510033,-1.229764,0.481622,-1.879346,0.73987,-2.083863,1.29808,0.635837,-1.772743,0.98416,-0.867284,0.950086,-0.256483,-1.877005,0.962214,-1.073586,-1.609101,0.145932,-0.470992,1.212054,1.192047,1.113644,-1.414185,-1.693232,0.968831,0.99535,1.144591,-1.798445,-1.701162,0.947666,0.638313,1.204434,0.696367,-1.667684,1.09357,0.872603,1.295753,1.260262,-1.743137,1.08594,0.903991,1.482189,-0.755053,-1.717178,1.0539,-1.227801,1.265856,0.361356,-1.883152,0.942316,-1.403968,1.560418,-0.662473,-0.923799,0.443007,-1.910405,1.488531,-1.929411,-0.134473,-2.105514,0.852664,1.302405,-1.138526,1.677015,1.309865,1.250379,1.180407,-2.019839,1.602943,0.917688,0.937119,0.758224,0.865387,-1.740229,0.6612,1.061871,0.93209,1.045643,-1.65448,0.521222,0.715093,0.958208,0.653562,-1.527879,0.931884,-1.255854,1.433184,0.736695,0.154263,1.030717,-1.21397,1.124497,-1.723858,-1.365436,1.028716,2.062802,1.287637,-1.88791,-0.099817,0.342744,1.336028,1.267607,-1.922833,-0.286512,-2.458877,0.76667,1.301539,-0.598784,1.295413,0.944323,1.033638,0.822077,-1.843568,-1.591496,0.878226,0.849036,0.542327,1.364632,1.333886,1.07864,1.121835,0.66208,-1.790221,-2.256266,0.550003,-0.503565,0.332633,0.99397,1.680478,-2.017863,1.647682,-0.805966,-1.377857,1.197087,0.935841,2.184248,1.227863,1.221828,-1.240152,0.991131,1.45819,1.281496,2.34527,-0.802355,1.147004,1.191722,1.209561,-1.400259,1.068791,-2.054379,0.966606,1.153986,2.354381,1.570009,1.004701,0.908152,1.003349,-0.157684,-1.405834,0.764092,0.825116,0.640162,-1.560135,2.205923,0.590724,0.866448,0.379687,-2.026935,0.525983,0.749352,1.52017,-2.057066,-0.81365,1.107507,-1.860638,1.127911,0.451149,-0.606003,0.906483,0.82013,1.872619,1.438301,-1.097471,1.784294,0.851153,1.348353,1.231657,0.54357,-0.532639,0.935049,1.419533,1.30114,-0.977663,1.558102,1.388519,0.956486,1.072245,-1.277895,2.057488,-1.563186,0.963595,1.000722,-1.211603,-0.736076,-0.962907,0.674939,0.705133,1.57832,-1.923441,0.81134,0.585057,0.467461,-1.485352,1.183996,0.871703,1.778389,1.336227,1.283485,1.075455,1.195919,0.490121,0.510151,0.804531,1.541189,0.755417,1.026727,1.482487,2.046244,0.803155,0.674812,-2.165838,1.140741,-0.936093,1.458285,-2.804826,0.700886,1.14544,-1.162802,1.729601,-1.3622,0.753863,1.038379,-0.317856,1.60821,-1.696465,0.310269,0.656868,-0.293726
164.0,69.8,56.2,3.0,6.0,10389.0,10553.0,-0.24853,-1.914973,1.001682,0.114723,0.186072,0.331305,-1.94272,1.051365,-0.510033,-1.229764,0.481622,-1.879346,0.73987,-2.083863,1.29808,0.635837,-1.772743,0.98416,-0.867284,0.950086,-0.256483,-1.877005,0.962214,-1.073586,-1.609101,0.145932,-0.470992,1.212054,1.192047,1.113644,-1.414185,-1.693232,0.968831,0.99535,1.144591,-1.798445,-1.701162,0.947666,0.638313,1.204434,0.696367,-1.667684,1.09357,0.872603,1.295753,1.260262,-1.743137,1.08594,0.903991,1.482189,-0.755053,-1.717178,1.0539,-1.227801,1.265856,0.361356,-1.883152,0.942316,-1.403968,1.560418,-0.662473,-0.923799,0.443007,-1.910405,1.488531,-1.929411,-0.134473,-2.105514,0.852664,1.302405,-1.138526,1.677015,1.309865,1.250379,1.180407,-2.019839,1.602943,0.917688,0.937119,0.758224,0.865387,-1.740229,0.6612,1.061871,0.93209,1.045643,-1.65448,0.521222,0.715093,0.958208,0.653562,-1.527879,0.931884,-1.255854,1.433184,0.736695,0.154263,1.030717,-1.21397,1.124497,-1.723858,-1.365436,1.028716,2.062802,1.287637,-1.88791,-0.099817,0.342744,1.336028,1.267607,-1.922833,-0.286512,-2.458877,0.76667,1.301539,-0.598784,1.295413,0.944323,1.033638,0.822077,-1.843568,-1.591496,0.878226,0.849036,0.542327,1.364632,1.333886,1.07864,1.121835,0.66208,-1.790221,-2.256266,0.550003,-0.503565,0.332633,0.99397,1.680478,-2.017863,1.647682,-0.805966,-1.377857,1.197087,0.935841,2.184248,1.227863,1.221828,-1.240152,0.991131,1.45819,1.281496,2.34527,-0.802355,1.147004,1.191722,1.209561,-1.400259,1.068791,-2.054379,0.966606,1.153986,2.354381,1.570009,1.004701,0.908152,1.003349,-0.157684,-1.405834,0.764092,0.825116,0.640162,-1.560135,2.205923,0.590724,0.866448,0.379687,-2.026935,0.525983,0.749352,1.52017,-2.057066,-0.81365,1.107507,-1.860638,1.127911,0.451149,-0.606003,0.906483,0.82013,1.872619,1.438301,-1.097471,1.784294,0.851153,1.348353,1.231657,0.54357,-0.532639,0.935049,1.419533,1.30114,-0.977663,1.558102,1.388519,0.956486,1.072245,-1.277895,2.057488,-1.563186,0.963595,1.000722,-1.211603,-0.736076,-0.962907,0.674939,0.705133,1.57832,-1.923441,0.81134,0.585057,0.467461,-1.485352,1.183996,0.871703,1.778389,1.336227,1.283485,1.075455,1.195919,0.490121,0.510151,0.804531,1.541189,0.755417,1.026727,1.482487,2.046244,0.803155,0.674812,-2.165838,1.140741,-0.936093,1.458285,-2.804826,0.700886,1.14544,-1.162802,1.729601,-1.3622,0.753863,1.038379,-0.317856,1.60821,-1.696465,0.310269,0.656868,-0.293726
133.0,65.0,55.3,1.0,1.0,10553.0,10686.0,-0.24853,-1.914973,1.001682,0.114723,0.186072,0.331305,-1.94272,1.051365,-0.510033,-1.229764,0.481622,-1.879346,0.73987,-2.083863,1.29808,0.635837,-1.772743,0.98416,-0.867284,0.950086,-0.256483,-1.877005,0.962214,-1.073586,-1.609101,0.145932,-0.470992,1.212054,1.192047,1.113644,-1.414185,-1.693232,0.968831,0.99535,1.144591,-1.798445,-1.701162,0.947666,0.638313,1.204434,0.696367,-1.667684,1.09357,0.872603,1.295753,1.260262,-1.743137,1.08594,0.903991,1.482189,-0.755053,-1.717178,1.0539,-1.227801,1.265856,0.361356,-1.883152,0.942316,-1.403968,1.560418,-0.662473,-0.923799,0.443007,-1.910405,1.488531,-1.929411,-0.134473,-2.105514,0.852664,1.302405,-1.138526,1.677015,1.309865,1.250379,1.180407,-2.019839,1.602943,0.917688,0.937119,0.758224,0.865387,-1.740229,0.6612,1.061871,0.93209,1.045643,-1.65448,0.521222,0.715093,0.958208,0.653562,-1.527879,0.931884,-1.255854,1.433184,0.736695,0.154263,1.030717,-1.21397,1.124497,-1.723858,-1.365436,1.028716,2.062802,1.287637,-1.88791,-0.099817,0.342744,1.336028,1.267607,-1.922833,-0.286512,-2.458877,0.76667,1.301539,-0.598784,1.295413,0.944323,1.033638,0.822077,-1.843568,-1.591496,0.878226,0.849036,0.542327,1.364632,1.333886,1.07864,1.121835,0.66208,-1.790221,-2.256266,0.550003,-0.503565,0.332633,0.99397,1.680478,-2.017863,1.647682,-0.805966,-1.377857,1.197087,0.935841,2.184248,1.227863,1.221828,-1.240152,0.991131,1.45819,1.281496,2.34527,-0.802355,1.147004,1.191722,1.209561,-1.400259,1.068791,-2.054379,0.966606,1.153986,2.354381,1.570009,1.004701,0.908152,1.003349,-0.157684,-1.405834,0.764092,0.825116,0.640162,-1.560135,2.205923,0.590724,0.866448,0.379687,-2.026935,0.525983,0.749352,1.52017,-2.057066,-0.81365,1.107507,-1.860638,1.127911,0.451149,-0.606003,0.906483,0.82013,1.872619,1.438301,-1.097471,1.784294,0.851153,1.348353,1.231657,0.54357,-0.532639,0.935049,1.419533,1.30114,-0.977663,1.558102,1.388519,0.956486,1.072245,-1.277895,2.057488,-1.563186,0.963595,1.000722,-1.211603,-0.736076,-0.962907,0.674939,0.705133,1.57832,-1.923441,0.81134,0.585057,0.467461,-1.485352,1.183996,0.871703,1.778389,1.336227,1.283485,1.075455,1.195919,0.490121,0.510151,0.804531,1.541189,0.755417,1.026727,1.482487,2.046244,0.803155,0.674812,-2.165838,1.140741,-0.936093,1.458285,-2.804826,0.700886,1.14544,-1.162802,1.729601,-1.3622,0.753863,1.038379,-0.317856,1.60821,-1.696465,0.310269,0.656868,-0.293726
199.0,65.3,57.0,3.0,9.0,10686.0,10885.0,-0.24853,-1.914973,1.001682,0.114723,0.186072,0.331305,-1.94272,1.051365,-0.510033,-1.229764,0.481622,-1.879346,0.73987,-2.083863,1.29808,0.635837,-1.772743,0.98416,-0.867284,0.950086,-0.256483,-1.877005,0.962214,-1.073586,-1.609101,0.145932,-0.470992,1.212054,1.192047,1.113644,-1.414185,-1.693232,0.968831,0.99535,1.144591,-1.798445,-1.701162,0.947666,0.638313,1.204434,0.696367,-1.667684,1.09357,0.872603,1.295753,1.260262,-1.743137,1.08594,0.903991,1.482189,-0.755053,-1.717178,1.0539,-1.227801,1.265856,0.361356,-1.883152,0.942316,-1.403968,1.560418,-0.662473,-0.923799,0.443007,-1.910405,1.488531,-1.929411,-0.134473,-2.105514,0.852664,1.302405,-1.138526,1.677015,1.309865,1.250379,1.180407,-2.019839,1.602943,0.917688,0.937119,0.758224,0.865387,-1.740229,0.6612,1.061871,0.93209,1.045643,-1.65448,0.521222,0.715093,0.958208,0.653562,-1.527879,0.931884,-1.255854,1.433184,0.736695,0.154263,1.030717,-1.21397,1.124497,-1.723858,-1.365436,1.028716,2.062802,1.287637,-1.88791,-0.099817,0.342744,1.336028,1.267607,-1.922833,-0.286512,-2.458877,0.76667,1.301539,-0.598784,1.295413,0.944323,1.033638,0.822077,-1.843568,-1.591496,0.878226,0.849036,0.542327,1.364632,1.333886,1.07864,1.121835,0.66208,-1.790221,-2.256266,0.550003,-0.503565,0.332633,0.99397,1.680478,-2.017863,1.647682,-0.805966,-1.377857,1.197087,0.935841,2.184248,1.227863,1.221828,-1.240152,0.991131,1.45819,1.281496,2.34527,-0.802355,1.147004,1.191722,1.209561,-1.400259,1.068791,-2.054379,0.966606,1.153986,2.354381,1.570009,1.004701,0.908152,1.003349,-0.157684,-1.405834,0.764092,0.825116,0.640162,-1.560135,2.205923,0.590724,0.866448,0.379687,-2.026935,0.525983,0.749352,1.52017,-2.057066,-0.81365,1.107507,-1.860638,1.127911,0.451149,-0.606003,0.906483,0.82013,1.872619,1.438301,-1.097471,1.784294,0.851153,1.348353,1.231657,0.54357,-0.532639,0.935049,1.419533,1.30114,-0.977663,1.558102,1.388519,0.956486,1.072245,-1.277895,2.057488,-1.563186,0.963595,1.000722,-1.211603,-0.736076,-0.962907,0.674939,0.705133,1.57832,-1.923441,0.81134,0.585057,0.467461,-1.485352,1.183996,0.871703,1.778389,1.336227,1.283485,1.075455,1.195919,0.490121,0.510151,0.804531,1.541189,0.755417,1.026727,1.482487,2.046244,0.803155,0.674812,-2.165838,1.140741,-0.936093,1.458285,-2.804826,0.700886,1.14544,-1.162802,1.729601,-1.3622,0.753863,1.038379,-0.317856,1.60821,-1.696465,0.310269,0.656868,-0.293726
133.0,64.0,55.8,1.0,3.0,10885.0,11018.0,-0.24853,-1.914973,1.001682,0.114723,0.186072,0.331305,-1.94272,1.051365,-0.510033,-1.229764,0.481622,-1.879346,0.73987,-2.083863,1.29808,0.635837,-1.772743,0.98416,-0.867284,0.950086,-0.256483,-1.877005,0.962214,-1.073586,-1.609101,0.145932,-0.470992,1.212054,1.192047,1.113644,-1.414185,-1.693232,0.968831,0.99535,1.144591,-1.798445,-1.701162,0.947666,0.638313,1.204434,0.696367,-1.667684,1.09357,0.872603,1.295753,1.260262,-1.743137,1.08594,0.903991,1.482189,-0.755053,-1.717178,1.0539,-1.227801,1.265856,0.361356,-1.883152,0.942316,-1.403968,1.560418,-0.662473,-0.923799,0.443007,-1.910405,1.488531,-1.929411,-0.134473,-2.105514,0.852664,1.302405,-1.138526,1.677015,1.309865,1.250379,1.180407,-2.019839,1.602943,0.917688,0.937119,0.758224,0.865387,-1.740229,0.6612,1.061871,0.93209,1.045643,-1.65448,0.521222,0.715093,0.958208,0.653562,-1.527879,0.931884,-1.255854,1.433184,0.736695,0.154263,1.030717,-1.21397,1.124497,-1.723858,-1.365436,1.028716,2.062802,1.287637,-1.88791,-0.099817,0.342744,1.336028,1.267607,-1.922833,-0.286512,-2.458877,0.76667,1.301539,-0.598784,1.295413,0.944323,1.033638,0.822077,-1.843568,-1.591496,0.878226,0.849036,0.542327,1.364632,1.333886,1.07864,1.121835,0.66208,-1.790221,-2.256266,0.550003,-0.503565,0.332633,0.99397,1.680478,-2.017863,1.647682,-0.805966,-1.377857,1.197087,0.935841,2.184248,1.227863,1.221828,-1.240152,0.991131,1.45819,1.281496,2.34527,-0.802355,1.147004,1.191722,1.209561,-1.400259,1.068791,-2.054379,0.966606,1.153986,2.354381,1.570009,1.004701,0.908152,1.003349,-0.157684,-1.405834,0.764092,0.825116,0.640162,-1.560135,2.205923,0.590724,0.866448,0.379687,-2.026935,0.525983,0.749352,1.52017,-2.057066,-0.81365,1.107507,-1.860638,1.127911,0.451149,-0.606003,0.906483,0.82013,1.872619,1.438301,-1.097471,1.784294,0.851153,1.348353,1.231657,0.54357,-0.532639,0.935049,1.419533,1.30114,-0.977663,1.558102,1.388519,0.956486,1.072245,-1.277895,2.057488,-1.563186,0.963595,1.000722,-1.211603,-0.736076,-0.962907,0.674939,0.705133,1.57832,-1.923441,0.81134,0.585057,0.467461,-1.485352,1.183996,0.871703,1.778389,1.336227,1.283485,1.075455,1.195919,0.490121,0.510151,0.804531,1.541189,0.755417,1.026727,1.482487,2.046244,0.803155,0.674812,-2.165838,1.140741,-0.936093,1.458285,-2.804826,0.700886,1.14544,-1.162802,1.729601,-1.3622,0.753863,1.038379,-0.317856,1.60821,-1.696465,0.310269,0.656868,-0.293726
232.0,63.3,54.7,5.0,7.0,11018.0,11250.0,-0.24853,-1.914973,1.001682,0.114723,0.186072,0.331305,-1.94272,1.051365,-0.510033,-1.229764,0.481622,-1.879346,0.73987,-2.083863,1.29808,0.635837,-1.772743,0.98416,-0.867284,0.950086,-0.256483,-1.877005,0.962214,-1.073586,-1.609101,0.145932,-0.470992,1.212054,1.192047,1.113644,-1.414185,-1.693232,0.968831,0.99535,1.144591,-1.798445,-1.701162,0.947666,0.638313,1.204434,0.696367,-1.667684,1.09357,0.872603,1.295753,1.260262,-1.743137,1.08594,0.903991,1.482189,-0.755053,-1.717178,1.0539,-1.227801,1.265856,0.361356,-1.883152,0.942316,-1.403968,1.560418,-0.662473,-0.923799,0.443007,-1.910405,1.488531,-1.929411,-0.134473,-2.105514,0.852664,1.302405,-1.138526,1.677015,1.309865,1.250379,1.180407,-2.019839,1.602943,0.917688,0.937119,0.758224,0.865387,-1.740229,0.6612,1.061871,0.93209,1.045643,-1.65448,0.521222,0.715093,0.958208,0.653562,-1.527879,0.931884,-1.255854,1.433184,0.736695,0.154263,1.030717,-1.21397,1.124497,-1.723858,-1.365436,1.028716,2.062802,1.287637,-1.88791,-0.099817,0.342744,1.336028,1.267607,-1.922833,-0.286512,-2.458877,0.76667,1.301539,-0.598784,1.295413,0.944323,1.033638,0.822077,-1.843568,-1.591496,0.878226,0.849036,0.542327,1.364632,1.333886,1.07864,1.121835,0.66208,-1.790221,-2.256266,0.550003,-0.503565,0.332633,0.99397,1.680478,-2.017863,1.647682,-0.805966,-1.377857,1.197087,0.935841,2.184248,1.227863,1.221828,-1.240152,0.991131,1.45819,1.281496,2.34527,-0.802355,1.147004,1.191722,1.209561,-1.400259,1.068791,-2.054379,0.966606,1.153986,2.354381,1.570009,1.004701,0.908152,1.003349,-0.157684,-1.405834,0.764092,0.825116,0.640162,-1.560135,2.205923,0.590724,0.866448,0.379687,-2.026935,0.525983,0.749352,1.52017,-2.057066,-0.81365,1.107507,-1.860638,1.127911,0.451149,-0.606003,0.906483,0.82013,1.872619,1.438301,-1.097471,1.784294,0.851153,1.348353,1.231657,0.54357,-0.532639,0.935049,1.419533,1.30114,-0.977663,1.558102,1.388519,0.956486,1.072245,-1.277895,2.057488,-1.563186,0.963595,1.000722,-1.211603,-0.736076,-0.962907,0.674939,0.705133,1.57832,-1.923441,0.81134,0.585057,0.467461,-1.485352,1.183996,0.871703,1.778389,1.336227,1.283485,1.075455,1.195919,0.490121,0.510151,0.804531,1.541189,0.755417,1.026727,1.482487,2.046244,0.803155,0.674812,-2.165838,1.140741,-0.936093,1.458285,-2.804826,0.700886,1.14544,-1.162802,1.729601,-1.3622,0.753863,1.038379,-0.317856,1.60821,-1.696465,0.310269,0.656868,-0.293726
166.0,67.6,59.6,3.0,6.0,11250.0,11416.0,-0.919908,0.437357,-1.223861,-0.477867,-0.862258,-1.047769,0.15911,-1.272294,-1.040954,0.400367,-1.164967,-0.270646,-1.249277,0.549477,-1.123359,-0.965812,0.738267,-1.074946,0.6854,-0.567712,-0.894723,0.683101,-1.12284,0.443696,0.546767,-0.56755,0.354533,-1.055786,-1.051625,-1.027797,0.080479,0.607376,-1.086009,-0.976982,-0.98503,0.309043,0.910947,-1.091281,-1.085593,-0.903853,-0.960148,0.925854,-1.073843,-1.469252,-0.95667,-0.914918,0.888355,-1.04944,-1.451305,-1.029886,-0.683446,1.006202,-1.06807,0.71271,-1.066834,-0.899312,0.306817,-1.078393,0.803523,-1.107015,-0.800149,-0.833064,-1.16415,1.15981,-0.931961,0.388427,-1.051242,-1.141216,-0.899643,-0.907622,1.075697,-1.022708,-1.032653,-0.958363,-0.962365,0.992919,-1.129061,-1.088799,-0.853187,-0.890236,-0.739204,0.712662,-1.078473,-0.861528,-0.875548,-0.737774,1.004019,-1.114374,-0.577609,-0.844226,-0.7499,0.50674,-1.038608,0.944222,-1.008638,-1.035346,-0.868182,-1.048353,1.100935,-0.95329,0.501457,0.341795,-1.053253,-0.156937,-0.943995,0.170039,-0.920722,-1.101195,-0.845996,-0.902101,0.391991,-1.007367,-0.771242,-0.874197,-0.907273,-0.062309,-1.054739,-1.023712,-0.883003,-0.8096,0.996827,0.171342,-1.111447,-0.839574,-0.780173,-0.989102,-1.013125,-1.035669,-0.916449,-0.812736,0.876387,0.588219,-1.066052,-0.493576,-0.743192,-1.373347,-1.043262,0.583994,-1.048644,0.943415,0.732451,-0.920759,-0.988567,-0.658657,-0.931794,-1.225677,-0.253194,-0.889526,-0.841105,-0.880148,-1.053198,-0.52618,-0.917729,-0.811259,-0.847602,0.389204,-1.111228,0.229749,-0.767197,-0.839955,-0.572439,-1.09315,-1.041738,-0.917999,-0.837322,1.162288,0.6545,-1.196185,-1.027948,-0.889845,1.309587,-1.178276,-1.159838,-1.162263,-0.795101,0.655843,-1.255715,-1.062626,-0.862218,0.465009,0.676169,-0.770306,1.072481,0.505548,-0.658503,1.375504,-0.757048,-0.941114,-0.944657,-0.837029,1.027832,-0.348741,-0.883892,-0.97337,-0.887028,0.045241,-0.726184,-0.946451,-1.026811,-0.844398,0.855448,-1.064839,-0.990298,-0.768842,-0.796559,1.027401,-0.31472,-1.170046,-0.987988,-0.945385,1.066147,0.850899,-1.710914,-0.958105,-0.903784,-0.61073,0.710117,-1.212739,-1.377503,-0.896566,0.169941,-1.162297,-1.287846,-1.197011,-0.925494,-1.075668,-0.973031,-1.120195,-0.114597,-0.583869,-0.954358,-0.97656,-1.158688,-0.860286,-0.975568,0.380906,-1.141994,-0.878005,0.799302,-0.77523,0.893378,-0.973737,0.396424,-0.783194,-0.816186,0.55782,-1.054047,-0.483535,-0.735537,-0.788747,1.059037,-1.019957,-0.642287,-1.057093,-0.9557,1.062362
99.0,59.7,50.7,4.0,7.0,11416.0,11515.0,-0.24853,-1.914973,1.001682,0.114723,0.186072,0.331305,-1.94272,1.051365,-0.510033,-1.229764,0.481622,-1.879346,0.73987,-2.083863,1.29808,0.635837,-1.772743,0.98416,-0.867284,0.950086,-0.256483,-1.877005,0.962214,-1.073586,-1.609101,0.145932,-0.470992,1.212054,1.192047,1.113644,-1.414185,-1.693232,0.968831,0.99535,1.144591,-1.798445,-1.701162,0.947666,0.638313,1.204434,0.696367,-1.667684,1.09357,0.872603,1.295753,1.260262,-1.743137,1.08594,0.903991,1.482189,-0.755053,-1.717178,1.0539,-1.227801,1.265856,0.361356,-1.883152,0.942316,-1.403968,1.560418,-0.662473,-0.923799,0.443007,-1.910405,1.488531,-1.929411,-0.134473,-2.105514,0.852664,1.302405,-1.138526,1.677015,1.309865,1.250379,1.180407,-2.019839,1.602943,0.917688,0.937119,0.758224,0.865387,-1.740229,0.6612,1.061871,0.93209,1.045643,-1.65448,0.521222,0.715093,0.958208,0.653562,-1.527879,0.931884,-1.255854,1.433184,0.736695,0.154263,1.030717,-1.21397,1.124497,-1.723858,-1.365436,1.028716,2.062802,1.287637,-1.88791,-0.099817,0.342744,1.336028,1.267607,-1.922833,-0.286512,-2.458877,0.76667,1.301539,-0.598784,1.295413,0.944323,1.033638,0.822077,-1.843568,-1.591496,0.878226,0.849036,0.542327,1.364632,1.333886,1.07864,1.121835,0.66208,-1.790221,-2.256266,0.550003,-0.503565,0.332633,0.99397,1.680478,-2.017863,1.647682,-0.805966,-1.377857,1.197087,0.935841,2.184248,1.227863,1.221828,-1.240152,0.991131,1.45819,1.281496,2.34527,-0.802355,1.147004,1.191722,1.209561,-1.400259,1.068791,-2.054379,0.966606,1.153986,2.354381,1.570009,1.004701,0.908152,1.003349,-0.157684,-1.405834,0.764092,0.825116,0.640162,-1.560135,2.205923,0.590724,0.866448,0.379687,-2.026935,0.525983,0.749352,1.52017,-2.057066,-0.81365,1.107507,-1.860638,1.127911,0.451149,-0.606003,0.906483,0.82013,1.872619,1.438301,-1.097471,1.784294,0.851153,1.348353,1.231657,0.54357,-0.532639,0.935049,1.419533,1.30114,-0.977663,1.558102,1.388519,0.956486,1.072245,-1.277895,2.057488,-1.563186,0.963595,1.000722,-1.211603,-0.736076,-0.962907,0.674939,0.705133,1.57832,-1.923441,0.81134,0.585057,0.467461,-1.485352,1.183996,0.871703,1.778389,1.336227,1.283485,1.075455,1.195919,0.490121,0.510151,0.804531,1.541189,0.755417,1.026727,1.482487,2.046244,0.803155,0.674812,-2.165838,1.140741,-0.936093,1.458285,-2.804826,0.700886,1.14544,-1.162802,1.729601,-1.3622,0.753863,1.038379,-0.317856,1.60821,-1.696465,0.310269,0.656868,-0.293726
132.0,60.3,50.5,2.0,1.0,11515.0,11647.0,-0.24853,-1.914973,1.001682,0.114723,0.186072,0.331305,-1.94272,1.051365,-0.510033,-1.229764,0.481622,-1.879346,0.73987,-2.083863,1.29808,0.635837,-1.772743,0.98416,-0.867284,0.950086,-0.256483,-1.877005,0.962214,-1.073586,-1.609101,0.145932,-0.470992,1.212054,1.192047,1.113644,-1.414185,-1.693232,0.968831,0.99535,1.144591,-1.798445,-1.701162,0.947666,0.638313,1.204434,0.696367,-1.667684,1.09357,0.872603,1.295753,1.260262,-1.743137,1.08594,0.903991,1.482189,-0.755053,-1.717178,1.0539,-1.227801,1.265856,0.361356,-1.883152,0.942316,-1.403968,1.560418,-0.662473,-0.923799,0.443007,-1.910405,1.488531,-1.929411,-0.134473,-2.105514,0.852664,1.302405,-1.138526,1.677015,1.309865,1.250379,1.180407,-2.019839,1.602943,0.917688,0.937119,0.758224,0.865387,-1.740229,0.6612,1.061871,0.93209,1.045643,-1.65448,0.521222,0.715093,0.958208,0.653562,-1.527879,0.931884,-1.255854,1.433184,0.736695,0.154263,1.030717,-1.21397,1.124497,-1.723858,-1.365436,1.028716,2.062802,1.287637,-1.88791,-0.099817,0.342744,1.336028,1.267607,-1.922833,-0.286512,-2.458877,0.76667,1.301539,-0.598784,1.295413,0.944323,1.033638,0.822077,-1.843568,-1.591496,0.878226,0.849036,0.542327,1.364632,1.333886,1.07864,1.121835,0.66208,-1.790221,-2.256266,0.550003,-0.503565,0.332633,0.99397,1.680478,-2.017863,1.647682,-0.805966,-1.377857,1.197087,0.935841,2.184248,1.227863,1.221828,-1.240152,0.991131,1.45819,1.281496,2.34527,-0.802355,1.147004,1.191722,1.209561,-1.400259,1.068791,-2.054379,0.966606,1.153986,2.354381,1.570009,1.004701,0.908152,1.003349,-0.157684,-1.405834,0.764092,0.825116,0.640162,-1.560135,2.205923,0.590724,0.866448,0.379687,-2.026935,0.525983,0.749352,1.52017,-2.057066,-0.81365,1.107507,-1.860638,1.127911,0.451149,-0.606003,0.906483,0.82013,1.872619,1.438301,-1.097471,1.784294,0.851153,1.348353,1.231657,0.54357,-0.532639,0.935049,1.419533,1.30114,-0.977663,1.558102,1.388519,0.956486,1.072245,-1.277895,2.057488,-1.563186,0.963595,1.000722,-1.211603,-0.736076,-0.962907,0.674939,0.705133,1.57832,-1.923441,0.81134,0.585057,0.467461,-1.485352,1.183996,0.871703,1.778389,1.336227,1.283485,1.075455,1.195919,0.490121,0.510151,0.804531,1.541189,0.755417,1.026727,1.482487,2.046244,0.803155,0.674812,-2.165838,1.140741,-0.936093,1.458285,-2.804826,0.700886,1.14544,-1.162802,1.729601,-1.3622,0.753863,1.038379,-0.317856,1.60821,-1.696465,0.310269,0.656868,-0.293726
166.0,66.2,53.0,1.0,2.0,11647.0,11813.0,-0.24853,-1.914973,1.001682,0.114723,0.186072,0.331305,-1.94272,1.051365,-0.510033,-1.229764,0.481622,-1.879346,0.73987,-2.083863,1.29808,0.635837,-1.772743,0.98416,-0.867284,0.950086,-0.256483,-1.877005,0.962214,-1.073586,-1.609101,0.145932,-0.470992,1.212054,1.192047,1.113644,-1.414185,-1.693232,0.968831,0.99535,1.144591,-1.798445,-1.701162,0.947666,0.638313,1.204434,0.696367,-1.667684,1.09357,0.872603,1.295753,1.260262,-1.743137,1.08594,0.903991,1.482189,-0.755053,-1.717178,1.0539,-1.227801,1.265856,0.361356,-1.883152,0.942316,-1.403968,1.560418,-0.662473,-0.923799,0.443007,-1.910405,1.488531,-1.929411,-0.134473,-2.105514,0.852664,1.302405,-1.138526,1.677015,1.309865,1.250379,1.180407,-2.019839,1.602943,0.917688,0.937119,0.758224,0.865387,-1.740229,0.6612,1.061871,0.93209,1.045643,-1.65448,0.521222,0.715093,0.958208,0.653562,-1.527879,0.931884,-1.255854,1.433184,0.736695,0.154263,1.030717,-1.21397,1.124497,-1.723858,-1.365436,1.028716,2.062802,1.287637,-1.88791,-0.099817,0.342744,1.336028,1.267607,-1.922833,-0.286512,-2.458877,0.76667,1.301539,-0.598784,1.295413,0.944323,1.033638,0.822077,-1.843568,-1.591496,0.878226,0.849036,0.542327,1.364632,1.333886,1.07864,1.121835,0.66208,-1.790221,-2.256266,0.550003,-0.503565,0.332633,0.99397,1.680478,-2.017863,1.647682,-0.805966,-1.377857,1.197087,0.935841,2.184248,1.227863,1.221828,-1.240152,0.991131,1.45819,1.281496,2.34527,-0.802355,1.147004,1.191722,1.209561,-1.400259,1.068791,-2.054379,0.966606,1.153986,2.354381,1.570009,1.004701,0.908152,1.003349,-0.157684,-1.405834,0.764092,0.825116,0.640162,-1.560135,2.205923,0.590724,0.866448,0.379687,-2.026935,0.525983,0.749352,1.52017,-2.057066,-0.81365,1.107507,-1.860638,1.127911,0.451149,-0.606003,0.906483,0.82013,1.872619,1.438301,-1.097471,1.784294,0.851153,1.348353,1.231657,0.54357,-0.532639,0.935049,1.419533,1.30114,-0.977663,1.558102,1.388519,0.956486,1.072245,-1.277895,2.057488,-1.563186,0.963595,1.000722,-1.211603,-0.736076,-0.962907,0.674939,0.705133,1.57832,-1.923441,0.81134,0.585057,0.467461,-1.485352,1.183996,0.871703,1.778389,1.336227,1.283485,1.075455,1.195919,0.490121,0.510151,0.804531,1.541189,0.755417,1.026727,1.482487,2.046244,0.803155,0.674812,-2.165838,1.140741,-0.936093,1.458285,-2.804826,0.700886,1.14544,-1.162802,1.729601,-1.3622,0.753863,1.038379,-0.317856,1.60821,-1.696465,0.310269,0.656868,-0.293726
99.0,70.0,54.0,1.0,4.0,1628.0,1727.0,-0.24853,-1.914973,1.001682,0.114723,0.186072,0.331305,-1.94272,1.051365,-0.510033,-1.229764,0.481622,-1.879346,0.73987,-2.083863,1.29808,0.635837,-1.772743,0.98416,-0.867284,0.950086,-0.256483,-1.877005,0.962214,-1.073586,-1.609101,0.145932,-0.470992,1.212054,1.192047,1.113644,-1.414185,-1.693232,0.968831,0.99535,1.144591,-1.798445,-1.701162,0.947666,0.638313,1.204434,0.696367,-1.667684,1.09357,0.872603,1.295753,1.260262,-1.743137,1.08594,0.903991,1.482189,-0.755053,-1.717178,1.0539,-1.227801,1.265856,0.361356,-1.883152,0.942316,-1.403968,1.560418,-0.662473,-0.923799,0.443007,-1.910405,1.488531,-1.929411,-0.134473,-2.105514,0.852664,1.302405,-1.138526,1.677015,1.309865,1.250379,1.180407,-2.019839,1.602943,0.917688,0.937119,0.758224,0.865387,-1.740229,0.6612,1.061871,0.93209,1.045643,-1.65448,0.521222,0.715093,0.958208,0.653562,-1.527879,0.931884,-1.255854,1.433184,0.736695,0.154263,1.030717,-1.21397,1.124497,-1.723858,-1.365436,1.028716,2.062802,1.287637,-1.88791,-0.099817,0.342744,1.336028,1.267607,-1.922833,-0.286512,-2.458877,0.76667,1.301539,-0.598784,1.295413,0.944323,1.033638,0.822077,-1.843568,-1.591496,0.878226,0.849036,0.542327,1.364632,1.333886,1.07864,1.121835,0.66208,-1.790221,-2.256266,0.550003,-0.503565,0.332633,0.99397,1.680478,-2.017863,1.647682,-0.805966,-1.377857,1.197087,0.935841,2.184248,1.227863,1.221828,-1.240152,0.991131,1.45819,1.281496,2.34527,-0.802355,1.147004,1.191722,1.209561,-1.400259,1.068791,-2.054379,0.966606,1.153986,2.354381,1.570009,1.004701,0.908152,1.003349,-0.157684,-1.405834,0.764092,0.825116,0.640162,-1.560135,2.205923,0.590724,0.866448,0.379687,-2.026935,0.525983,0.749352,1.52017,-2.057066,-0.81365,1.107507,-1.860638,1.127911,0.451149,-0.606003,0.906483,0.82013,1.872619,1.438301,-1.097471,1.784294,0.851153,1.348353,1.231657,0.54357,-0.532639,0.935049,1.419533,1.30114,-0.977663,1.558102,1.388519,0.956486,1.072245,-1.277895,2.057488,-1.563186,0.963595,1.000722,-1.211603,-0.736076,-0.962907,0.674939,0.705133,1.57832,-1.923441,0.81134,0.585057,0.467461,-1.485352,1.183996,0.871703,1.778389,1.336227,1.283485,1.075455,1.195919,0.490121,0.510151,0.804531,1.541189,0.755417,1.026727,1.482487,2.046244,0.803155,0.674812,-2.165838,1.140741,-0.936093,1.458285,-2.804826,0.700886,1.14544,-1.162802,1.729601,-1.3622,0.753863,1.038379,-0.317856,1.60821,-1.696465,0.310269,0.656868,-0.293726
100.0,62.7,52.7,2.0,5.0,11813.0,11913.0,-0.24853,-1.914973,1.001682,0.114723,0.186072,0.331305,-1.94272,1.051365,-0.510033,-1.229764,0.481622,-1.879346,0.73987,-2.083863,1.29808,0.635837,-1.772743,0.98416,-0.867284,0.950086,-0.256483,-1.877005,0.962214,-1.073586,-1.609101,0.145932,-0.470992,1.212054,1.192047,1.113644,-1.414185,-1.693232,0.968831,0.99535,1.144591,-1.798445,-1.701162,0.947666,0.638313,1.204434,0.696367,-1.667684,1.09357,0.872603,1.295753,1.260262,-1.743137,1.08594,0.903991,1.482189,-0.755053,-1.717178,1.0539,-1.227801,1.265856,0.361356,-1.883152,0.942316,-1.403968,1.560418,-0.662473,-0.923799,0.443007,-1.910405,1.488531,-1.929411,-0.134473,-2.105514,0.852664,1.302405,-1.138526,1.677015,1.309865,1.250379,1.180407,-2.019839,1.602943,0.917688,0.937119,0.758224,0.865387,-1.740229,0.6612,1.061871,0.93209,1.045643,-1.65448,0.521222,0.715093,0.958208,0.653562,-1.527879,0.931884,-1.255854,1.433184,0.736695,0.154263,1.030717,-1.21397,1.124497,-1.723858,-1.365436,1.028716,2.062802,1.287637,-1.88791,-0.099817,0.342744,1.336028,1.267607,-1.922833,-0.286512,-2.458877,0.76667,1.301539,-0.598784,1.295413,0.944323,1.033638,0.822077,-1.843568,-1.591496,0.878226,0.849036,0.542327,1.364632,1.333886,1.07864,1.121835,0.66208,-1.790221,-2.256266,0.550003,-0.503565,0.332633,0.99397,1.680478,-2.017863,1.647682,-0.805966,-1.377857,1.197087,0.935841,2.184248,1.227863,1.221828,-1.240152,0.991131,1.45819,1.281496,2.34527,-0.802355,1.147004,1.191722,1.209561,-1.400259,1.068791,-2.054379,0.966606,1.153986,2.354381,1.570009,1.004701,0.908152,1.003349,-0.157684,-1.405834,0.764092,0.825116,0.640162,-1.560135,2.205923,0.590724,0.866448,0.379687,-2.026935,0.525983,0.749352,1.52017,-2.057066,-0.81365,1.107507,-1.860638,1.127911,0.451149,-0.606003,0.906483,0.82013,1.872619,1.438301,-1.097471,1.784294,0.851153,1.348353,1.231657,0.54357,-0.532639,0.935049,1.419533,1.30114,-0.977663,1.558102,1.388519,0.956486,1.072245,-1.277895,2.057488,-1.563186,0.963595,1.000722,-1.211603,-0.736076,-0.962907,0.674939,0.705133,1.57832,-1.923441,0.81134,0.585057,0.467461,-1.485352,1.183996,0.871703,1.778389,1.336227,1.283485,1.075455,1.195919,0.490121,0.510151,0.804531,1.541189,0.755417,1.026727,1.482487,2.046244,0.803155,0.674812,-2.165838,1.140741,-0.936093,1.458285,-2.804826,0.700886,1.14544,-1.162802,1.729601,-1.3622,0.753863,1.038379,-0.317856,1.60821,-1.696465,0.310269,0.656868,-0.293726
99.0,62.7,52.0,0.0,5.0,11913.0,12012.0,-0.24853,-1.914973,1.001682,0.114723,0.186072,0.331305,-1.94272,1.051365,-0.510033,-1.229764,0.481622,-1.879346,0.73987,-2.083863,1.29808,0.635837,-1.772743,0.98416,-0.867284,0.950086,-0.256483,-1.877005,0.962214,-1.073586,-1.609101,0.145932,-0.470992,1.212054,1.192047,1.113644,-1.414185,-1.693232,0.968831,0.99535,1.144591,-1.798445,-1.701162,0.947666,0.638313,1.204434,0.696367,-1.667684,1.09357,0.872603,1.295753,1.260262,-1.743137,1.08594,0.903991,1.482189,-0.755053,-1.717178,1.0539,-1.227801,1.265856,0.361356,-1.883152,0.942316,-1.403968,1.560418,-0.662473,-0.923799,0.443007,-1.910405,1.488531,-1.929411,-0.134473,-2.105514,0.852664,1.302405,-1.138526,1.677015,1.309865,1.250379,1.180407,-2.019839,1.602943,0.917688,0.937119,0.758224,0.865387,-1.740229,0.6612,1.061871,0.93209,1.045643,-1.65448,0.521222,0.715093,0.958208,0.653562,-1.527879,0.931884,-1.255854,1.433184,0.736695,0.154263,1.030717,-1.21397,1.124497,-1.723858,-1.365436,1.028716,2.062802,1.287637,-1.88791,-0.099817,0.342744,1.336028,1.267607,-1.922833,-0.286512,-2.458877,0.76667,1.301539,-0.598784,1.295413,0.944323,1.033638,0.822077,-1.843568,-1.591496,0.878226,0.849036,0.542327,1.364632,1.333886,1.07864,1.121835,0.66208,-1.790221,-2.256266,0.550003,-0.503565,0.332633,0.99397,1.680478,-2.017863,1.647682,-0.805966,-1.377857,1.197087,0.935841,2.184248,1.227863,1.221828,-1.240152,0.991131,1.45819,1.281496,2.34527,-0.802355,1.147004,1.191722,1.209561,-1.400259,1.068791,-2.054379,0.966606,1.153986,2.354381,1.570009,1.004701,0.908152,1.003349,-0.157684,-1.405834,0.764092,0.825116,0.640162,-1.560135,2.205923,0.590724,0.866448,0.379687,-2.026935,0.525983,0.749352,1.52017,-2.057066,-0.81365,1.107507,-1.860638,1.127911,0.451149,-0.606003,0.906483,0.82013,1.872619,1.438301,-1.097471,1.784294,0.851153,1.348353,1.231657,0.54357,-0.532639,0.935049,1.419533,1.30114,-0.977663,1.558102,1.388519,0.956486,1.072245,-1.277895,2.057488,-1.563186,0.963595,1.000722,-1.211603,-0.736076,-0.962907,0.674939,0.705133,1.57832,-1.923441,0.81134,0.585057,0.467461,-1.485352,1.183996,0.871703,1.778389,1.336227,1.283485,1.075455,1.195919,0.490121,0.510151,0.804531,1.541189,0.755417,1.026727,1.482487,2.046244,0.803155,0.674812,-2.165838,1.140741,-0.936093,1.458285,-2.804826,0.700886,1.14544,-1.162802,1.729601,-1.3622,0.753863,1.038379,-0.317856,1.60821,-1.696465,0.310269,0.656868,-0.293726
199.0,65.0,52.5,1.0,3.0,12012.0,12211.0,-0.24853,-1.914973,1.001682,0.114723,0.186072,0.331305,-1.94272,1.051365,-0.510033,-1.229764,0.481622,-1.879346,0.73987,-2.083863,1.29808,0.635837,-1.772743,0.98416,-0.867284,0.950086,-0.256483,-1.877005,0.962214,-1.073586,-1.609101,0.145932,-0.470992,1.212054,1.192047,1.113644,-1.414185,-1.693232,0.968831,0.99535,1.144591,-1.798445,-1.701162,0.947666,0.638313,1.204434,0.696367,-1.667684,1.09357,0.872603,1.295753,1.260262,-1.743137,1.08594,0.903991,1.482189,-0.755053,-1.717178,1.0539,-1.227801,1.265856,0.361356,-1.883152,0.942316,-1.403968,1.560418,-0.662473,-0.923799,0.443007,-1.910405,1.488531,-1.929411,-0.134473,-2.105514,0.852664,1.302405,-1.138526,1.677015,1.309865,1.250379,1.180407,-2.019839,1.602943,0.917688,0.937119,0.758224,0.865387,-1.740229,0.6612,1.061871,0.93209,1.045643,-1.65448,0.521222,0.715093,0.958208,0.653562,-1.527879,0.931884,-1.255854,1.433184,0.736695,0.154263,1.030717,-1.21397,1.124497,-1.723858,-1.365436,1.028716,2.062802,1.287637,-1.88791,-0.099817,0.342744,1.336028,1.267607,-1.922833,-0.286512,-2.458877,0.76667,1.301539,-0.598784,1.295413,0.944323,1.033638,0.822077,-1.843568,-1.591496,0.878226,0.849036,0.542327,1.364632,1.333886,1.07864,1.121835,0.66208,-1.790221,-2.256266,0.550003,-0.503565,0.332633,0.99397,1.680478,-2.017863,1.647682,-0.805966,-1.377857,1.197087,0.935841,2.184248,1.227863,1.221828,-1.240152,0.991131,1.45819,1.281496,2.34527,-0.802355,1.147004,1.191722,1.209561,-1.400259,1.068791,-2.054379,0.966606,1.153986,2.354381,1.570009,1.004701,0.908152,1.003349,-0.157684,-1.405834,0.764092,0.825116,0.640162,-1.560135,2.205923,0.590724,0.866448,0.379687,-2.026935,0.525983,0.749352,1.52017,-2.057066,-0.81365,1.107507,-1.860638,1.127911,0.451149,-0.606003,0.906483,0.82013,1.872619,1.438301,-1.097471,1.784294,0.851153,1.348353,1.231657,0.54357,-0.532639,0.935049,1.419533,1.30114,-0.977663,1.558102,1.388519,0.956486,1.072245,-1.277895,2.057488,-1.563186,0.963595,1.000722,-1.211603,-0.736076,-0.962907,0.674939,0.705133,1.57832,-1.923441,0.81134,0.585057,0.467461,-1.485352,1.183996,0.871703,1.778389,1.336227,1.283485,1.075455,1.195919,0.490121,0.510151,0.804531,1.541189,0.755417,1.026727,1.482487,2.046244,0.803155,0.674812,-2.165838,1.140741,-0.936093,1.458285,-2.804826,0.700886,1.14544,-1.162802,1.729601,-1.3622,0.753863,1.038379,-0.317856,1.60821,-1.696465,0.310269,0.656868,-0.293726
166.0,65.6,52.8,3.0,3.0,12211.0,12377.0,-0.24853,-1.914973,1.001682,0.114723,0.186072,0.331305,-1.94272,1.051365,-0.510033,-1.229764,0.481622,-1.879346,0.73987,-2.083863,1.29808,0.635837,-1.772743,0.98416,-0.867284,0.950086,-0.256483,-1.877005,0.962214,-1.073586,-1.609101,0.145932,-0.470992,1.212054,1.192047,1.113644,-1.414185,-1.693232,0.968831,0.99535,1.144591,-1.798445,-1.701162,0.947666,0.638313,1.204434,0.696367,-1.667684,1.09357,0.872603,1.295753,1.260262,-1.743137,1.08594,0.903991,1.482189,-0.755053,-1.717178,1.0539,-1.227801,1.265856,0.361356,-1.883152,0.942316,-1.403968,1.560418,-0.662473,-0.923799,0.443007,-1.910405,1.488531,-1.929411,-0.134473,-2.105514,0.852664,1.302405,-1.138526,1.677015,1.309865,1.250379,1.180407,-2.019839,1.602943,0.917688,0.937119,0.758224,0.865387,-1.740229,0.6612,1.061871,0.93209,1.045643,-1.65448,0.521222,0.715093,0.958208,0.653562,-1.527879,0.931884,-1.255854,1.433184,0.736695,0.154263,1.030717,-1.21397,1.124497,-1.723858,-1.365436,1.028716,2.062802,1.287637,-1.88791,-0.099817,0.342744,1.336028,1.267607,-1.922833,-0.286512,-2.458877,0.76667,1.301539,-0.598784,1.295413,0.944323,1.033638,0.822077,-1.843568,-1.591496,0.878226,0.849036,0.542327,1.364632,1.333886,1.07864,1.121835,0.66208,-1.790221,-2.256266,0.550003,-0.503565,0.332633,0.99397,1.680478,-2.017863,1.647682,-0.805966,-1.377857,1.197087,0.935841,2.184248,1.227863,1.221828,-1.240152,0.991131,1.45819,1.281496,2.34527,-0.802355,1.147004,1.191722,1.209561,-1.400259,1.068791,-2.054379,0.966606,1.153986,2.354381,1.570009,1.004701,0.908152,1.003349,-0.157684,-1.405834,0.764092,0.825116,0.640162,-1.560135,2.205923,0.590724,0.866448,0.379687,-2.026935,0.525983,0.749352,1.52017,-2.057066,-0.81365,1.107507,-1.860638,1.127911,0.451149,-0.606003,0.906483,0.82013,1.872619,1.438301,-1.097471,1.784294,0.851153,1.348353,1.231657,0.54357,-0.532639,0.935049,1.419533,1.30114,-0.977663,1.558102,1.388519,0.956486,1.072245,-1.277895,2.057488,-1.563186,0.963595,1.000722,-1.211603,-0.736076,-0.962907,0.674939,0.705133,1.57832,-1.923441,0.81134,0.585057,0.467461,-1.485352,1.183996,0.871703,1.778389,1.336227,1.283485,1.075455,1.195919,0.490121,0.510151,0.804531,1.541189,0.755417,1.026727,1.482487,2.046244,0.803155,0.674812,-2.165838,1.140741,-0.936093,1.458285,-2.804826,0.700886,1.14544,-1.162802,1.729601,-1.3622,0.753863,1.038379,-0.317856,1.60821,-1.696465,0.310269,0.656868,-0.293726
399.0,71.0,60.7,17.0,9.0,12377.0,12776.0,-0.24853,-1.914973,1.001682,0.114723,0.186072,0.331305,-1.94272,1.051365,-0.510033,-1.229764,0.481622,-1.879346,0.73987,-2.083863,1.29808,0.635837,-1.772743,0.98416,-0.867284,0.950086,-0.256483,-1.877005,0.962214,-1.073586,-1.609101,0.145932,-0.470992,1.212054,1.192047,1.113644,-1.414185,-1.693232,0.968831,0.99535,1.144591,-1.798445,-1.701162,0.947666,0.638313,1.204434,0.696367,-1.667684,1.09357,0.872603,1.295753,1.260262,-1.743137,1.08594,0.903991,1.482189,-0.755053,-1.717178,1.0539,-1.227801,1.265856,0.361356,-1.883152,0.942316,-1.403968,1.560418,-0.662473,-0.923799,0.443007,-1.910405,1.488531,-1.929411,-0.134473,-2.105514,0.852664,1.302405,-1.138526,1.677015,1.309865,1.250379,1.180407,-2.019839,1.602943,0.917688,0.937119,0.758224,0.865387,-1.740229,0.6612,1.061871,0.93209,1.045643,-1.65448,0.521222,0.715093,0.958208,0.653562,-1.527879,0.931884,-1.255854,1.433184,0.736695,0.154263,1.030717,-1.21397,1.124497,-1.723858,-1.365436,1.028716,2.062802,1.287637,-1.88791,-0.099817,0.342744,1.336028,1.267607,-1.922833,-0.286512,-2.458877,0.76667,1.301539,-0.598784,1.295413,0.944323,1.033638,0.822077,-1.843568,-1.591496,0.878226,0.849036,0.542327,1.364632,1.333886,1.07864,1.121835,0.66208,-1.790221,-2.256266,0.550003,-0.503565,0.332633,0.99397,1.680478,-2.017863,1.647682,-0.805966,-1.377857,1.197087,0.935841,2.184248,1.227863,1.221828,-1.240152,0.991131,1.45819,1.281496,2.34527,-0.802355,1.147004,1.191722,1.209561,-1.400259,1.068791,-2.054379,0.966606,1.153986,2.354381,1.570009,1.004701,0.908152,1.003349,-0.157684,-1.405834,0.764092,0.825116,0.640162,-1.560135,2.205923,0.590724,0.866448,0.379687,-2.026935,0.525983,0.749352,1.52017,-2.057066,-0.81365,1.107507,-1.860638,1.127911,0.451149,-0.606003,0.906483,0.82013,1.872619,1.438301,-1.097471,1.784294,0.851153,1.348353,1.231657,0.54357,-0.532639,0.935049,1.419533,1.30114,-0.977663,1.558102,1.388519,0.956486,1.072245,-1.277895,2.057488,-1.563186,0.963595,1.000722,-1.211603,-0.736076,-0.962907,0.674939,0.705133,1.57832,-1.923441,0.81134,0.585057,0.467461,-1.485352,1.183996,0.871703,1.778389,1.336227,1.283485,1.075455,1.195919,0.490121,0.510151,0.804531,1.541189,0.755417,1.026727,1.482487,2.046244,0.803155,0.674812,-2.165838,1.140741,-0.936093,1.458285,-2.804826,0.700886,1.14544,-1.162802,1.729601,-1.3622,0.753863,1.038379,-0.317856,1.60821,-1.696465,0.310269,0.656868,-0.293726
166.0,72.2,61.6,2.0,13.0,12776.0,12942.0,-0.24853,-1.914973,1.001682,0.114723,0.186072,0.331305,-1.94272,1.051365,-0.510033,-1.229764,0.481622,-1.879346,0.73987,-2.083863,1.29808,0.635837,-1.772743,0.98416,-0.867284,0.950086,-0.256483,-1.877005,0.962214,-1.073586,-1.609101,0.145932,-0.470992,1.212054,1.192047,1.113644,-1.414185,-1.693232,0.968831,0.99535,1.144591,-1.798445,-1.701162,0.947666,0.638313,1.204434,0.696367,-1.667684,1.09357,0.872603,1.295753,1.260262,-1.743137,1.08594,0.903991,1.482189,-0.755053,-1.717178,1.0539,-1.227801,1.265856,0.361356,-1.883152,0.942316,-1.403968,1.560418,-0.662473,-0.923799,0.443007,-1.910405,1.488531,-1.929411,-0.134473,-2.105514,0.852664,1.302405,-1.138526,1.677015,1.309865,1.250379,1.180407,-2.019839,1.602943,0.917688,0.937119,0.758224,0.865387,-1.740229,0.6612,1.061871,0.93209,1.045643,-1.65448,0.521222,0.715093,0.958208,0.653562,-1.527879,0.931884,-1.255854,1.433184,0.736695,0.154263,1.030717,-1.21397,1.124497,-1.723858,-1.365436,1.028716,2.062802,1.287637,-1.88791,-0.099817,0.342744,1.336028,1.267607,-1.922833,-0.286512,-2.458877,0.76667,1.301539,-0.598784,1.295413,0.944323,1.033638,0.822077,-1.843568,-1.591496,0.878226,0.849036,0.542327,1.364632,1.333886,1.07864,1.121835,0.66208,-1.790221,-2.256266,0.550003,-0.503565,0.332633,0.99397,1.680478,-2.017863,1.647682,-0.805966,-1.377857,1.197087,0.935841,2.184248,1.227863,1.221828,-1.240152,0.991131,1.45819,1.281496,2.34527,-0.802355,1.147004,1.191722,1.209561,-1.400259,1.068791,-2.054379,0.966606,1.153986,2.354381,1.570009,1.004701,0.908152,1.003349,-0.157684,-1.405834,0.764092,0.825116,0.640162,-1.560135,2.205923,0.590724,0.866448,0.379687,-2.026935,0.525983,0.749352,1.52017,-2.057066,-0.81365,1.107507,-1.860638,1.127911,0.451149,-0.606003,0.906483,0.82013,1.872619,1.438301,-1.097471,1.784294,0.851153,1.348353,1.231657,0.54357,-0.532639,0.935049,1.419533,1.30114,-0.977663,1.558102,1.388519,0.956486,1.072245,-1.277895,2.057488,-1.563186,0.963595,1.000722,-1.211603,-0.736076,-0.962907,0.674939,0.705133,1.57832,-1.923441,0.81134,0.585057,0.467461,-1.485352,1.183996,0.871703,1.778389,1.336227,1.283485,1.075455,1.195919,0.490121,0.510151,0.804531,1.541189,0.755417,1.026727,1.482487,2.046244,0.803155,0.674812,-2.165838,1.140741,-0.936093,1.458285,-2.804826,0.700886,1.14544,-1.162802,1.729601,-1.3622,0.753863,1.038379,-0.317856,1.60821,-1.696465,0.310269,0.656868,-0.293726
99.0,72.0,59.7,0.0,2.0,12942.0,13041.0,-0.24853,-1.914973,1.001682,0.114723,0.186072,0.331305,-1.94272,1.051365,-0.510033,-1.229764,0.481622,-1.879346,0.73987,-2.083863,1.29808,0.635837,-1.772743,0.98416,-0.867284,0.950086,-0.256483,-1.877005,0.962214,-1.073586,-1.609101,0.145932,-0.470992,1.212054,1.192047,1.113644,-1.414185,-1.693232,0.968831,0.99535,1.144591,-1.798445,-1.701162,0.947666,0.638313,1.204434,0.696367,-1.667684,1.09357,0.872603,1.295753,1.260262,-1.743137,1.08594,0.903991,1.482189,-0.755053,-1.717178,1.0539,-1.227801,1.265856,0.361356,-1.883152,0.942316,-1.403968,1.560418,-0.662473,-0.923799,0.443007,-1.910405,1.488531,-1.929411,-0.134473,-2.105514,0.852664,1.302405,-1.138526,1.677015,1.309865,1.250379,1.180407,-2.019839,1.602943,0.917688,0.937119,0.758224,0.865387,-1.740229,0.6612,1.061871,0.93209,1.045643,-1.65448,0.521222,0.715093,0.958208,0.653562,-1.527879,0.931884,-1.255854,1.433184,0.736695,0.154263,1.030717,-1.21397,1.124497,-1.723858,-1.365436,1.028716,2.062802,1.287637,-1.88791,-0.099817,0.342744,1.336028,1.267607,-1.922833,-0.286512,-2.458877,0.76667,1.301539,-0.598784,1.295413,0.944323,1.033638,0.822077,-1.843568,-1.591496,0.878226,0.849036,0.542327,1.364632,1.333886,1.07864,1.121835,0.66208,-1.790221,-2.256266,0.550003,-0.503565,0.332633,0.99397,1.680478,-2.017863,1.647682,-0.805966,-1.377857,1.197087,0.935841,2.184248,1.227863,1.221828,-1.240152,0.991131,1.45819,1.281496,2.34527,-0.802355,1.147004,1.191722,1.209561,-1.400259,1.068791,-2.054379,0.966606,1.153986,2.354381,1.570009,1.004701,0.908152,1.003349,-0.157684,-1.405834,0.764092,0.825116,0.640162,-1.560135,2.205923,0.590724,0.866448,0.379687,-2.026935,0.525983,0.749352,1.52017,-2.057066,-0.81365,1.107507,-1.860638,1.127911,0.451149,-0.606003,0.906483,0.82013,1.872619,1.438301,-1.097471,1.784294,0.851153,1.348353,1.231657,0.54357,-0.532639,0.935049,1.419533,1.30114,-0.977663,1.558102,1.388519,0.956486,1.072245,-1.277895,2.057488,-1.563186,0.963595,1.000722,-1.211603,-0.736076,-0.962907,0.674939,0.705133,1.57832,-1.923441,0.81134,0.585057,0.467461,-1.485352,1.183996,0.871703,1.778389,1.336227,1.283485,1.075455,1.195919,0.490121,0.510151,0.804531,1.541189,0.755417,1.026727,1.482487,2.046244,0.803155,0.674812,-2.165838,1.140741,-0.936093,1.458285,-2.804826,0.700886,1.14544,-1.162802,1.729601,-1.3622,0.753863,1.038379,-0.317856,1.60821,-1.696465,0.310269,0.656868,-0.293726
99.0,67.3,57.0,1.0,1.0,13041.0,13140.0,-0.886799,0.432738,-1.204702,-0.569181,-0.815761,-1.009037,0.170082,-1.258526,-1.047444,0.42254,-1.131165,-0.236502,-1.230831,0.542763,-1.091408,-0.929656,0.737227,-1.05192,0.643139,-0.515288,-0.843389,0.694396,-1.100203,0.411196,0.578723,-0.533033,0.361456,-1.028262,-1.018167,-0.991634,0.110169,0.637851,-1.059043,-0.937697,-0.950495,0.329842,0.910285,-1.064671,-1.046998,-0.860744,-0.92451,0.93527,-1.050745,-1.46789,-0.898619,-0.882434,0.903418,-1.029258,-1.480751,-0.959921,-0.653881,1.003091,-1.049486,0.681061,-0.945547,-0.855804,0.333913,-1.057733,0.788977,-1.029166,-0.755984,-0.78533,-1.139115,1.165135,-0.882147,0.372264,-0.990787,-1.129063,-0.842384,-0.873531,1.101237,-0.997393,-1.011545,-0.924651,-0.929107,0.981595,-1.101239,-1.059072,-0.809249,-0.84401,-0.685248,0.746461,-1.049674,-0.822409,-0.830123,-0.699652,1.006092,-1.088072,-0.523579,-0.787469,-0.703244,0.566335,-1.018011,0.899486,-0.965544,-1.005006,-0.818951,-1.03217,1.076503,-0.89723,0.540807,0.38077,-1.038241,-0.163322,-0.896618,0.186667,-0.87013,-1.069934,-0.80883,-0.865423,0.376065,-0.943743,-0.760231,-0.814891,-0.872995,-0.021305,-1.02064,-0.988478,-0.840921,-0.762159,0.999115,0.235992,-1.090158,-0.787364,-0.72103,-0.972151,-0.972227,-1.015797,-0.873374,-0.759389,0.860664,0.607121,-1.042851,-0.439621,-0.695209,-1.43739,-1.024059,0.606404,-1.029759,0.908587,0.696992,-0.889158,-0.964975,-0.652963,-0.892028,-1.186449,-0.175416,-0.855759,-0.818659,-0.844145,-1.095758,-0.461825,-0.885915,-0.771218,-0.812045,0.351322,-1.063285,0.30793,-0.714051,-0.799496,-0.566048,-1.062862,-1.016796,-0.875994,-0.792357,1.096473,0.642379,-1.192076,-0.990274,-0.840424,1.299649,-1.130452,-1.151735,-1.128246,-0.742281,0.683851,-1.226385,-1.044132,-0.880173,0.511765,0.598667,-0.707531,1.068298,0.434776,-0.608519,1.321712,-0.761365,-0.907133,-0.94564,-0.81015,1.005801,-0.264467,-0.844928,-0.950755,-0.850554,-0.040061,-0.638375,-0.908398,-1.004431,-0.811224,0.809801,-1.044892,-0.965878,-0.721375,-0.755364,1.002888,-0.290281,-1.124311,-0.95013,-0.905227,1.047352,0.832167,-1.749735,-0.909165,-0.852755,-0.598935,0.731634,-1.206487,-1.335499,-0.84047,0.226036,-1.135544,-1.286103,-1.198291,-0.888656,-1.04702,-0.935271,-1.098583,-0.13457,-0.494872,-0.917931,-0.958535,-1.12436,-0.894433,-0.948101,0.341106,-1.111629,-0.832851,0.860166,-0.728851,0.841497,-0.955671,0.434162,-0.725307,-0.774244,0.508513,-1.044703,-0.430861,-0.680734,-0.743507,1.01463,-1.000466,-0.573742,-1.005371,-0.904462,1.018673
100.0,69.3,58.3,5.0,2.0,13140.0,13240.0,-0.24853,-1.914973,1.001682,0.114723,0.186072,0.331305,-1.94272,1.051365,-0.510033,-1.229764,0.481622,-1.879346,0.73987,-2.083863,1.29808,0.635837,-1.772743,0.98416,-0.867284,0.950086,-0.256483,-1.877005,0.962214,-1.073586,-1.609101,0.145932,-0.470992,1.212054,1.192047,1.113644,-1.414185,-1.693232,0.968831,0.99535,1.144591,-1.798445,-1.701162,0.947666,0.638313,1.204434,0.696367,-1.667684,1.09357,0.872603,1.295753,1.260262,-1.743137,1.08594,0.903991,1.482189,-0.755053,-1.717178,1.0539,-1.227801,1.265856,0.361356,-1.883152,0.942316,-1.403968,1.560418,-0.662473,-0.923799,0.443007,-1.910405,1.488531,-1.929411,-0.134473,-2.105514,0.852664,1.302405,-1.138526,1.677015,1.309865,1.250379,1.180407,-2.019839,1.602943,0.917688,0.937119,0.758224,0.865387,-1.740229,0.6612,1.061871,0.93209,1.045643,-1.65448,0.521222,0.715093,0.958208,0.653562,-1.527879,0.931884,-1.255854,1.433184,0.736695,0.154263,1.030717,-1.21397,1.124497,-1.723858,-1.365436,1.028716,2.062802,1.287637,-1.88791,-0.099817,0.342744,1.336028,1.267607,-1.922833,-0.286512,-2.458877,0.76667,1.301539,-0.598784,1.295413,0.944323,1.033638,0.822077,-1.843568,-1.591496,0.878226,0.849036,0.542327,1.364632,1.333886,1.07864,1.121835,0.66208,-1.790221,-2.256266,0.550003,-0.503565,0.332633,0.99397,1.680478,-2.017863,1.647682,-0.805966,-1.377857,1.197087,0.935841,2.184248,1.227863,1.221828,-1.240152,0.991131,1.45819,1.281496,2.34527,-0.802355,1.147004,1.191722,1.209561,-1.400259,1.068791,-2.054379,0.966606,1.153986,2.354381,1.570009,1.004701,0.908152,1.003349,-0.157684,-1.405834,0.764092,0.825116,0.640162,-1.560135,2.205923,0.590724,0.866448,0.379687,-2.026935,0.525983,0.749352,1.52017,-2.057066,-0.81365,1.107507,-1.860638,1.127911,0.451149,-0.606003,0.906483,0.82013,1.872619,1.438301,-1.097471,1.784294,0.851153,1.348353,1.231657,0.54357,-0.532639,0.935049,1.419533,1.30114,-0.977663,1.558102,1.388519,0.956486,1.072245,-1.277895,2.057488,-1.563186,0.963595,1.000722,-1.211603,-0.736076,-0.962907,0.674939,0.705133,1.57832,-1.923441,0.81134,0.585057,0.467461,-1.485352,1.183996,0.871703,1.778389,1.336227,1.283485,1.075455,1.195919,0.490121,0.510151,0.804531,1.541189,0.755417,1.026727,1.482487,2.046244,0.803155,0.674812,-2.165838,1.140741,-0.936093,1.458285,-2.804826,0.700886,1.14544,-1.162802,1.729601,-1.3622,0.753863,1.038379,-0.317856,1.60821,-1.696465,0.310269,0.656868,-0.293726
133.0,68.3,57.3,3.0,3.0,13240.0,13373.0,-0.24853,-1.914973,1.001682,0.114723,0.186072,0.331305,-1.94272,1.051365,-0.510033,-1.229764,0.481622,-1.879346,0.73987,-2.083863,1.29808,0.635837,-1.772743,0.98416,-0.867284,0.950086,-0.256483,-1.877005,0.962214,-1.073586,-1.609101,0.145932,-0.470992,1.212054,1.192047,1.113644,-1.414185,-1.693232,0.968831,0.99535,1.144591,-1.798445,-1.701162,0.947666,0.638313,1.204434,0.696367,-1.667684,1.09357,0.872603,1.295753,1.260262,-1.743137,1.08594,0.903991,1.482189,-0.755053,-1.717178,1.0539,-1.227801,1.265856,0.361356,-1.883152,0.942316,-1.403968,1.560418,-0.662473,-0.923799,0.443007,-1.910405,1.488531,-1.929411,-0.134473,-2.105514,0.852664,1.302405,-1.138526,1.677015,1.309865,1.250379,1.180407,-2.019839,1.602943,0.917688,0.937119,0.758224,0.865387,-1.740229,0.6612,1.061871,0.93209,1.045643,-1.65448,0.521222,0.715093,0.958208,0.653562,-1.527879,0.931884,-1.255854,1.433184,0.736695,0.154263,1.030717,-1.21397,1.124497,-1.723858,-1.365436,1.028716,2.062802,1.287637,-1.88791,-0.099817,0.342744,1.336028,1.267607,-1.922833,-0.286512,-2.458877,0.76667,1.301539,-0.598784,1.295413,0.944323,1.033638,0.822077,-1.843568,-1.591496,0.878226,0.849036,0.542327,1.364632,1.333886,1.07864,1.121835,0.66208,-1.790221,-2.256266,0.550003,-0.503565,0.332633,0.99397,1.680478,-2.017863,1.647682,-0.805966,-1.377857,1.197087,0.935841,2.184248,1.227863,1.221828,-1.240152,0.991131,1.45819,1.281496,2.34527,-0.802355,1.147004,1.191722,1.209561,-1.400259,1.068791,-2.054379,0.966606,1.153986,2.354381,1.570009,1.004701,0.908152,1.003349,-0.157684,-1.405834,0.764092,0.825116,0.640162,-1.560135,2.205923,0.590724,0.866448,0.379687,-2.026935,0.525983,0.749352,1.52017,-2.057066,-0.81365,1.107507,-1.860638,1.127911,0.451149,-0.606003,0.906483,0.82013,1.872619,1.438301,-1.097471,1.784294,0.851153,1.348353,1.231657,0.54357,-0.532639,0.935049,1.419533,1.30114,-0.977663,1.558102,1.388519,0.956486,1.072245,-1.277895,2.057488,-1.563186,0.963595,1.000722,-1.211603,-0.736076,-0.962907,0.674939,0.705133,1.57832,-1.923441,0.81134,0.585057,0.467461,-1.485352,1.183996,0.871703,1.778389,1.336227,1.283485,1.075455,1.195919,0.490121,0.510151,0.804531,1.541189,0.755417,1.026727,1.482487,2.046244,0.803155,0.674812,-2.165838,1.140741,-0.936093,1.458285,-2.804826,0.700886,1.14544,-1.162802,1.729601,-1.3622,0.753863,1.038379,-0.317856,1.60821,-1.696465,0.310269,0.656868,-0.293726
399.0,67.9,52.3,3.0,7.0,1727.0,2126.0,-0.24853,-1.914973,1.001682,0.114723,0.186072,0.331305,-1.94272,1.051365,-0.510033,-1.229764,0.481622,-1.879346,0.73987,-2.083863,1.29808,0.635837,-1.772743,0.98416,-0.867284,0.950086,-0.256483,-1.877005,0.962214,-1.073586,-1.609101,0.145932,-0.470992,1.212054,1.192047,1.113644,-1.414185,-1.693232,0.968831,0.99535,1.144591,-1.798445,-1.701162,0.947666,0.638313,1.204434,0.696367,-1.667684,1.09357,0.872603,1.295753,1.260262,-1.743137,1.08594,0.903991,1.482189,-0.755053,-1.717178,1.0539,-1.227801,1.265856,0.361356,-1.883152,0.942316,-1.403968,1.560418,-0.662473,-0.923799,0.443007,-1.910405,1.488531,-1.929411,-0.134473,-2.105514,0.852664,1.302405,-1.138526,1.677015,1.309865,1.250379,1.180407,-2.019839,1.602943,0.917688,0.937119,0.758224,0.865387,-1.740229,0.6612,1.061871,0.93209,1.045643,-1.65448,0.521222,0.715093,0.958208,0.653562,-1.527879,0.931884,-1.255854,1.433184,0.736695,0.154263,1.030717,-1.21397,1.124497,-1.723858,-1.365436,1.028716,2.062802,1.287637,-1.88791,-0.099817,0.342744,1.336028,1.267607,-1.922833,-0.286512,-2.458877,0.76667,1.301539,-0.598784,1.295413,0.944323,1.033638,0.822077,-1.843568,-1.591496,0.878226,0.849036,0.542327,1.364632,1.333886,1.07864,1.121835,0.66208,-1.790221,-2.256266,0.550003,-0.503565,0.332633,0.99397,1.680478,-2.017863,1.647682,-0.805966,-1.377857,1.197087,0.935841,2.184248,1.227863,1.221828,-1.240152,0.991131,1.45819,1.281496,2.34527,-0.802355,1.147004,1.191722,1.209561,-1.400259,1.068791,-2.054379,0.966606,1.153986,2.354381,1.570009,1.004701,0.908152,1.003349,-0.157684,-1.405834,0.764092,0.825116,0.640162,-1.560135,2.205923,0.590724,0.866448,0.379687,-2.026935,0.525983,0.749352,1.52017,-2.057066,-0.81365,1.107507,-1.860638,1.127911,0.451149,-0.606003,0.906483,0.82013,1.872619,1.438301,-1.097471,1.784294,0.851153,1.348353,1.231657,0.54357,-0.532639,0.935049,1.419533,1.30114,-0.977663,1.558102,1.388519,0.956486,1.072245,-1.277895,2.057488,-1.563186,0.963595,1.000722,-1.211603,-0.736076,-0.962907,0.674939,0.705133,1.57832,-1.923441,0.81134,0.585057,0.467461,-1.485352,1.183996,0.871703,1.778389,1.336227,1.283485,1.075455,1.195919,0.490121,0.510151,0.804531,1.541189,0.755417,1.026727,1.482487,2.046244,0.803155,0.674812,-2.165838,1.140741,-0.936093,1.458285,-2.804826,0.700886,1.14544,-1.162802,1.729601,-1.3622,0.753863,1.038379,-0.317856,1.60821,-1.696465,0.310269,0.656868,-0.293726
100.0,72.0,59.0,1.0,1.0,13373.0,13473.0,-0.24853,-1.914973,1.001682,0.114723,0.186072,0.331305,-1.94272,1.051365,-0.510033,-1.229764,0.481622,-1.879346,0.73987,-2.083863,1.29808,0.635837,-1.772743,0.98416,-0.867284,0.950086,-0.256483,-1.877005,0.962214,-1.073586,-1.609101,0.145932,-0.470992,1.212054,1.192047,1.113644,-1.414185,-1.693232,0.968831,0.99535,1.144591,-1.798445,-1.701162,0.947666,0.638313,1.204434,0.696367,-1.667684,1.09357,0.872603,1.295753,1.260262,-1.743137,1.08594,0.903991,1.482189,-0.755053,-1.717178,1.0539,-1.227801,1.265856,0.361356,-1.883152,0.942316,-1.403968,1.560418,-0.662473,-0.923799,0.443007,-1.910405,1.488531,-1.929411,-0.134473,-2.105514,0.852664,1.302405,-1.138526,1.677015,1.309865,1.250379,1.180407,-2.019839,1.602943,0.917688,0.937119,0.758224,0.865387,-1.740229,0.6612,1.061871,0.93209,1.045643,-1.65448,0.521222,0.715093,0.958208,0.653562,-1.527879,0.931884,-1.255854,1.433184,0.736695,0.154263,1.030717,-1.21397,1.124497,-1.723858,-1.365436,1.028716,2.062802,1.287637,-1.88791,-0.099817,0.342744,1.336028,1.267607,-1.922833,-0.286512,-2.458877,0.76667,1.301539,-0.598784,1.295413,0.944323,1.033638,0.822077,-1.843568,-1.591496,0.878226,0.849036,0.542327,1.364632,1.333886,1.07864,1.121835,0.66208,-1.790221,-2.256266,0.550003,-0.503565,0.332633,0.99397,1.680478,-2.017863,1.647682,-0.805966,-1.377857,1.197087,0.935841,2.184248,1.227863,1.221828,-1.240152,0.991131,1.45819,1.281496,2.34527,-0.802355,1.147004,1.191722,1.209561,-1.400259,1.068791,-2.054379,0.966606,1.153986,2.354381,1.570009,1.004701,0.908152,1.003349,-0.157684,-1.405834,0.764092,0.825116,0.640162,-1.560135,2.205923,0.590724,0.866448,0.379687,-2.026935,0.525983,0.749352,1.52017,-2.057066,-0.81365,1.107507,-1.860638,1.127911,0.451149,-0.606003,0.906483,0.82013,1.872619,1.438301,-1.097471,1.784294,0.851153,1.348353,1.231657,0.54357,-0.532639,0.935049,1.419533,1.30114,-0.977663,1.558102,1.388519,0.956486,1.072245,-1.277895,2.057488,-1.563186,0.963595,1.000722,-1.211603,-0.736076,-0.962907,0.674939,0.705133,1.57832,-1.923441,0.81134,0.585057,0.467461,-1.485352,1.183996,0.871703,1.778389,1.336227,1.283485,1.075455,1.195919,0.490121,0.510151,0.804531,1.541189,0.755417,1.026727,1.482487,2.046244,0.803155,0.674812,-2.165838,1.140741,-0.936093,1.458285,-2.804826,0.700886,1.14544,-1.162802,1.729601,-1.3622,0.753863,1.038379,-0.317856,1.60821,-1.696465,0.310269,0.656868,-0.293726
365.0,68.2,55.8,6.0,29.0,13473.0,13838.0,-0.24853,-1.914973,1.001682,0.114723,0.186072,0.331305,-1.94272,1.051365,-0.510033,-1.229764,0.481622,-1.879346,0.73987,-2.083863,1.29808,0.635837,-1.772743,0.98416,-0.867284,0.950086,-0.256483,-1.877005,0.962214,-1.073586,-1.609101,0.145932,-0.470992,1.212054,1.192047,1.113644,-1.414185,-1.693232,0.968831,0.99535,1.144591,-1.798445,-1.701162,0.947666,0.638313,1.204434,0.696367,-1.667684,1.09357,0.872603,1.295753,1.260262,-1.743137,1.08594,0.903991,1.482189,-0.755053,-1.717178,1.0539,-1.227801,1.265856,0.361356,-1.883152,0.942316,-1.403968,1.560418,-0.662473,-0.923799,0.443007,-1.910405,1.488531,-1.929411,-0.134473,-2.105514,0.852664,1.302405,-1.138526,1.677015,1.309865,1.250379,1.180407,-2.019839,1.602943,0.917688,0.937119,0.758224,0.865387,-1.740229,0.6612,1.061871,0.93209,1.045643,-1.65448,0.521222,0.715093,0.958208,0.653562,-1.527879,0.931884,-1.255854,1.433184,0.736695,0.154263,1.030717,-1.21397,1.124497,-1.723858,-1.365436,1.028716,2.062802,1.287637,-1.88791,-0.099817,0.342744,1.336028,1.267607,-1.922833,-0.286512,-2.458877,0.76667,1.301539,-0.598784,1.295413,0.944323,1.033638,0.822077,-1.843568,-1.591496,0.878226,0.849036,0.542327,1.364632,1.333886,1.07864,1.121835,0.66208,-1.790221,-2.256266,0.550003,-0.503565,0.332633,0.99397,1.680478,-2.017863,1.647682,-0.805966,-1.377857,1.197087,0.935841,2.184248,1.227863,1.221828,-1.240152,0.991131,1.45819,1.281496,2.34527,-0.802355,1.147004,1.191722,1.209561,-1.400259,1.068791,-2.054379,0.966606,1.153986,2.354381,1.570009,1.004701,0.908152,1.003349,-0.157684,-1.405834,0.764092,0.825116,0.640162,-1.560135,2.205923,0.590724,0.866448,0.379687,-2.026935,0.525983,0.749352,1.52017,-2.057066,-0.81365,1.107507,-1.860638,1.127911,0.451149,-0.606003,0.906483,0.82013,1.872619,1.438301,-1.097471,1.784294,0.851153,1.348353,1.231657,0.54357,-0.532639,0.935049,1.419533,1.30114,-0.977663,1.558102,1.388519,0.956486,1.072245,-1.277895,2.057488,-1.563186,0.963595,1.000722,-1.211603,-0.736076,-0.962907,0.674939,0.705133,1.57832,-1.923441,0.81134,0.585057,0.467461,-1.485352,1.183996,0.871703,1.778389,1.336227,1.283485,1.075455,1.195919,0.490121,0.510151,0.804531,1.541189,0.755417,1.026727,1.482487,2.046244,0.803155,0.674812,-2.165838,1.140741,-0.936093,1.458285,-2.804826,0.700886,1.14544,-1.162802,1.729601,-1.3622,0.753863,1.038379,-0.317856,1.60821,-1.696465,0.310269,0.656868,-0.293726
166.0,62.4,50.8,15.0,1.0,13838.0,14004.0,-0.24853,-1.914973,1.001682,0.114723,0.186072,0.331305,-1.94272,1.051365,-0.510033,-1.229764,0.481622,-1.879346,0.73987,-2.083863,1.29808,0.635837,-1.772743,0.98416,-0.867284,0.950086,-0.256483,-1.877005,0.962214,-1.073586,-1.609101,0.145932,-0.470992,1.212054,1.192047,1.113644,-1.414185,-1.693232,0.968831,0.99535,1.144591,-1.798445,-1.701162,0.947666,0.638313,1.204434,0.696367,-1.667684,1.09357,0.872603,1.295753,1.260262,-1.743137,1.08594,0.903991,1.482189,-0.755053,-1.717178,1.0539,-1.227801,1.265856,0.361356,-1.883152,0.942316,-1.403968,1.560418,-0.662473,-0.923799,0.443007,-1.910405,1.488531,-1.929411,-0.134473,-2.105514,0.852664,1.302405,-1.138526,1.677015,1.309865,1.250379,1.180407,-2.019839,1.602943,0.917688,0.937119,0.758224,0.865387,-1.740229,0.6612,1.061871,0.93209,1.045643,-1.65448,0.521222,0.715093,0.958208,0.653562,-1.527879,0.931884,-1.255854,1.433184,0.736695,0.154263,1.030717,-1.21397,1.124497,-1.723858,-1.365436,1.028716,2.062802,1.287637,-1.88791,-0.099817,0.342744,1.336028,1.267607,-1.922833,-0.286512,-2.458877,0.76667,1.301539,-0.598784,1.295413,0.944323,1.033638,0.822077,-1.843568,-1.591496,0.878226,0.849036,0.542327,1.364632,1.333886,1.07864,1.121835,0.66208,-1.790221,-2.256266,0.550003,-0.503565,0.332633,0.99397,1.680478,-2.017863,1.647682,-0.805966,-1.377857,1.197087,0.935841,2.184248,1.227863,1.221828,-1.240152,0.991131,1.45819,1.281496,2.34527,-0.802355,1.147004,1.191722,1.209561,-1.400259,1.068791,-2.054379,0.966606,1.153986,2.354381,1.570009,1.004701,0.908152,1.003349,-0.157684,-1.405834,0.764092,0.825116,0.640162,-1.560135,2.205923,0.590724,0.866448,0.379687,-2.026935,0.525983,0.749352,1.52017,-2.057066,-0.81365,1.107507,-1.860638,1.127911,0.451149,-0.606003,0.906483,0.82013,1.872619,1.438301,-1.097471,1.784294,0.851153,1.348353,1.231657,0.54357,-0.532639,0.935049,1.419533,1.30114,-0.977663,1.558102,1.388519,0.956486,1.072245,-1.277895,2.057488,-1.563186,0.963595,1.000722,-1.211603,-0.736076,-0.962907,0.674939,0.705133,1.57832,-1.923441,0.81134,0.585057,0.467461,-1.485352,1.183996,0.871703,1.778389,1.336227,1.283485,1.075455,1.195919,0.490121,0.510151,0.804531,1.541189,0.755417,1.026727,1.482487,2.046244,0.803155,0.674812,-2.165838,1.140741,-0.936093,1.458285,-2.804826,0.700886,1.14544,-1.162802,1.729601,-1.3622,0.753863,1.038379,-0.317856,1.60821,-1.696465,0.310269,0.656868,-0.293726
266.0,61.1,51.0,4.0,10.0,14004.0,14270.0,-0.24853,-1.914973,1.001682,0.114723,0.186072,0.331305,-1.94272,1.051365,-0.510033,-1.229764,0.481622,-1.879346,0.73987,-2.083863,1.29808,0.635837,-1.772743,0.98416,-0.867284,0.950086,-0.256483,-1.877005,0.962214,-1.073586,-1.609101,0.145932,-0.470992,1.212054,1.192047,1.113644,-1.414185,-1.693232,0.968831,0.99535,1.144591,-1.798445,-1.701162,0.947666,0.638313,1.204434,0.696367,-1.667684,1.09357,0.872603,1.295753,1.260262,-1.743137,1.08594,0.903991,1.482189,-0.755053,-1.717178,1.0539,-1.227801,1.265856,0.361356,-1.883152,0.942316,-1.403968,1.560418,-0.662473,-0.923799,0.443007,-1.910405,1.488531,-1.929411,-0.134473,-2.105514,0.852664,1.302405,-1.138526,1.677015,1.309865,1.250379,1.180407,-2.019839,1.602943,0.917688,0.937119,0.758224,0.865387,-1.740229,0.6612,1.061871,0.93209,1.045643,-1.65448,0.521222,0.715093,0.958208,0.653562,-1.527879,0.931884,-1.255854,1.433184,0.736695,0.154263,1.030717,-1.21397,1.124497,-1.723858,-1.365436,1.028716,2.062802,1.287637,-1.88791,-0.099817,0.342744,1.336028,1.267607,-1.922833,-0.286512,-2.458877,0.76667,1.301539,-0.598784,1.295413,0.944323,1.033638,0.822077,-1.843568,-1.591496,0.878226,0.849036,0.542327,1.364632,1.333886,1.07864,1.121835,0.66208,-1.790221,-2.256266,0.550003,-0.503565,0.332633,0.99397,1.680478,-2.017863,1.647682,-0.805966,-1.377857,1.197087,0.935841,2.184248,1.227863,1.221828,-1.240152,0.991131,1.45819,1.281496,2.34527,-0.802355,1.147004,1.191722,1.209561,-1.400259,1.068791,-2.054379,0.966606,1.153986,2.354381,1.570009,1.004701,0.908152,1.003349,-0.157684,-1.405834,0.764092,0.825116,0.640162,-1.560135,2.205923,0.590724,0.866448,0.379687,-2.026935,0.525983,0.749352,1.52017,-2.057066,-0.81365,1.107507,-1.860638,1.127911,0.451149,-0.606003,0.906483,0.82013,1.872619,1.438301,-1.097471,1.784294,0.851153,1.348353,1.231657,0.54357,-0.532639,0.935049,1.419533,1.30114,-0.977663,1.558102,1.388519,0.956486,1.072245,-1.277895,2.057488,-1.563186,0.963595,1.000722,-1.211603,-0.736076,-0.962907,0.674939,0.705133,1.57832,-1.923441,0.81134,0.585057,0.467461,-1.485352,1.183996,0.871703,1.778389,1.336227,1.283485,1.075455,1.195919,0.490121,0.510151,0.804531,1.541189,0.755417,1.026727,1.482487,2.046244,0.803155,0.674812,-2.165838,1.140741,-0.936093,1.458285,-2.804826,0.700886,1.14544,-1.162802,1.729601,-1.3622,0.753863,1.038379,-0.317856,1.60821,-1.696465,0.310269,0.656868,-0.293726
99.0,63.3,53.0,1.0,1.0,14270.0,14369.0,-0.24853,-1.914973,1.001682,0.114723,0.186072,0.331305,-1.94272,1.051365,-0.510033,-1.229764,0.481622,-1.879346,0.73987,-2.083863,1.29808,0.635837,-1.772743,0.98416,-0.867284,0.950086,-0.256483,-1.877005,0.962214,-1.073586,-1.609101,0.145932,-0.470992,1.212054,1.192047,1.113644,-1.414185,-1.693232,0.968831,0.99535,1.144591,-1.798445,-1.701162,0.947666,0.638313,1.204434,0.696367,-1.667684,1.09357,0.872603,1.295753,1.260262,-1.743137,1.08594,0.903991,1.482189,-0.755053,-1.717178,1.0539,-1.227801,1.265856,0.361356,-1.883152,0.942316,-1.403968,1.560418,-0.662473,-0.923799,0.443007,-1.910405,1.488531,-1.929411,-0.134473,-2.105514,0.852664,1.302405,-1.138526,1.677015,1.309865,1.250379,1.180407,-2.019839,1.602943,0.917688,0.937119,0.758224,0.865387,-1.740229,0.6612,1.061871,0.93209,1.045643,-1.65448,0.521222,0.715093,0.958208,0.653562,-1.527879,0.931884,-1.255854,1.433184,0.736695,0.154263,1.030717,-1.21397,1.124497,-1.723858,-1.365436,1.028716,2.062802,1.287637,-1.88791,-0.099817,0.342744,1.336028,1.267607,-1.922833,-0.286512,-2.458877,0.76667,1.301539,-0.598784,1.295413,0.944323,1.033638,0.822077,-1.843568,-1.591496,0.878226,0.849036,0.542327,1.364632,1.333886,1.07864,1.121835,0.66208,-1.790221,-2.256266,0.550003,-0.503565,0.332633,0.99397,1.680478,-2.017863,1.647682,-0.805966,-1.377857,1.197087,0.935841,2.184248,1.227863,1.221828,-1.240152,0.991131,1.45819,1.281496,2.34527,-0.802355,1.147004,1.191722,1.209561,-1.400259,1.068791,-2.054379,0.966606,1.153986,2.354381,1.570009,1.004701,0.908152,1.003349,-0.157684,-1.405834,0.764092,0.825116,0.640162,-1.560135,2.205923,0.590724,0.866448,0.379687,-2.026935,0.525983,0.749352,1.52017,-2.057066,-0.81365,1.107507,-1.860638,1.127911,0.451149,-0.606003,0.906483,0.82013,1.872619,1.438301,-1.097471,1.784294,0.851153,1.348353,1.231657,0.54357,-0.532639,0.935049,1.419533,1.30114,-0.977663,1.558102,1.388519,0.956486,1.072245,-1.277895,2.057488,-1.563186,0.963595,1.000722,-1.211603,-0.736076,-0.962907,0.674939,0.705133,1.57832,-1.923441,0.81134,0.585057,0.467461,-1.485352,1.183996,0.871703,1.778389,1.336227,1.283485,1.075455,1.195919,0.490121,0.510151,0.804531,1.541189,0.755417,1.026727,1.482487,2.046244,0.803155,0.674812,-2.165838,1.140741,-0.936093,1.458285,-2.804826,0.700886,1.14544,-1.162802,1.729601,-1.3622,0.753863,1.038379,-0.317856,1.60821,-1.696465,0.310269,0.656868,-0.293726
99.0,66.0,52.0,0.0,1.0,14369.0,14468.0,-0.24853,-1.914973,1.001682,0.114723,0.186072,0.331305,-1.94272,1.051365,-0.510033,-1.229764,0.481622,-1.879346,0.73987,-2.083863,1.29808,0.635837,-1.772743,0.98416,-0.867284,0.950086,-0.256483,-1.877005,0.962214,-1.073586,-1.609101,0.145932,-0.470992,1.212054,1.192047,1.113644,-1.414185,-1.693232,0.968831,0.99535,1.144591,-1.798445,-1.701162,0.947666,0.638313,1.204434,0.696367,-1.667684,1.09357,0.872603,1.295753,1.260262,-1.743137,1.08594,0.903991,1.482189,-0.755053,-1.717178,1.0539,-1.227801,1.265856,0.361356,-1.883152,0.942316,-1.403968,1.560418,-0.662473,-0.923799,0.443007,-1.910405,1.488531,-1.929411,-0.134473,-2.105514,0.852664,1.302405,-1.138526,1.677015,1.309865,1.250379,1.180407,-2.019839,1.602943,0.917688,0.937119,0.758224,0.865387,-1.740229,0.6612,1.061871,0.93209,1.045643,-1.65448,0.521222,0.715093,0.958208,0.653562,-1.527879,0.931884,-1.255854,1.433184,0.736695,0.154263,1.030717,-1.21397,1.124497,-1.723858,-1.365436,1.028716,2.062802,1.287637,-1.88791,-0.099817,0.342744,1.336028,1.267607,-1.922833,-0.286512,-2.458877,0.76667,1.301539,-0.598784,1.295413,0.944323,1.033638,0.822077,-1.843568,-1.591496,0.878226,0.849036,0.542327,1.364632,1.333886,1.07864,1.121835,0.66208,-1.790221,-2.256266,0.550003,-0.503565,0.332633,0.99397,1.680478,-2.017863,1.647682,-0.805966,-1.377857,1.197087,0.935841,2.184248,1.227863,1.221828,-1.240152,0.991131,1.45819,1.281496,2.34527,-0.802355,1.147004,1.191722,1.209561,-1.400259,1.068791,-2.054379,0.966606,1.153986,2.354381,1.570009,1.004701,0.908152,1.003349,-0.157684,-1.405834,0.764092,0.825116,0.640162,-1.560135,2.205923,0.590724,0.866448,0.379687,-2.026935,0.525983,0.749352,1.52017,-2.057066,-0.81365,1.107507,-1.860638,1.127911,0.451149,-0.606003,0.906483,0.82013,1.872619,1.438301,-1.097471,1.784294,0.851153,1.348353,1.231657,0.54357,-0.532639,0.935049,1.419533,1.30114,-0.977663,1.558102,1.388519,0.956486,1.072245,-1.277895,2.057488,-1.563186,0.963595,1.000722,-1.211603,-0.736076,-0.962907,0.674939,0.705133,1.57832,-1.923441,0.81134,0.585057,0.467461,-1.485352,1.183996,0.871703,1.778389,1.336227,1.283485,1.075455,1.195919,0.490121,0.510151,0.804531,1.541189,0.755417,1.026727,1.482487,2.046244,0.803155,0.674812,-2.165838,1.140741,-0.936093,1.458285,-2.804826,0.700886,1.14544,-1.162802,1.729601,-1.3622,0.753863,1.038379,-0.317856,1.60821,-1.696465,0.310269,0.656868,-0.293726
98.0,66.3,56.0,1.0,1.0,14468.0,14566.0,-0.24853,-1.914973,1.001682,0.114723,0.186072,0.331305,-1.94272,1.051365,-0.510033,-1.229764,0.481622,-1.879346,0.73987,-2.083863,1.29808,0.635837,-1.772743,0.98416,-0.867284,0.950086,-0.256483,-1.877005,0.962214,-1.073586,-1.609101,0.145932,-0.470992,1.212054,1.192047,1.113644,-1.414185,-1.693232,0.968831,0.99535,1.144591,-1.798445,-1.701162,0.947666,0.638313,1.204434,0.696367,-1.667684,1.09357,0.872603,1.295753,1.260262,-1.743137,1.08594,0.903991,1.482189,-0.755053,-1.717178,1.0539,-1.227801,1.265856,0.361356,-1.883152,0.942316,-1.403968,1.560418,-0.662473,-0.923799,0.443007,-1.910405,1.488531,-1.929411,-0.134473,-2.105514,0.852664,1.302405,-1.138526,1.677015,1.309865,1.250379,1.180407,-2.019839,1.602943,0.917688,0.937119,0.758224,0.865387,-1.740229,0.6612,1.061871,0.93209,1.045643,-1.65448,0.521222,0.715093,0.958208,0.653562,-1.527879,0.931884,-1.255854,1.433184,0.736695,0.154263,1.030717,-1.21397,1.124497,-1.723858,-1.365436,1.028716,2.062802,1.287637,-1.88791,-0.099817,0.342744,1.336028,1.267607,-1.922833,-0.286512,-2.458877,0.76667,1.301539,-0.598784,1.295413,0.944323,1.033638,0.822077,-1.843568,-1.591496,0.878226,0.849036,0.542327,1.364632,1.333886,1.07864,1.121835,0.66208,-1.790221,-2.256266,0.550003,-0.503565,0.332633,0.99397,1.680478,-2.017863,1.647682,-0.805966,-1.377857,1.197087,0.935841,2.184248,1.227863,1.221828,-1.240152,0.991131,1.45819,1.281496,2.34527,-0.802355,1.147004,1.191722,1.209561,-1.400259,1.068791,-2.054379,0.966606,1.153986,2.354381,1.570009,1.004701,0.908152,1.003349,-0.157684,-1.405834,0.764092,0.825116,0.640162,-1.560135,2.205923,0.590724,0.866448,0.379687,-2.026935,0.525983,0.749352,1.52017,-2.057066,-0.81365,1.107507,-1.860638,1.127911,0.451149,-0.606003,0.906483,0.82013,1.872619,1.438301,-1.097471,1.784294,0.851153,1.348353,1.231657,0.54357,-0.532639,0.935049,1.419533,1.30114,-0.977663,1.558102,1.388519,0.956486,1.072245,-1.277895,2.057488,-1.563186,0.963595,1.000722,-1.211603,-0.736076,-0.962907,0.674939,0.705133,1.57832,-1.923441,0.81134,0.585057,0.467461,-1.485352,1.183996,0.871703,1.778389,1.336227,1.283485,1.075455,1.195919,0.490121,0.510151,0.804531,1.541189,0.755417,1.026727,1.482487,2.046244,0.803155,0.674812,-2.165838,1.140741,-0.936093,1.458285,-2.804826,0.700886,1.14544,-1.162802,1.729601,-1.3622,0.753863,1.038379,-0.317856,1.60821,-1.696465,0.310269,0.656868,-0.293726
99.0,67.3,55.7,2.0,2.0,14566.0,14665.0,-0.24853,-1.914973,1.001682,0.114723,0.186072,0.331305,-1.94272,1.051365,-0.510033,-1.229764,0.481622,-1.879346,0.73987,-2.083863,1.29808,0.635837,-1.772743,0.98416,-0.867284,0.950086,-0.256483,-1.877005,0.962214,-1.073586,-1.609101,0.145932,-0.470992,1.212054,1.192047,1.113644,-1.414185,-1.693232,0.968831,0.99535,1.144591,-1.798445,-1.701162,0.947666,0.638313,1.204434,0.696367,-1.667684,1.09357,0.872603,1.295753,1.260262,-1.743137,1.08594,0.903991,1.482189,-0.755053,-1.717178,1.0539,-1.227801,1.265856,0.361356,-1.883152,0.942316,-1.403968,1.560418,-0.662473,-0.923799,0.443007,-1.910405,1.488531,-1.929411,-0.134473,-2.105514,0.852664,1.302405,-1.138526,1.677015,1.309865,1.250379,1.180407,-2.019839,1.602943,0.917688,0.937119,0.758224,0.865387,-1.740229,0.6612,1.061871,0.93209,1.045643,-1.65448,0.521222,0.715093,0.958208,0.653562,-1.527879,0.931884,-1.255854,1.433184,0.736695,0.154263,1.030717,-1.21397,1.124497,-1.723858,-1.365436,1.028716,2.062802,1.287637,-1.88791,-0.099817,0.342744,1.336028,1.267607,-1.922833,-0.286512,-2.458877,0.76667,1.301539,-0.598784,1.295413,0.944323,1.033638,0.822077,-1.843568,-1.591496,0.878226,0.849036,0.542327,1.364632,1.333886,1.07864,1.121835,0.66208,-1.790221,-2.256266,0.550003,-0.503565,0.332633,0.99397,1.680478,-2.017863,1.647682,-0.805966,-1.377857,1.197087,0.935841,2.184248,1.227863,1.221828,-1.240152,0.991131,1.45819,1.281496,2.34527,-0.802355,1.147004,1.191722,1.209561,-1.400259,1.068791,-2.054379,0.966606,1.153986,2.354381,1.570009,1.004701,0.908152,1.003349,-0.157684,-1.405834,0.764092,0.825116,0.640162,-1.560135,2.205923,0.590724,0.866448,0.379687,-2.026935,0.525983,0.749352,1.52017,-2.057066,-0.81365,1.107507,-1.860638,1.127911,0.451149,-0.606003,0.906483,0.82013,1.872619,1.438301,-1.097471,1.784294,0.851153,1.348353,1.231657,0.54357,-0.532639,0.935049,1.419533,1.30114,-0.977663,1.558102,1.388519,0.956486,1.072245,-1.277895,2.057488,-1.563186,0.963595,1.000722,-1.211603,-0.736076,-0.962907,0.674939,0.705133,1.57832,-1.923441,0.81134,0.585057,0.467461,-1.485352,1.183996,0.871703,1.778389,1.336227,1.283485,1.075455,1.195919,0.490121,0.510151,0.804531,1.541189,0.755417,1.026727,1.482487,2.046244,0.803155,0.674812,-2.165838,1.140741,-0.936093,1.458285,-2.804826,0.700886,1.14544,-1.162802,1.729601,-1.3622,0.753863,1.038379,-0.317856,1.60821,-1.696465,0.310269,0.656868,-0.293726
266.0,72.1,58.9,4.0,6.0,14665.0,14931.0,-0.856334,0.430178,-1.181469,-0.628932,-0.767453,-0.970544,0.184244,-1.237527,-1.050947,0.440569,-1.095277,-0.199673,-1.207945,0.5335,-1.058056,-0.898349,0.737361,-1.029965,0.604177,-0.474927,-0.792607,0.704499,-1.077577,0.376783,0.617411,-0.514046,0.380504,-1.00199,-0.982505,-0.95688,0.122687,0.671601,-1.031958,-0.898844,-0.91788,0.341865,0.91006,-1.037491,-1.00969,-0.821821,-0.890742,0.940882,-1.027693,-1.464106,-0.845647,-0.852452,0.914057,-1.009264,-1.504546,-0.896706,-0.62458,0.999069,-1.030915,0.650765,-0.83598,-0.817406,0.364186,-1.037239,0.780485,-0.957943,-0.712199,-0.73495,-1.112675,1.187139,-0.836699,0.361737,-0.930376,-1.104188,-0.781874,-0.842794,1.092246,-0.97014,-0.9919,-0.892983,-0.898005,0.965681,-1.068264,-1.027552,-0.76904,-0.800327,-0.639855,0.782061,-1.021039,-0.787247,-0.787705,-0.66813,1.006287,-1.058815,-0.480117,-0.736181,-0.66457,0.622039,-0.997416,0.855953,-0.925321,-0.975653,-0.767294,-1.015474,1.052475,-0.844956,0.571539,0.419712,-1.024116,-0.167931,-0.853293,0.205562,-0.819141,-1.042116,-0.774565,-0.831783,0.365783,-0.880542,-0.738587,-0.752105,-0.841977,0.005544,-0.988194,-0.95467,-0.802202,-0.718948,0.995055,0.301589,-1.0671,-0.739935,-0.667741,-0.95669,-0.929964,-0.995331,-0.831763,-0.708546,0.847277,0.625756,-1.017823,-0.39288,-0.654674,-1.476014,-1.0031,0.630438,-1.014319,0.871546,0.668527,-0.861548,-0.942285,-0.648749,-0.854931,-1.143954,-0.097317,-0.82466,-0.7981,-0.811579,-1.128903,-0.399656,-0.858271,-0.735417,-0.780246,0.322731,-1.017507,0.370162,-0.666529,-0.763098,-0.575001,-1.030621,-0.993112,-0.837118,-0.752629,1.005555,0.641179,-1.183772,-0.951174,-0.794717,1.277265,-1.064929,-1.139279,-1.090161,-0.694908,0.701684,-1.191963,-1.024548,-0.892794,0.553209,0.544096,-0.648925,1.061855,0.371811,-0.556194,1.25768,-0.776909,-0.87394,-0.941717,-0.787608,0.992432,-0.198146,-0.808023,-0.927536,-0.817751,-0.115115,-0.563406,-0.873094,-0.979936,-0.782106,0.762508,-1.023649,-0.942603,-0.679108,-0.719069,0.977755,-0.265531,-1.076595,-0.913554,-0.86809,1.026748,0.821351,-1.775335,-0.861858,-0.805,-0.601405,0.755645,-1.198935,-1.288175,-0.788424,0.261137,-1.104432,-1.276594,-1.190695,-0.857462,-1.017245,-0.900059,-1.072818,-0.13412,-0.42056,-0.878415,-0.94023,-1.082571,-0.90815,-0.921457,0.308106,-1.078848,-0.785594,0.915805,-0.689939,0.793668,-0.940255,0.475232,-0.672663,-0.737559,0.46164,-1.034371,-0.380326,-0.631957,-0.7039,0.968729,-0.980056,-0.509728,-0.95011,-0.856528,0.972932
166.0,77.0,64.6,3.0,13.0,14931.0,15097.0,-0.24853,-1.914973,1.001682,0.114723,0.186072,0.331305,-1.94272,1.051365,-0.510033,-1.229764,0.481622,-1.879346,0.73987,-2.083863,1.29808,0.635837,-1.772743,0.98416,-0.867284,0.950086,-0.256483,-1.877005,0.962214,-1.073586,-1.609101,0.145932,-0.470992,1.212054,1.192047,1.113644,-1.414185,-1.693232,0.968831,0.99535,1.144591,-1.798445,-1.701162,0.947666,0.638313,1.204434,0.696367,-1.667684,1.09357,0.872603,1.295753,1.260262,-1.743137,1.08594,0.903991,1.482189,-0.755053,-1.717178,1.0539,-1.227801,1.265856,0.361356,-1.883152,0.942316,-1.403968,1.560418,-0.662473,-0.923799,0.443007,-1.910405,1.488531,-1.929411,-0.134473,-2.105514,0.852664,1.302405,-1.138526,1.677015,1.309865,1.250379,1.180407,-2.019839,1.602943,0.917688,0.937119,0.758224,0.865387,-1.740229,0.6612,1.061871,0.93209,1.045643,-1.65448,0.521222,0.715093,0.958208,0.653562,-1.527879,0.931884,-1.255854,1.433184,0.736695,0.154263,1.030717,-1.21397,1.124497,-1.723858,-1.365436,1.028716,2.062802,1.287637,-1.88791,-0.099817,0.342744,1.336028,1.267607,-1.922833,-0.286512,-2.458877,0.76667,1.301539,-0.598784,1.295413,0.944323,1.033638,0.822077,-1.843568,-1.591496,0.878226,0.849036,0.542327,1.364632,1.333886,1.07864,1.121835,0.66208,-1.790221,-2.256266,0.550003,-0.503565,0.332633,0.99397,1.680478,-2.017863,1.647682,-0.805966,-1.377857,1.197087,0.935841,2.184248,1.227863,1.221828,-1.240152,0.991131,1.45819,1.281496,2.34527,-0.802355,1.147004,1.191722,1.209561,-1.400259,1.068791,-2.054379,0.966606,1.153986,2.354381,1.570009,1.004701,0.908152,1.003349,-0.157684,-1.405834,0.764092,0.825116,0.640162,-1.560135,2.205923,0.590724,0.866448,0.379687,-2.026935,0.525983,0.749352,1.52017,-2.057066,-0.81365,1.107507,-1.860638,1.127911,0.451149,-0.606003,0.906483,0.82013,1.872619,1.438301,-1.097471,1.784294,0.851153,1.348353,1.231657,0.54357,-0.532639,0.935049,1.419533,1.30114,-0.977663,1.558102,1.388519,0.956486,1.072245,-1.277895,2.057488,-1.563186,0.963595,1.000722,-1.211603,-0.736076,-0.962907,0.674939,0.705133,1.57832,-1.923441,0.81134,0.585057,0.467461,-1.485352,1.183996,0.871703,1.778389,1.336227,1.283485,1.075455,1.195919,0.490121,0.510151,0.804531,1.541189,0.755417,1.026727,1.482487,2.046244,0.803155,0.674812,-2.165838,1.140741,-0.936093,1.458285,-2.804826,0.700886,1.14544,-1.162802,1.729601,-1.3622,0.753863,1.038379,-0.317856,1.60821,-1.696465,0.310269,0.656868,-0.293726
898.0,71.4,60.0,6.0,7.0,2126.0,3024.0,-0.24853,-1.914973,1.001682,0.114723,0.186072,0.331305,-1.94272,1.051365,-0.510033,-1.229764,0.481622,-1.879346,0.73987,-2.083863,1.29808,0.635837,-1.772743,0.98416,-0.867284,0.950086,-0.256483,-1.877005,0.962214,-1.073586,-1.609101,0.145932,-0.470992,1.212054,1.192047,1.113644,-1.414185,-1.693232,0.968831,0.99535,1.144591,-1.798445,-1.701162,0.947666,0.638313,1.204434,0.696367,-1.667684,1.09357,0.872603,1.295753,1.260262,-1.743137,1.08594,0.903991,1.482189,-0.755053,-1.717178,1.0539,-1.227801,1.265856,0.361356,-1.883152,0.942316,-1.403968,1.560418,-0.662473,-0.923799,0.443007,-1.910405,1.488531,-1.929411,-0.134473,-2.105514,0.852664,1.302405,-1.138526,1.677015,1.309865,1.250379,1.180407,-2.019839,1.602943,0.917688,0.937119,0.758224,0.865387,-1.740229,0.6612,1.061871,0.93209,1.045643,-1.65448,0.521222,0.715093,0.958208,0.653562,-1.527879,0.931884,-1.255854,1.433184,0.736695,0.154263,1.030717,-1.21397,1.124497,-1.723858,-1.365436,1.028716,2.062802,1.287637,-1.88791,-0.099817,0.342744,1.336028,1.267607,-1.922833,-0.286512,-2.458877,0.76667,1.301539,-0.598784,1.295413,0.944323,1.033638,0.822077,-1.843568,-1.591496,0.878226,0.849036,0.542327,1.364632,1.333886,1.07864,1.121835,0.66208,-1.790221,-2.256266,0.550003,-0.503565,0.332633,0.99397,1.680478,-2.017863,1.647682,-0.805966,-1.377857,1.197087,0.935841,2.184248,1.227863,1.221828,-1.240152,0.991131,1.45819,1.281496,2.34527,-0.802355,1.147004,1.191722,1.209561,-1.400259,1.068791,-2.054379,0.966606,1.153986,2.354381,1.570009,1.004701,0.908152,1.003349,-0.157684,-1.405834,0.764092,0.825116,0.640162,-1.560135,2.205923,0.590724,0.866448,0.379687,-2.026935,0.525983,0.749352,1.52017,-2.057066,-0.81365,1.107507,-1.860638,1.127911,0.451149,-0.606003,0.906483,0.82013,1.872619,1.438301,-1.097471,1.784294,0.851153,1.348353,1.231657,0.54357,-0.532639,0.935049,1.419533,1.30114,-0.977663,1.558102,1.388519,0.956486,1.072245,-1.277895,2.057488,-1.563186,0.963595,1.000722,-1.211603,-0.736076,-0.962907,0.674939,0.705133,1.57832,-1.923441,0.81134,0.585057,0.467461,-1.485352,1.183996,0.871703,1.778389,1.336227,1.283485,1.075455,1.195919,0.490121,0.510151,0.804531,1.541189,0.755417,1.026727,1.482487,2.046244,0.803155,0.674812,-2.165838,1.140741,-0.936093,1.458285,-2.804826,0.700886,1.14544,-1.162802,1.729601,-1.3622,0.753863,1.038379,-0.317856,1.60821,-1.696465,0.310269,0.656868,-0.293726
332.0,71.7,59.1,8.0,12.0,15097.0,15429.0,-0.24853,-1.914973,1.001682,0.114723,0.186072,0.331305,-1.94272,1.051365,-0.510033,-1.229764,0.481622,-1.879346,0.73987,-2.083863,1.29808,0.635837,-1.772743,0.98416,-0.867284,0.950086,-0.256483,-1.877005,0.962214,-1.073586,-1.609101,0.145932,-0.470992,1.212054,1.192047,1.113644,-1.414185,-1.693232,0.968831,0.99535,1.144591,-1.798445,-1.701162,0.947666,0.638313,1.204434,0.696367,-1.667684,1.09357,0.872603,1.295753,1.260262,-1.743137,1.08594,0.903991,1.482189,-0.755053,-1.717178,1.0539,-1.227801,1.265856,0.361356,-1.883152,0.942316,-1.403968,1.560418,-0.662473,-0.923799,0.443007,-1.910405,1.488531,-1.929411,-0.134473,-2.105514,0.852664,1.302405,-1.138526,1.677015,1.309865,1.250379,1.180407,-2.019839,1.602943,0.917688,0.937119,0.758224,0.865387,-1.740229,0.6612,1.061871,0.93209,1.045643,-1.65448,0.521222,0.715093,0.958208,0.653562,-1.527879,0.931884,-1.255854,1.433184,0.736695,0.154263,1.030717,-1.21397,1.124497,-1.723858,-1.365436,1.028716,2.062802,1.287637,-1.88791,-0.099817,0.342744,1.336028,1.267607,-1.922833,-0.286512,-2.458877,0.76667,1.301539,-0.598784,1.295413,0.944323,1.033638,0.822077,-1.843568,-1.591496,0.878226,0.849036,0.542327,1.364632,1.333886,1.07864,1.121835,0.66208,-1.790221,-2.256266,0.550003,-0.503565,0.332633,0.99397,1.680478,-2.017863,1.647682,-0.805966,-1.377857,1.197087,0.935841,2.184248,1.227863,1.221828,-1.240152,0.991131,1.45819,1.281496,2.34527,-0.802355,1.147004,1.191722,1.209561,-1.400259,1.068791,-2.054379,0.966606,1.153986,2.354381,1.570009,1.004701,0.908152,1.003349,-0.157684,-1.405834,0.764092,0.825116,0.640162,-1.560135,2.205923,0.590724,0.866448,0.379687,-2.026935,0.525983,0.749352,1.52017,-2.057066,-0.81365,1.107507,-1.860638,1.127911,0.451149,-0.606003,0.906483,0.82013,1.872619,1.438301,-1.097471,1.784294,0.851153,1.348353,1.231657,0.54357,-0.532639,0.935049,1.419533,1.30114,-0.977663,1.558102,1.388519,0.956486,1.072245,-1.277895,2.057488,-1.563186,0.963595,1.000722,-1.211603,-0.736076,-0.962907,0.674939,0.705133,1.57832,-1.923441,0.81134,0.585057,0.467461,-1.485352,1.183996,0.871703,1.778389,1.336227,1.283485,1.075455,1.195919,0.490121,0.510151,0.804531,1.541189,0.755417,1.026727,1.482487,2.046244,0.803155,0.674812,-2.165838,1.140741,-0.936093,1.458285,-2.804826,0.700886,1.14544,-1.162802,1.729601,-1.3622,0.753863,1.038379,-0.317856,1.60821,-1.696465,0.310269,0.656868,-0.293726
429.0,72.8,59.5,11.0,3.0,15429.0,15858.0,-0.24853,-1.914973,1.001682,0.114723,0.186072,0.331305,-1.94272,1.051365,-0.510033,-1.229764,0.481622,-1.879346,0.73987,-2.083863,1.29808,0.635837,-1.772743,0.98416,-0.867284,0.950086,-0.256483,-1.877005,0.962214,-1.073586,-1.609101,0.145932,-0.470992,1.212054,1.192047,1.113644,-1.414185,-1.693232,0.968831,0.99535,1.144591,-1.798445,-1.701162,0.947666,0.638313,1.204434,0.696367,-1.667684,1.09357,0.872603,1.295753,1.260262,-1.743137,1.08594,0.903991,1.482189,-0.755053,-1.717178,1.0539,-1.227801,1.265856,0.361356,-1.883152,0.942316,-1.403968,1.560418,-0.662473,-0.923799,0.443007,-1.910405,1.488531,-1.929411,-0.134473,-2.105514,0.852664,1.302405,-1.138526,1.677015,1.309865,1.250379,1.180407,-2.019839,1.602943,0.917688,0.937119,0.758224,0.865387,-1.740229,0.6612,1.061871,0.93209,1.045643,-1.65448,0.521222,0.715093,0.958208,0.653562,-1.527879,0.931884,-1.255854,1.433184,0.736695,0.154263,1.030717,-1.21397,1.124497,-1.723858,-1.365436,1.028716,2.062802,1.287637,-1.88791,-0.099817,0.342744,1.336028,1.267607,-1.922833,-0.286512,-2.458877,0.76667,1.301539,-0.598784,1.295413,0.944323,1.033638,0.822077,-1.843568,-1.591496,0.878226,0.849036,0.542327,1.364632,1.333886,1.07864,1.121835,0.66208,-1.790221,-2.256266,0.550003,-0.503565,0.332633,0.99397,1.680478,-2.017863,1.647682,-0.805966,-1.377857,1.197087,0.935841,2.184248,1.227863,1.221828,-1.240152,0.991131,1.45819,1.281496,2.34527,-0.802355,1.147004,1.191722,1.209561,-1.400259,1.068791,-2.054379,0.966606,1.153986,2.354381,1.570009,1.004701,0.908152,1.003349,-0.157684,-1.405834,0.764092,0.825116,0.640162,-1.560135,2.205923,0.590724,0.866448,0.379687,-2.026935,0.525983,0.749352,1.52017,-2.057066,-0.81365,1.107507,-1.860638,1.127911,0.451149,-0.606003,0.906483,0.82013,1.872619,1.438301,-1.097471,1.784294,0.851153,1.348353,1.231657,0.54357,-0.532639,0.935049,1.419533,1.30114,-0.977663,1.558102,1.388519,0.956486,1.072245,-1.277895,2.057488,-1.563186,0.963595,1.000722,-1.211603,-0.736076,-0.962907,0.674939,0.705133,1.57832,-1.923441,0.81134,0.585057,0.467461,-1.485352,1.183996,0.871703,1.778389,1.336227,1.283485,1.075455,1.195919,0.490121,0.510151,0.804531,1.541189,0.755417,1.026727,1.482487,2.046244,0.803155,0.674812,-2.165838,1.140741,-0.936093,1.458285,-2.804826,0.700886,1.14544,-1.162802,1.729601,-1.3622,0.753863,1.038379,-0.317856,1.60821,-1.696465,0.310269,0.656868,-0.293726
166.0,74.2,61.0,3.0,4.0,15858.0,16024.0,-0.24853,-1.914973,1.001682,0.114723,0.186072,0.331305,-1.94272,1.051365,-0.510033,-1.229764,0.481622,-1.879346,0.73987,-2.083863,1.29808,0.635837,-1.772743,0.98416,-0.867284,0.950086,-0.256483,-1.877005,0.962214,-1.073586,-1.609101,0.145932,-0.470992,1.212054,1.192047,1.113644,-1.414185,-1.693232,0.968831,0.99535,1.144591,-1.798445,-1.701162,0.947666,0.638313,1.204434,0.696367,-1.667684,1.09357,0.872603,1.295753,1.260262,-1.743137,1.08594,0.903991,1.482189,-0.755053,-1.717178,1.0539,-1.227801,1.265856,0.361356,-1.883152,0.942316,-1.403968,1.560418,-0.662473,-0.923799,0.443007,-1.910405,1.488531,-1.929411,-0.134473,-2.105514,0.852664,1.302405,-1.138526,1.677015,1.309865,1.250379,1.180407,-2.019839,1.602943,0.917688,0.937119,0.758224,0.865387,-1.740229,0.6612,1.061871,0.93209,1.045643,-1.65448,0.521222,0.715093,0.958208,0.653562,-1.527879,0.931884,-1.255854,1.433184,0.736695,0.154263,1.030717,-1.21397,1.124497,-1.723858,-1.365436,1.028716,2.062802,1.287637,-1.88791,-0.099817,0.342744,1.336028,1.267607,-1.922833,-0.286512,-2.458877,0.76667,1.301539,-0.598784,1.295413,0.944323,1.033638,0.822077,-1.843568,-1.591496,0.878226,0.849036,0.542327,1.364632,1.333886,1.07864,1.121835,0.66208,-1.790221,-2.256266,0.550003,-0.503565,0.332633,0.99397,1.680478,-2.017863,1.647682,-0.805966,-1.377857,1.197087,0.935841,2.184248,1.227863,1.221828,-1.240152,0.991131,1.45819,1.281496,2.34527,-0.802355,1.147004,1.191722,1.209561,-1.400259,1.068791,-2.054379,0.966606,1.153986,2.354381,1.570009,1.004701,0.908152,1.003349,-0.157684,-1.405834,0.764092,0.825116,0.640162,-1.560135,2.205923,0.590724,0.866448,0.379687,-2.026935,0.525983,0.749352,1.52017,-2.057066,-0.81365,1.107507,-1.860638,1.127911,0.451149,-0.606003,0.906483,0.82013,1.872619,1.438301,-1.097471,1.784294,0.851153,1.348353,1.231657,0.54357,-0.532639,0.935049,1.419533,1.30114,-0.977663,1.558102,1.388519,0.956486,1.072245,-1.277895,2.057488,-1.563186,0.963595,1.000722,-1.211603,-0.736076,-0.962907,0.674939,0.705133,1.57832,-1.923441,0.81134,0.585057,0.467461,-1.485352,1.183996,0.871703,1.778389,1.336227,1.283485,1.075455,1.195919,0.490121,0.510151,0.804531,1.541189,0.755417,1.026727,1.482487,2.046244,0.803155,0.674812,-2.165838,1.140741,-0.936093,1.458285,-2.804826,0.700886,1.14544,-1.162802,1.729601,-1.3622,0.753863,1.038379,-0.317856,1.60821,-1.696465,0.310269,0.656868,-0.293726
66.0,77.0,65.0,0.0,1.0,16024.0,16090.0,-0.24853,-1.914973,1.001682,0.114723,0.186072,0.331305,-1.94272,1.051365,-0.510033,-1.229764,0.481622,-1.879346,0.73987,-2.083863,1.29808,0.635837,-1.772743,0.98416,-0.867284,0.950086,-0.256483,-1.877005,0.962214,-1.073586,-1.609101,0.145932,-0.470992,1.212054,1.192047,1.113644,-1.414185,-1.693232,0.968831,0.99535,1.144591,-1.798445,-1.701162,0.947666,0.638313,1.204434,0.696367,-1.667684,1.09357,0.872603,1.295753,1.260262,-1.743137,1.08594,0.903991,1.482189,-0.755053,-1.717178,1.0539,-1.227801,1.265856,0.361356,-1.883152,0.942316,-1.403968,1.560418,-0.662473,-0.923799,0.443007,-1.910405,1.488531,-1.929411,-0.134473,-2.105514,0.852664,1.302405,-1.138526,1.677015,1.309865,1.250379,1.180407,-2.019839,1.602943,0.917688,0.937119,0.758224,0.865387,-1.740229,0.6612,1.061871,0.93209,1.045643,-1.65448,0.521222,0.715093,0.958208,0.653562,-1.527879,0.931884,-1.255854,1.433184,0.736695,0.154263,1.030717,-1.21397,1.124497,-1.723858,-1.365436,1.028716,2.062802,1.287637,-1.88791,-0.099817,0.342744,1.336028,1.267607,-1.922833,-0.286512,-2.458877,0.76667,1.301539,-0.598784,1.295413,0.944323,1.033638,0.822077,-1.843568,-1.591496,0.878226,0.849036,0.542327,1.364632,1.333886,1.07864,1.121835,0.66208,-1.790221,-2.256266,0.550003,-0.503565,0.332633,0.99397,1.680478,-2.017863,1.647682,-0.805966,-1.377857,1.197087,0.935841,2.184248,1.227863,1.221828,-1.240152,0.991131,1.45819,1.281496,2.34527,-0.802355,1.147004,1.191722,1.209561,-1.400259,1.068791,-2.054379,0.966606,1.153986,2.354381,1.570009,1.004701,0.908152,1.003349,-0.157684,-1.405834,0.764092,0.825116,0.640162,-1.560135,2.205923,0.590724,0.866448,0.379687,-2.026935,0.525983,0.749352,1.52017,-2.057066,-0.81365,1.107507,-1.860638,1.127911,0.451149,-0.606003,0.906483,0.82013,1.872619,1.438301,-1.097471,1.784294,0.851153,1.348353,1.231657,0.54357,-0.532639,0.935049,1.419533,1.30114,-0.977663,1.558102,1.388519,0.956486,1.072245,-1.277895,2.057488,-1.563186,0.963595,1.000722,-1.211603,-0.736076,-0.962907,0.674939,0.705133,1.57832,-1.923441,0.81134,0.585057,0.467461,-1.485352,1.183996,0.871703,1.778389,1.336227,1.283485,1.075455,1.195919,0.490121,0.510151,0.804531,1.541189,0.755417,1.026727,1.482487,2.046244,0.803155,0.674812,-2.165838,1.140741,-0.936093,1.458285,-2.804826,0.700886,1.14544,-1.162802,1.729601,-1.3622,0.753863,1.038379,-0.317856,1.60821,-1.696465,0.310269,0.656868,-0.293726
133.0,77.8,66.0,4.0,2.0,16090.0,16223.0,-0.24853,-1.914973,1.001682,0.114723,0.186072,0.331305,-1.94272,1.051365,-0.510033,-1.229764,0.481622,-1.879346,0.73987,-2.083863,1.29808,0.635837,-1.772743,0.98416,-0.867284,0.950086,-0.256483,-1.877005,0.962214,-1.073586,-1.609101,0.145932,-0.470992,1.212054,1.192047,1.113644,-1.414185,-1.693232,0.968831,0.99535,1.144591,-1.798445,-1.701162,0.947666,0.638313,1.204434,0.696367,-1.667684,1.09357,0.872603,1.295753,1.260262,-1.743137,1.08594,0.903991,1.482189,-0.755053,-1.717178,1.0539,-1.227801,1.265856,0.361356,-1.883152,0.942316,-1.403968,1.560418,-0.662473,-0.923799,0.443007,-1.910405,1.488531,-1.929411,-0.134473,-2.105514,0.852664,1.302405,-1.138526,1.677015,1.309865,1.250379,1.180407,-2.019839,1.602943,0.917688,0.937119,0.758224,0.865387,-1.740229,0.6612,1.061871,0.93209,1.045643,-1.65448,0.521222,0.715093,0.958208,0.653562,-1.527879,0.931884,-1.255854,1.433184,0.736695,0.154263,1.030717,-1.21397,1.124497,-1.723858,-1.365436,1.028716,2.062802,1.287637,-1.88791,-0.099817,0.342744,1.336028,1.267607,-1.922833,-0.286512,-2.458877,0.76667,1.301539,-0.598784,1.295413,0.944323,1.033638,0.822077,-1.843568,-1.591496,0.878226,0.849036,0.542327,1.364632,1.333886,1.07864,1.121835,0.66208,-1.790221,-2.256266,0.550003,-0.503565,0.332633,0.99397,1.680478,-2.017863,1.647682,-0.805966,-1.377857,1.197087,0.935841,2.184248,1.227863,1.221828,-1.240152,0.991131,1.45819,1.281496,2.34527,-0.802355,1.147004,1.191722,1.209561,-1.400259,1.068791,-2.054379,0.966606,1.153986,2.354381,1.570009,1.004701,0.908152,1.003349,-0.157684,-1.405834,0.764092,0.825116,0.640162,-1.560135,2.205923,0.590724,0.866448,0.379687,-2.026935,0.525983,0.749352,1.52017,-2.057066,-0.81365,1.107507,-1.860638,1.127911,0.451149,-0.606003,0.906483,0.82013,1.872619,1.438301,-1.097471,1.784294,0.851153,1.348353,1.231657,0.54357,-0.532639,0.935049,1.419533,1.30114,-0.977663,1.558102,1.388519,0.956486,1.072245,-1.277895,2.057488,-1.563186,0.963595,1.000722,-1.211603,-0.736076,-0.962907,0.674939,0.705133,1.57832,-1.923441,0.81134,0.585057,0.467461,-1.485352,1.183996,0.871703,1.778389,1.336227,1.283485,1.075455,1.195919,0.490121,0.510151,0.804531,1.541189,0.755417,1.026727,1.482487,2.046244,0.803155,0.674812,-2.165838,1.140741,-0.936093,1.458285,-2.804826,0.700886,1.14544,-1.162802,1.729601,-1.3622,0.753863,1.038379,-0.317856,1.60821,-1.696465,0.310269,0.656868,-0.293726
598.0,76.7,64.1,31.0,14.0,16223.0,16821.0,-0.24853,-1.914973,1.001682,0.114723,0.186072,0.331305,-1.94272,1.051365,-0.510033,-1.229764,0.481622,-1.879346,0.73987,-2.083863,1.29808,0.635837,-1.772743,0.98416,-0.867284,0.950086,-0.256483,-1.877005,0.962214,-1.073586,-1.609101,0.145932,-0.470992,1.212054,1.192047,1.113644,-1.414185,-1.693232,0.968831,0.99535,1.144591,-1.798445,-1.701162,0.947666,0.638313,1.204434,0.696367,-1.667684,1.09357,0.872603,1.295753,1.260262,-1.743137,1.08594,0.903991,1.482189,-0.755053,-1.717178,1.0539,-1.227801,1.265856,0.361356,-1.883152,0.942316,-1.403968,1.560418,-0.662473,-0.923799,0.443007,-1.910405,1.488531,-1.929411,-0.134473,-2.105514,0.852664,1.302405,-1.138526,1.677015,1.309865,1.250379,1.180407,-2.019839,1.602943,0.917688,0.937119,0.758224,0.865387,-1.740229,0.6612,1.061871,0.93209,1.045643,-1.65448,0.521222,0.715093,0.958208,0.653562,-1.527879,0.931884,-1.255854,1.433184,0.736695,0.154263,1.030717,-1.21397,1.124497,-1.723858,-1.365436,1.028716,2.062802,1.287637,-1.88791,-0.099817,0.342744,1.336028,1.267607,-1.922833,-0.286512,-2.458877,0.76667,1.301539,-0.598784,1.295413,0.944323,1.033638,0.822077,-1.843568,-1.591496,0.878226,0.849036,0.542327,1.364632,1.333886,1.07864,1.121835,0.66208,-1.790221,-2.256266,0.550003,-0.503565,0.332633,0.99397,1.680478,-2.017863,1.647682,-0.805966,-1.377857,1.197087,0.935841,2.184248,1.227863,1.221828,-1.240152,0.991131,1.45819,1.281496,2.34527,-0.802355,1.147004,1.191722,1.209561,-1.400259,1.068791,-2.054379,0.966606,1.153986,2.354381,1.570009,1.004701,0.908152,1.003349,-0.157684,-1.405834,0.764092,0.825116,0.640162,-1.560135,2.205923,0.590724,0.866448,0.379687,-2.026935,0.525983,0.749352,1.52017,-2.057066,-0.81365,1.107507,-1.860638,1.127911,0.451149,-0.606003,0.906483,0.82013,1.872619,1.438301,-1.097471,1.784294,0.851153,1.348353,1.231657,0.54357,-0.532639,0.935049,1.419533,1.30114,-0.977663,1.558102,1.388519,0.956486,1.072245,-1.277895,2.057488,-1.563186,0.963595,1.000722,-1.211603,-0.736076,-0.962907,0.674939,0.705133,1.57832,-1.923441,0.81134,0.585057,0.467461,-1.485352,1.183996,0.871703,1.778389,1.336227,1.283485,1.075455,1.195919,0.490121,0.510151,0.804531,1.541189,0.755417,1.026727,1.482487,2.046244,0.803155,0.674812,-2.165838,1.140741,-0.936093,1.458285,-2.804826,0.700886,1.14544,-1.162802,1.729601,-1.3622,0.753863,1.038379,-0.317856,1.60821,-1.696465,0.310269,0.656868,-0.293726
99.0,75.7,63.0,5.0,3.0,16821.0,16920.0,-0.24853,-1.914973,1.001682,0.114723,0.186072,0.331305,-1.94272,1.051365,-0.510033,-1.229764,0.481622,-1.879346,0.73987,-2.083863,1.29808,0.635837,-1.772743,0.98416,-0.867284,0.950086,-0.256483,-1.877005,0.962214,-1.073586,-1.609101,0.145932,-0.470992,1.212054,1.192047,1.113644,-1.414185,-1.693232,0.968831,0.99535,1.144591,-1.798445,-1.701162,0.947666,0.638313,1.204434,0.696367,-1.667684,1.09357,0.872603,1.295753,1.260262,-1.743137,1.08594,0.903991,1.482189,-0.755053,-1.717178,1.0539,-1.227801,1.265856,0.361356,-1.883152,0.942316,-1.403968,1.560418,-0.662473,-0.923799,0.443007,-1.910405,1.488531,-1.929411,-0.134473,-2.105514,0.852664,1.302405,-1.138526,1.677015,1.309865,1.250379,1.180407,-2.019839,1.602943,0.917688,0.937119,0.758224,0.865387,-1.740229,0.6612,1.061871,0.93209,1.045643,-1.65448,0.521222,0.715093,0.958208,0.653562,-1.527879,0.931884,-1.255854,1.433184,0.736695,0.154263,1.030717,-1.21397,1.124497,-1.723858,-1.365436,1.028716,2.062802,1.287637,-1.88791,-0.099817,0.342744,1.336028,1.267607,-1.922833,-0.286512,-2.458877,0.76667,1.301539,-0.598784,1.295413,0.944323,1.033638,0.822077,-1.843568,-1.591496,0.878226,0.849036,0.542327,1.364632,1.333886,1.07864,1.121835,0.66208,-1.790221,-2.256266,0.550003,-0.503565,0.332633,0.99397,1.680478,-2.017863,1.647682,-0.805966,-1.377857,1.197087,0.935841,2.184248,1.227863,1.221828,-1.240152,0.991131,1.45819,1.281496,2.34527,-0.802355,1.147004,1.191722,1.209561,-1.400259,1.068791,-2.054379,0.966606,1.153986,2.354381,1.570009,1.004701,0.908152,1.003349,-0.157684,-1.405834,0.764092,0.825116,0.640162,-1.560135,2.205923,0.590724,0.866448,0.379687,-2.026935,0.525983,0.749352,1.52017,-2.057066,-0.81365,1.107507,-1.860638,1.127911,0.451149,-0.606003,0.906483,0.82013,1.872619,1.438301,-1.097471,1.784294,0.851153,1.348353,1.231657,0.54357,-0.532639,0.935049,1.419533,1.30114,-0.977663,1.558102,1.388519,0.956486,1.072245,-1.277895,2.057488,-1.563186,0.963595,1.000722,-1.211603,-0.736076,-0.962907,0.674939,0.705133,1.57832,-1.923441,0.81134,0.585057,0.467461,-1.485352,1.183996,0.871703,1.778389,1.336227,1.283485,1.075455,1.195919,0.490121,0.510151,0.804531,1.541189,0.755417,1.026727,1.482487,2.046244,0.803155,0.674812,-2.165838,1.140741,-0.936093,1.458285,-2.804826,0.700886,1.14544,-1.162802,1.729601,-1.3622,0.753863,1.038379,-0.317856,1.60821,-1.696465,0.310269,0.656868,-0.293726
499.0,75.7,63.2,29.0,10.0,16920.0,17419.0,-0.24853,-1.914973,1.001682,0.114723,0.186072,0.331305,-1.94272,1.051365,-0.510033,-1.229764,0.481622,-1.879346,0.73987,-2.083863,1.29808,0.635837,-1.772743,0.98416,-0.867284,0.950086,-0.256483,-1.877005,0.962214,-1.073586,-1.609101,0.145932,-0.470992,1.212054,1.192047,1.113644,-1.414185,-1.693232,0.968831,0.99535,1.144591,-1.798445,-1.701162,0.947666,0.638313,1.204434,0.696367,-1.667684,1.09357,0.872603,1.295753,1.260262,-1.743137,1.08594,0.903991,1.482189,-0.755053,-1.717178,1.0539,-1.227801,1.265856,0.361356,-1.883152,0.942316,-1.403968,1.560418,-0.662473,-0.923799,0.443007,-1.910405,1.488531,-1.929411,-0.134473,-2.105514,0.852664,1.302405,-1.138526,1.677015,1.309865,1.250379,1.180407,-2.019839,1.602943,0.917688,0.937119,0.758224,0.865387,-1.740229,0.6612,1.061871,0.93209,1.045643,-1.65448,0.521222,0.715093,0.958208,0.653562,-1.527879,0.931884,-1.255854,1.433184,0.736695,0.154263,1.030717,-1.21397,1.124497,-1.723858,-1.365436,1.028716,2.062802,1.287637,-1.88791,-0.099817,0.342744,1.336028,1.267607,-1.922833,-0.286512,-2.458877,0.76667,1.301539,-0.598784,1.295413,0.944323,1.033638,0.822077,-1.843568,-1.591496,0.878226,0.849036,0.542327,1.364632,1.333886,1.07864,1.121835,0.66208,-1.790221,-2.256266,0.550003,-0.503565,0.332633,0.99397,1.680478,-2.017863,1.647682,-0.805966,-1.377857,1.197087,0.935841,2.184248,1.227863,1.221828,-1.240152,0.991131,1.45819,1.281496,2.34527,-0.802355,1.147004,1.191722,1.209561,-1.400259,1.068791,-2.054379,0.966606,1.153986,2.354381,1.570009,1.004701,0.908152,1.003349,-0.157684,-1.405834,0.764092,0.825116,0.640162,-1.560135,2.205923,0.590724,0.866448,0.379687,-2.026935,0.525983,0.749352,1.52017,-2.057066,-0.81365,1.107507,-1.860638,1.127911,0.451149,-0.606003,0.906483,0.82013,1.872619,1.438301,-1.097471,1.784294,0.851153,1.348353,1.231657,0.54357,-0.532639,0.935049,1.419533,1.30114,-0.977663,1.558102,1.388519,0.956486,1.072245,-1.277895,2.057488,-1.563186,0.963595,1.000722,-1.211603,-0.736076,-0.962907,0.674939,0.705133,1.57832,-1.923441,0.81134,0.585057,0.467461,-1.485352,1.183996,0.871703,1.778389,1.336227,1.283485,1.075455,1.195919,0.490121,0.510151,0.804531,1.541189,0.755417,1.026727,1.482487,2.046244,0.803155,0.674812,-2.165838,1.140741,-0.936093,1.458285,-2.804826,0.700886,1.14544,-1.162802,1.729601,-1.3622,0.753863,1.038379,-0.317856,1.60821,-1.696465,0.310269,0.656868,-0.293726
165.0,75.6,63.8,10.0,3.0,17419.0,17584.0,-0.24853,-1.914973,1.001682,0.114723,0.186072,0.331305,-1.94272,1.051365,-0.510033,-1.229764,0.481622,-1.879346,0.73987,-2.083863,1.29808,0.635837,-1.772743,0.98416,-0.867284,0.950086,-0.256483,-1.877005,0.962214,-1.073586,-1.609101,0.145932,-0.470992,1.212054,1.192047,1.113644,-1.414185,-1.693232,0.968831,0.99535,1.144591,-1.798445,-1.701162,0.947666,0.638313,1.204434,0.696367,-1.667684,1.09357,0.872603,1.295753,1.260262,-1.743137,1.08594,0.903991,1.482189,-0.755053,-1.717178,1.0539,-1.227801,1.265856,0.361356,-1.883152,0.942316,-1.403968,1.560418,-0.662473,-0.923799,0.443007,-1.910405,1.488531,-1.929411,-0.134473,-2.105514,0.852664,1.302405,-1.138526,1.677015,1.309865,1.250379,1.180407,-2.019839,1.602943,0.917688,0.937119,0.758224,0.865387,-1.740229,0.6612,1.061871,0.93209,1.045643,-1.65448,0.521222,0.715093,0.958208,0.653562,-1.527879,0.931884,-1.255854,1.433184,0.736695,0.154263,1.030717,-1.21397,1.124497,-1.723858,-1.365436,1.028716,2.062802,1.287637,-1.88791,-0.099817,0.342744,1.336028,1.267607,-1.922833,-0.286512,-2.458877,0.76667,1.301539,-0.598784,1.295413,0.944323,1.033638,0.822077,-1.843568,-1.591496,0.878226,0.849036,0.542327,1.364632,1.333886,1.07864,1.121835,0.66208,-1.790221,-2.256266,0.550003,-0.503565,0.332633,0.99397,1.680478,-2.017863,1.647682,-0.805966,-1.377857,1.197087,0.935841,2.184248,1.227863,1.221828,-1.240152,0.991131,1.45819,1.281496,2.34527,-0.802355,1.147004,1.191722,1.209561,-1.400259,1.068791,-2.054379,0.966606,1.153986,2.354381,1.570009,1.004701,0.908152,1.003349,-0.157684,-1.405834,0.764092,0.825116,0.640162,-1.560135,2.205923,0.590724,0.866448,0.379687,-2.026935,0.525983,0.749352,1.52017,-2.057066,-0.81365,1.107507,-1.860638,1.127911,0.451149,-0.606003,0.906483,0.82013,1.872619,1.438301,-1.097471,1.784294,0.851153,1.348353,1.231657,0.54357,-0.532639,0.935049,1.419533,1.30114,-0.977663,1.558102,1.388519,0.956486,1.072245,-1.277895,2.057488,-1.563186,0.963595,1.000722,-1.211603,-0.736076,-0.962907,0.674939,0.705133,1.57832,-1.923441,0.81134,0.585057,0.467461,-1.485352,1.183996,0.871703,1.778389,1.336227,1.283485,1.075455,1.195919,0.490121,0.510151,0.804531,1.541189,0.755417,1.026727,1.482487,2.046244,0.803155,0.674812,-2.165838,1.140741,-0.936093,1.458285,-2.804826,0.700886,1.14544,-1.162802,1.729601,-1.3622,0.753863,1.038379,-0.317856,1.60821,-1.696465,0.310269,0.656868,-0.293726
66.0,72.0,60.0,0.0,2.0,17584.0,17650.0,-0.825903,0.428187,-1.156392,-0.68051,-0.717355,-0.931143,0.199748,-1.213771,-1.053621,0.457786,-1.057834,-0.161079,-1.183111,0.523218,-1.023422,-0.867733,0.73786,-1.00778,0.565235,-0.437243,-0.740699,0.714494,-1.054377,0.340903,0.659155,-0.499345,0.403763,-0.97543,-0.945257,-0.921672,0.130249,0.707218,-1.004144,-0.859131,-0.885023,0.351499,0.909964,-1.009442,-0.971825,-0.783192,-0.856687,0.945469,-1.004066,-1.459481,-0.792884,-0.822474,0.923607,-0.988817,-1.527212,-0.833952,-0.594613,0.994664,-1.011873,0.62011,-0.727217,-0.779597,0.396206,-1.016273,0.773637,-0.886937,-0.667415,-0.682472,-1.085129,1.21483,-0.791432,0.352673,-0.868438,-1.074768,-0.718821,-0.812304,1.072415,-0.941596,-0.972203,-0.861135,-0.866773,0.94795,-1.032864,-0.994677,-0.72895,-0.756311,-0.595935,0.819123,-0.991724,-0.752403,-0.745128,-0.637833,1.00591,-1.027903,-0.438794,-0.685266,-0.627361,0.677968,-0.976296,0.81168,-0.884954,-0.945852,-0.713574,-0.998194,1.027957,-0.792512,0.600408,0.459637,-1.009903,-0.172112,-0.810109,0.225635,-0.766729,-1.014646,-0.740319,-0.798218,0.356973,-0.815858,-0.713123,-0.686647,-0.811168,0.028728,-0.955429,-0.920438,-0.763529,-0.675935,0.988941,0.369151,-1.042909,-0.692766,-0.614891,-0.941292,-0.886203,-0.97416,-0.789541,-0.657175,0.834267,0.644784,-0.991594,-0.347163,-0.615395,-1.507813,-0.981066,0.655584,-0.999542,0.83288,0.641485,-0.834459,-0.919293,-0.644883,-0.817708,-1.099371,-0.017126,-0.793587,-0.777595,-0.779239,-1.160001,-0.336573,-0.831203,-0.700005,-0.748791,0.296266,-0.971226,0.429081,-0.619521,-0.727019,-0.588897,-0.996956,-0.96921,-0.798211,-0.713495,0.904603,0.643303,-1.173967,-0.910638,-0.748985,1.250485,-0.992297,-1.125168,-1.049854,-0.647999,0.716846,-1.155098,-1.004129,-0.904099,0.594078,0.495178,-0.590103,1.054553,0.309638,-0.501814,1.188869,-0.796298,-0.840142,-0.936187,-0.765822,0.981384,-0.13565,-0.770809,-0.903538,-0.785238,-0.188934,-0.490468,-0.837733,-0.954167,-0.753492,0.713503,-1.001465,-0.919084,-0.637361,-0.683352,0.95179,-0.240053,-1.027054,-0.876438,-0.830932,1.005061,0.812693,-1.797527,-0.813845,-0.757033,-0.60832,0.781035,-1.190791,-1.23801,-0.736295,0.290683,-1.071187,-1.264456,-1.180179,-0.827207,-0.986364,-0.864732,-1.045118,-0.127383,-0.348863,-0.836941,-0.921373,-1.037425,-0.91594,-0.894386,0.276353,-1.044487,-0.736484,0.971258,-0.652328,0.745864,-0.92526,0.518373,-0.620286,-0.701554,0.414319,-1.023472,-0.329159,-0.583787,-0.665012,0.921198,-0.958843,-0.445474,-0.892352,-0.808385,0.925393
299.0,72.2,61.6,3.0,3.0,3024.0,3323.0,-0.24853,-1.914973,1.001682,0.114723,0.186072,0.331305,-1.94272,1.051365,-0.510033,-1.229764,0.481622,-1.879346,0.73987,-2.083863,1.29808,0.635837,-1.772743,0.98416,-0.867284,0.950086,-0.256483,-1.877005,0.962214,-1.073586,-1.609101,0.145932,-0.470992,1.212054,1.192047,1.113644,-1.414185,-1.693232,0.968831,0.99535,1.144591,-1.798445,-1.701162,0.947666,0.638313,1.204434,0.696367,-1.667684,1.09357,0.872603,1.295753,1.260262,-1.743137,1.08594,0.903991,1.482189,-0.755053,-1.717178,1.0539,-1.227801,1.265856,0.361356,-1.883152,0.942316,-1.403968,1.560418,-0.662473,-0.923799,0.443007,-1.910405,1.488531,-1.929411,-0.134473,-2.105514,0.852664,1.302405,-1.138526,1.677015,1.309865,1.250379,1.180407,-2.019839,1.602943,0.917688,0.937119,0.758224,0.865387,-1.740229,0.6612,1.061871,0.93209,1.045643,-1.65448,0.521222,0.715093,0.958208,0.653562,-1.527879,0.931884,-1.255854,1.433184,0.736695,0.154263,1.030717,-1.21397,1.124497,-1.723858,-1.365436,1.028716,2.062802,1.287637,-1.88791,-0.099817,0.342744,1.336028,1.267607,-1.922833,-0.286512,-2.458877,0.76667,1.301539,-0.598784,1.295413,0.944323,1.033638,0.822077,-1.843568,-1.591496,0.878226,0.849036,0.542327,1.364632,1.333886,1.07864,1.121835,0.66208,-1.790221,-2.256266,0.550003,-0.503565,0.332633,0.99397,1.680478,-2.017863,1.647682,-0.805966,-1.377857,1.197087,0.935841,2.184248,1.227863,1.221828,-1.240152,0.991131,1.45819,1.281496,2.34527,-0.802355,1.147004,1.191722,1.209561,-1.400259,1.068791,-2.054379,0.966606,1.153986,2.354381,1.570009,1.004701,0.908152,1.003349,-0.157684,-1.405834,0.764092,0.825116,0.640162,-1.560135,2.205923,0.590724,0.866448,0.379687,-2.026935,0.525983,0.749352,1.52017,-2.057066,-0.81365,1.107507,-1.860638,1.127911,0.451149,-0.606003,0.906483,0.82013,1.872619,1.438301,-1.097471,1.784294,0.851153,1.348353,1.231657,0.54357,-0.532639,0.935049,1.419533,1.30114,-0.977663,1.558102,1.388519,0.956486,1.072245,-1.277895,2.057488,-1.563186,0.963595,1.000722,-1.211603,-0.736076,-0.962907,0.674939,0.705133,1.57832,-1.923441,0.81134,0.585057,0.467461,-1.485352,1.183996,0.871703,1.778389,1.336227,1.283485,1.075455,1.195919,0.490121,0.510151,0.804531,1.541189,0.755417,1.026727,1.482487,2.046244,0.803155,0.674812,-2.165838,1.140741,-0.936093,1.458285,-2.804826,0.700886,1.14544,-1.162802,1.729601,-1.3622,0.753863,1.038379,-0.317856,1.60821,-1.696465,0.310269,0.656868,-0.293726
1297.0,72.8,60.1,84.0,15.0,17650.0,18947.0,-0.24853,-1.914973,1.001682,0.114723,0.186072,0.331305,-1.94272,1.051365,-0.510033,-1.229764,0.481622,-1.879346,0.73987,-2.083863,1.29808,0.635837,-1.772743,0.98416,-0.867284,0.950086,-0.256483,-1.877005,0.962214,-1.073586,-1.609101,0.145932,-0.470992,1.212054,1.192047,1.113644,-1.414185,-1.693232,0.968831,0.99535,1.144591,-1.798445,-1.701162,0.947666,0.638313,1.204434,0.696367,-1.667684,1.09357,0.872603,1.295753,1.260262,-1.743137,1.08594,0.903991,1.482189,-0.755053,-1.717178,1.0539,-1.227801,1.265856,0.361356,-1.883152,0.942316,-1.403968,1.560418,-0.662473,-0.923799,0.443007,-1.910405,1.488531,-1.929411,-0.134473,-2.105514,0.852664,1.302405,-1.138526,1.677015,1.309865,1.250379,1.180407,-2.019839,1.602943,0.917688,0.937119,0.758224,0.865387,-1.740229,0.6612,1.061871,0.93209,1.045643,-1.65448,0.521222,0.715093,0.958208,0.653562,-1.527879,0.931884,-1.255854,1.433184,0.736695,0.154263,1.030717,-1.21397,1.124497,-1.723858,-1.365436,1.028716,2.062802,1.287637,-1.88791,-0.099817,0.342744,1.336028,1.267607,-1.922833,-0.286512,-2.458877,0.76667,1.301539,-0.598784,1.295413,0.944323,1.033638,0.822077,-1.843568,-1.591496,0.878226,0.849036,0.542327,1.364632,1.333886,1.07864,1.121835,0.66208,-1.790221,-2.256266,0.550003,-0.503565,0.332633,0.99397,1.680478,-2.017863,1.647682,-0.805966,-1.377857,1.197087,0.935841,2.184248,1.227863,1.221828,-1.240152,0.991131,1.45819,1.281496,2.34527,-0.802355,1.147004,1.191722,1.209561,-1.400259,1.068791,-2.054379,0.966606,1.153986,2.354381,1.570009,1.004701,0.908152,1.003349,-0.157684,-1.405834,0.764092,0.825116,0.640162,-1.560135,2.205923,0.590724,0.866448,0.379687,-2.026935,0.525983,0.749352,1.52017,-2.057066,-0.81365,1.107507,-1.860638,1.127911,0.451149,-0.606003,0.906483,0.82013,1.872619,1.438301,-1.097471,1.784294,0.851153,1.348353,1.231657,0.54357,-0.532639,0.935049,1.419533,1.30114,-0.977663,1.558102,1.388519,0.956486,1.072245,-1.277895,2.057488,-1.563186,0.963595,1.000722,-1.211603,-0.736076,-0.962907,0.674939,0.705133,1.57832,-1.923441,0.81134,0.585057,0.467461,-1.485352,1.183996,0.871703,1.778389,1.336227,1.283485,1.075455,1.195919,0.490121,0.510151,0.804531,1.541189,0.755417,1.026727,1.482487,2.046244,0.803155,0.674812,-2.165838,1.140741,-0.936093,1.458285,-2.804826,0.700886,1.14544,-1.162802,1.729601,-1.3622,0.753863,1.038379,-0.317856,1.60821,-1.696465,0.310269,0.656868,-0.293726
599.0,76.2,64.5,29.0,12.0,18947.0,19546.0,-0.24853,-1.914973,1.001682,0.114723,0.186072,0.331305,-1.94272,1.051365,-0.510033,-1.229764,0.481622,-1.879346,0.73987,-2.083863,1.29808,0.635837,-1.772743,0.98416,-0.867284,0.950086,-0.256483,-1.877005,0.962214,-1.073586,-1.609101,0.145932,-0.470992,1.212054,1.192047,1.113644,-1.414185,-1.693232,0.968831,0.99535,1.144591,-1.798445,-1.701162,0.947666,0.638313,1.204434,0.696367,-1.667684,1.09357,0.872603,1.295753,1.260262,-1.743137,1.08594,0.903991,1.482189,-0.755053,-1.717178,1.0539,-1.227801,1.265856,0.361356,-1.883152,0.942316,-1.403968,1.560418,-0.662473,-0.923799,0.443007,-1.910405,1.488531,-1.929411,-0.134473,-2.105514,0.852664,1.302405,-1.138526,1.677015,1.309865,1.250379,1.180407,-2.019839,1.602943,0.917688,0.937119,0.758224,0.865387,-1.740229,0.6612,1.061871,0.93209,1.045643,-1.65448,0.521222,0.715093,0.958208,0.653562,-1.527879,0.931884,-1.255854,1.433184,0.736695,0.154263,1.030717,-1.21397,1.124497,-1.723858,-1.365436,1.028716,2.062802,1.287637,-1.88791,-0.099817,0.342744,1.336028,1.267607,-1.922833,-0.286512,-2.458877,0.76667,1.301539,-0.598784,1.295413,0.944323,1.033638,0.822077,-1.843568,-1.591496,0.878226,0.849036,0.542327,1.364632,1.333886,1.07864,1.121835,0.66208,-1.790221,-2.256266,0.550003,-0.503565,0.332633,0.99397,1.680478,-2.017863,1.647682,-0.805966,-1.377857,1.197087,0.935841,2.184248,1.227863,1.221828,-1.240152,0.991131,1.45819,1.281496,2.34527,-0.802355,1.147004,1.191722,1.209561,-1.400259,1.068791,-2.054379,0.966606,1.153986,2.354381,1.570009,1.004701,0.908152,1.003349,-0.157684,-1.405834,0.764092,0.825116,0.640162,-1.560135,2.205923,0.590724,0.866448,0.379687,-2.026935,0.525983,0.749352,1.52017,-2.057066,-0.81365,1.107507,-1.860638,1.127911,0.451149,-0.606003,0.906483,0.82013,1.872619,1.438301,-1.097471,1.784294,0.851153,1.348353,1.231657,0.54357,-0.532639,0.935049,1.419533,1.30114,-0.977663,1.558102,1.388519,0.956486,1.072245,-1.277895,2.057488,-1.563186,0.963595,1.000722,-1.211603,-0.736076,-0.962907,0.674939,0.705133,1.57832,-1.923441,0.81134,0.585057,0.467461,-1.485352,1.183996,0.871703,1.778389,1.336227,1.283485,1.075455,1.195919,0.490121,0.510151,0.804531,1.541189,0.755417,1.026727,1.482487,2.046244,0.803155,0.674812,-2.165838,1.140741,-0.936093,1.458285,-2.804826,0.700886,1.14544,-1.162802,1.729601,-1.3622,0.753863,1.038379,-0.317856,1.60821,-1.696465,0.310269,0.656868,-0.293726
332.0,76.1,64.0,7.0,6.0,19546.0,19878.0,-0.24853,-1.914973,1.001682,0.114723,0.186072,0.331305,-1.94272,1.051365,-0.510033,-1.229764,0.481622,-1.879346,0.73987,-2.083863,1.29808,0.635837,-1.772743,0.98416,-0.867284,0.950086,-0.256483,-1.877005,0.962214,-1.073586,-1.609101,0.145932,-0.470992,1.212054,1.192047,1.113644,-1.414185,-1.693232,0.968831,0.99535,1.144591,-1.798445,-1.701162,0.947666,0.638313,1.204434,0.696367,-1.667684,1.09357,0.872603,1.295753,1.260262,-1.743137,1.08594,0.903991,1.482189,-0.755053,-1.717178,1.0539,-1.227801,1.265856,0.361356,-1.883152,0.942316,-1.403968,1.560418,-0.662473,-0.923799,0.443007,-1.910405,1.488531,-1.929411,-0.134473,-2.105514,0.852664,1.302405,-1.138526,1.677015,1.309865,1.250379,1.180407,-2.019839,1.602943,0.917688,0.937119,0.758224,0.865387,-1.740229,0.6612,1.061871,0.93209,1.045643,-1.65448,0.521222,0.715093,0.958208,0.653562,-1.527879,0.931884,-1.255854,1.433184,0.736695,0.154263,1.030717,-1.21397,1.124497,-1.723858,-1.365436,1.028716,2.062802,1.287637,-1.88791,-0.099817,0.342744,1.336028,1.267607,-1.922833,-0.286512,-2.458877,0.76667,1.301539,-0.598784,1.295413,0.944323,1.033638,0.822077,-1.843568,-1.591496,0.878226,0.849036,0.542327,1.364632,1.333886,1.07864,1.121835,0.66208,-1.790221,-2.256266,0.550003,-0.503565,0.332633,0.99397,1.680478,-2.017863,1.647682,-0.805966,-1.377857,1.197087,0.935841,2.184248,1.227863,1.221828,-1.240152,0.991131,1.45819,1.281496,2.34527,-0.802355,1.147004,1.191722,1.209561,-1.400259,1.068791,-2.054379,0.966606,1.153986,2.354381,1.570009,1.004701,0.908152,1.003349,-0.157684,-1.405834,0.764092,0.825116,0.640162,-1.560135,2.205923,0.590724,0.866448,0.379687,-2.026935,0.525983,0.749352,1.52017,-2.057066,-0.81365,1.107507,-1.860638,1.127911,0.451149,-0.606003,0.906483,0.82013,1.872619,1.438301,-1.097471,1.784294,0.851153,1.348353,1.231657,0.54357,-0.532639,0.935049,1.419533,1.30114,-0.977663,1.558102,1.388519,0.956486,1.072245,-1.277895,2.057488,-1.563186,0.963595,1.000722,-1.211603,-0.736076,-0.962907,0.674939,0.705133,1.57832,-1.923441,0.81134,0.585057,0.467461,-1.485352,1.183996,0.871703,1.778389,1.336227,1.283485,1.075455,1.195919,0.490121,0.510151,0.804531,1.541189,0.755417,1.026727,1.482487,2.046244,0.803155,0.674812,-2.165838,1.140741,-0.936093,1.458285,-2.804826,0.700886,1.14544,-1.162802,1.729601,-1.3622,0.753863,1.038379,-0.317856,1.60821,-1.696465,0.310269,0.656868,-0.293726
998.0,78.4,66.1,8.0,12.0,19878.0,20876.0,-0.24853,-1.914973,1.001682,0.114723,0.186072,0.331305,-1.94272,1.051365,-0.510033,-1.229764,0.481622,-1.879346,0.73987,-2.083863,1.29808,0.635837,-1.772743,0.98416,-0.867284,0.950086,-0.256483,-1.877005,0.962214,-1.073586,-1.609101,0.145932,-0.470992,1.212054,1.192047,1.113644,-1.414185,-1.693232,0.968831,0.99535,1.144591,-1.798445,-1.701162,0.947666,0.638313,1.204434,0.696367,-1.667684,1.09357,0.872603,1.295753,1.260262,-1.743137,1.08594,0.903991,1.482189,-0.755053,-1.717178,1.0539,-1.227801,1.265856,0.361356,-1.883152,0.942316,-1.403968,1.560418,-0.662473,-0.923799,0.443007,-1.910405,1.488531,-1.929411,-0.134473,-2.105514,0.852664,1.302405,-1.138526,1.677015,1.309865,1.250379,1.180407,-2.019839,1.602943,0.917688,0.937119,0.758224,0.865387,-1.740229,0.6612,1.061871,0.93209,1.045643,-1.65448,0.521222,0.715093,0.958208,0.653562,-1.527879,0.931884,-1.255854,1.433184,0.736695,0.154263,1.030717,-1.21397,1.124497,-1.723858,-1.365436,1.028716,2.062802,1.287637,-1.88791,-0.099817,0.342744,1.336028,1.267607,-1.922833,-0.286512,-2.458877,0.76667,1.301539,-0.598784,1.295413,0.944323,1.033638,0.822077,-1.843568,-1.591496,0.878226,0.849036,0.542327,1.364632,1.333886,1.07864,1.121835,0.66208,-1.790221,-2.256266,0.550003,-0.503565,0.332633,0.99397,1.680478,-2.017863,1.647682,-0.805966,-1.377857,1.197087,0.935841,2.184248,1.227863,1.221828,-1.240152,0.991131,1.45819,1.281496,2.34527,-0.802355,1.147004,1.191722,1.209561,-1.400259,1.068791,-2.054379,0.966606,1.153986,2.354381,1.570009,1.004701,0.908152,1.003349,-0.157684,-1.405834,0.764092,0.825116,0.640162,-1.560135,2.205923,0.590724,0.866448,0.379687,-2.026935,0.525983,0.749352,1.52017,-2.057066,-0.81365,1.107507,-1.860638,1.127911,0.451149,-0.606003,0.906483,0.82013,1.872619,1.438301,-1.097471,1.784294,0.851153,1.348353,1.231657,0.54357,-0.532639,0.935049,1.419533,1.30114,-0.977663,1.558102,1.388519,0.956486,1.072245,-1.277895,2.057488,-1.563186,0.963595,1.000722,-1.211603,-0.736076,-0.962907,0.674939,0.705133,1.57832,-1.923441,0.81134,0.585057,0.467461,-1.485352,1.183996,0.871703,1.778389,1.336227,1.283485,1.075455,1.195919,0.490121,0.510151,0.804531,1.541189,0.755417,1.026727,1.482487,2.046244,0.803155,0.674812,-2.165838,1.140741,-0.936093,1.458285,-2.804826,0.700886,1.14544,-1.162802,1.729601,-1.3622,0.753863,1.038379,-0.317856,1.60821,-1.696465,0.310269,0.656868,-0.293726
66.0,79.5,66.0,1.0,1.0,20876.0,20942.0,-0.24853,-1.914973,1.001682,0.114723,0.186072,0.331305,-1.94272,1.051365,-0.510033,-1.229764,0.481622,-1.879346,0.73987,-2.083863,1.29808,0.635837,-1.772743,0.98416,-0.867284,0.950086,-0.256483,-1.877005,0.962214,-1.073586,-1.609101,0.145932,-0.470992,1.212054,1.192047,1.113644,-1.414185,-1.693232,0.968831,0.99535,1.144591,-1.798445,-1.701162,0.947666,0.638313,1.204434,0.696367,-1.667684,1.09357,0.872603,1.295753,1.260262,-1.743137,1.08594,0.903991,1.482189,-0.755053,-1.717178,1.0539,-1.227801,1.265856,0.361356,-1.883152,0.942316,-1.403968,1.560418,-0.662473,-0.923799,0.443007,-1.910405,1.488531,-1.929411,-0.134473,-2.105514,0.852664,1.302405,-1.138526,1.677015,1.309865,1.250379,1.180407,-2.019839,1.602943,0.917688,0.937119,0.758224,0.865387,-1.740229,0.6612,1.061871,0.93209,1.045643,-1.65448,0.521222,0.715093,0.958208,0.653562,-1.527879,0.931884,-1.255854,1.433184,0.736695,0.154263,1.030717,-1.21397,1.124497,-1.723858,-1.365436,1.028716,2.062802,1.287637,-1.88791,-0.099817,0.342744,1.336028,1.267607,-1.922833,-0.286512,-2.458877,0.76667,1.301539,-0.598784,1.295413,0.944323,1.033638,0.822077,-1.843568,-1.591496,0.878226,0.849036,0.542327,1.364632,1.333886,1.07864,1.121835,0.66208,-1.790221,-2.256266,0.550003,-0.503565,0.332633,0.99397,1.680478,-2.017863,1.647682,-0.805966,-1.377857,1.197087,0.935841,2.184248,1.227863,1.221828,-1.240152,0.991131,1.45819,1.281496,2.34527,-0.802355,1.147004,1.191722,1.209561,-1.400259,1.068791,-2.054379,0.966606,1.153986,2.354381,1.570009,1.004701,0.908152,1.003349,-0.157684,-1.405834,0.764092,0.825116,0.640162,-1.560135,2.205923,0.590724,0.866448,0.379687,-2.026935,0.525983,0.749352,1.52017,-2.057066,-0.81365,1.107507,-1.860638,1.127911,0.451149,-0.606003,0.906483,0.82013,1.872619,1.438301,-1.097471,1.784294,0.851153,1.348353,1.231657,0.54357,-0.532639,0.935049,1.419533,1.30114,-0.977663,1.558102,1.388519,0.956486,1.072245,-1.277895,2.057488,-1.563186,0.963595,1.000722,-1.211603,-0.736076,-0.962907,0.674939,0.705133,1.57832,-1.923441,0.81134,0.585057,0.467461,-1.485352,1.183996,0.871703,1.778389,1.336227,1.283485,1.075455,1.195919,0.490121,0.510151,0.804531,1.541189,0.755417,1.026727,1.482487,2.046244,0.803155,0.674812,-2.165838,1.140741,-0.936093,1.458285,-2.804826,0.700886,1.14544,-1.162802,1.729601,-1.3622,0.753863,1.038379,-0.317856,1.60821,-1.696465,0.310269,0.656868,-0.293726
365.0,79.3,63.7,14.0,21.0,20942.0,21307.0,-0.24853,-1.914973,1.001682,0.114723,0.186072,0.331305,-1.94272,1.051365,-0.510033,-1.229764,0.481622,-1.879346,0.73987,-2.083863,1.29808,0.635837,-1.772743,0.98416,-0.867284,0.950086,-0.256483,-1.877005,0.962214,-1.073586,-1.609101,0.145932,-0.470992,1.212054,1.192047,1.113644,-1.414185,-1.693232,0.968831,0.99535,1.144591,-1.798445,-1.701162,0.947666,0.638313,1.204434,0.696367,-1.667684,1.09357,0.872603,1.295753,1.260262,-1.743137,1.08594,0.903991,1.482189,-0.755053,-1.717178,1.0539,-1.227801,1.265856,0.361356,-1.883152,0.942316,-1.403968,1.560418,-0.662473,-0.923799,0.443007,-1.910405,1.488531,-1.929411,-0.134473,-2.105514,0.852664,1.302405,-1.138526,1.677015,1.309865,1.250379,1.180407,-2.019839,1.602943,0.917688,0.937119,0.758224,0.865387,-1.740229,0.6612,1.061871,0.93209,1.045643,-1.65448,0.521222,0.715093,0.958208,0.653562,-1.527879,0.931884,-1.255854,1.433184,0.736695,0.154263,1.030717,-1.21397,1.124497,-1.723858,-1.365436,1.028716,2.062802,1.287637,-1.88791,-0.099817,0.342744,1.336028,1.267607,-1.922833,-0.286512,-2.458877,0.76667,1.301539,-0.598784,1.295413,0.944323,1.033638,0.822077,-1.843568,-1.591496,0.878226,0.849036,0.542327,1.364632,1.333886,1.07864,1.121835,0.66208,-1.790221,-2.256266,0.550003,-0.503565,0.332633,0.99397,1.680478,-2.017863,1.647682,-0.805966,-1.377857,1.197087,0.935841,2.184248,1.227863,1.221828,-1.240152,0.991131,1.45819,1.281496,2.34527,-0.802355,1.147004,1.191722,1.209561,-1.400259,1.068791,-2.054379,0.966606,1.153986,2.354381,1.570009,1.004701,0.908152,1.003349,-0.157684,-1.405834,0.764092,0.825116,0.640162,-1.560135,2.205923,0.590724,0.866448,0.379687,-2.026935,0.525983,0.749352,1.52017,-2.057066,-0.81365,1.107507,-1.860638,1.127911,0.451149,-0.606003,0.906483,0.82013,1.872619,1.438301,-1.097471,1.784294,0.851153,1.348353,1.231657,0.54357,-0.532639,0.935049,1.419533,1.30114,-0.977663,1.558102,1.388519,0.956486,1.072245,-1.277895,2.057488,-1.563186,0.963595,1.000722,-1.211603,-0.736076,-0.962907,0.674939,0.705133,1.57832,-1.923441,0.81134,0.585057,0.467461,-1.485352,1.183996,0.871703,1.778389,1.336227,1.283485,1.075455,1.195919,0.490121,0.510151,0.804531,1.541189,0.755417,1.026727,1.482487,2.046244,0.803155,0.674812,-2.165838,1.140741,-0.936093,1.458285,-2.804826,0.700886,1.14544,-1.162802,1.729601,-1.3622,0.753863,1.038379,-0.317856,1.60821,-1.696465,0.310269,0.656868,-0.293726
166.0,79.4,64.0,7.0,10.0,21307.0,21473.0,-0.24853,-1.914973,1.001682,0.114723,0.186072,0.331305,-1.94272,1.051365,-0.510033,-1.229764,0.481622,-1.879346,0.73987,-2.083863,1.29808,0.635837,-1.772743,0.98416,-0.867284,0.950086,-0.256483,-1.877005,0.962214,-1.073586,-1.609101,0.145932,-0.470992,1.212054,1.192047,1.113644,-1.414185,-1.693232,0.968831,0.99535,1.144591,-1.798445,-1.701162,0.947666,0.638313,1.204434,0.696367,-1.667684,1.09357,0.872603,1.295753,1.260262,-1.743137,1.08594,0.903991,1.482189,-0.755053,-1.717178,1.0539,-1.227801,1.265856,0.361356,-1.883152,0.942316,-1.403968,1.560418,-0.662473,-0.923799,0.443007,-1.910405,1.488531,-1.929411,-0.134473,-2.105514,0.852664,1.302405,-1.138526,1.677015,1.309865,1.250379,1.180407,-2.019839,1.602943,0.917688,0.937119,0.758224,0.865387,-1.740229,0.6612,1.061871,0.93209,1.045643,-1.65448,0.521222,0.715093,0.958208,0.653562,-1.527879,0.931884,-1.255854,1.433184,0.736695,0.154263,1.030717,-1.21397,1.124497,-1.723858,-1.365436,1.028716,2.062802,1.287637,-1.88791,-0.099817,0.342744,1.336028,1.267607,-1.922833,-0.286512,-2.458877,0.76667,1.301539,-0.598784,1.295413,0.944323,1.033638,0.822077,-1.843568,-1.591496,0.878226,0.849036,0.542327,1.364632,1.333886,1.07864,1.121835,0.66208,-1.790221,-2.256266,0.550003,-0.503565,0.332633,0.99397,1.680478,-2.017863,1.647682,-0.805966,-1.377857,1.197087,0.935841,2.184248,1.227863,1.221828,-1.240152,0.991131,1.45819,1.281496,2.34527,-0.802355,1.147004,1.191722,1.209561,-1.400259,1.068791,-2.054379,0.966606,1.153986,2.354381,1.570009,1.004701,0.908152,1.003349,-0.157684,-1.405834,0.764092,0.825116,0.640162,-1.560135,2.205923,0.590724,0.866448,0.379687,-2.026935,0.525983,0.749352,1.52017,-2.057066,-0.81365,1.107507,-1.860638,1.127911,0.451149,-0.606003,0.906483,0.82013,1.872619,1.438301,-1.097471,1.784294,0.851153,1.348353,1.231657,0.54357,-0.532639,0.935049,1.419533,1.30114,-0.977663,1.558102,1.388519,0.956486,1.072245,-1.277895,2.057488,-1.563186,0.963595,1.000722,-1.211603,-0.736076,-0.962907,0.674939,0.705133,1.57832,-1.923441,0.81134,0.585057,0.467461,-1.485352,1.183996,0.871703,1.778389,1.336227,1.283485,1.075455,1.195919,0.490121,0.510151,0.804531,1.541189,0.755417,1.026727,1.482487,2.046244,0.803155,0.674812,-2.165838,1.140741,-0.936093,1.458285,-2.804826,0.700886,1.14544,-1.162802,1.729601,-1.3622,0.753863,1.038379,-0.317856,1.60821,-1.696465,0.310269,0.656868,-0.293726
232.0,78.1,65.0,7.0,9.0,21473.0,21705.0,-0.24853,-1.914973,1.001682,0.114723,0.186072,0.331305,-1.94272,1.051365,-0.510033,-1.229764,0.481622,-1.879346,0.73987,-2.083863,1.29808,0.635837,-1.772743,0.98416,-0.867284,0.950086,-0.256483,-1.877005,0.962214,-1.073586,-1.609101,0.145932,-0.470992,1.212054,1.192047,1.113644,-1.414185,-1.693232,0.968831,0.99535,1.144591,-1.798445,-1.701162,0.947666,0.638313,1.204434,0.696367,-1.667684,1.09357,0.872603,1.295753,1.260262,-1.743137,1.08594,0.903991,1.482189,-0.755053,-1.717178,1.0539,-1.227801,1.265856,0.361356,-1.883152,0.942316,-1.403968,1.560418,-0.662473,-0.923799,0.443007,-1.910405,1.488531,-1.929411,-0.134473,-2.105514,0.852664,1.302405,-1.138526,1.677015,1.309865,1.250379,1.180407,-2.019839,1.602943,0.917688,0.937119,0.758224,0.865387,-1.740229,0.6612,1.061871,0.93209,1.045643,-1.65448,0.521222,0.715093,0.958208,0.653562,-1.527879,0.931884,-1.255854,1.433184,0.736695,0.154263,1.030717,-1.21397,1.124497,-1.723858,-1.365436,1.028716,2.062802,1.287637,-1.88791,-0.099817,0.342744,1.336028,1.267607,-1.922833,-0.286512,-2.458877,0.76667,1.301539,-0.598784,1.295413,0.944323,1.033638,0.822077,-1.843568,-1.591496,0.878226,0.849036,0.542327,1.364632,1.333886,1.07864,1.121835,0.66208,-1.790221,-2.256266,0.550003,-0.503565,0.332633,0.99397,1.680478,-2.017863,1.647682,-0.805966,-1.377857,1.197087,0.935841,2.184248,1.227863,1.221828,-1.240152,0.991131,1.45819,1.281496,2.34527,-0.802355,1.147004,1.191722,1.209561,-1.400259,1.068791,-2.054379,0.966606,1.153986,2.354381,1.570009,1.004701,0.908152,1.003349,-0.157684,-1.405834,0.764092,0.825116,0.640162,-1.560135,2.205923,0.590724,0.866448,0.379687,-2.026935,0.525983,0.749352,1.52017,-2.057066,-0.81365,1.107507,-1.860638,1.127911,0.451149,-0.606003,0.906483,0.82013,1.872619,1.438301,-1.097471,1.784294,0.851153,1.348353,1.231657,0.54357,-0.532639,0.935049,1.419533,1.30114,-0.977663,1.558102,1.388519,0.956486,1.072245,-1.277895,2.057488,-1.563186,0.963595,1.000722,-1.211603,-0.736076,-0.962907,0.674939,0.705133,1.57832,-1.923441,0.81134,0.585057,0.467461,-1.485352,1.183996,0.871703,1.778389,1.336227,1.283485,1.075455,1.195919,0.490121,0.510151,0.804531,1.541189,0.755417,1.026727,1.482487,2.046244,0.803155,0.674812,-2.165838,1.140741,-0.936093,1.458285,-2.804826,0.700886,1.14544,-1.162802,1.729601,-1.3622,0.753863,1.038379,-0.317856,1.60821,-1.696465,0.310269,0.656868,-0.293726
98.0,76.0,63.0,4.0,0.0,21705.0,21803.0,-0.24853,-1.914973,1.001682,0.114723,0.186072,0.331305,-1.94272,1.051365,-0.510033,-1.229764,0.481622,-1.879346,0.73987,-2.083863,1.29808,0.635837,-1.772743,0.98416,-0.867284,0.950086,-0.256483,-1.877005,0.962214,-1.073586,-1.609101,0.145932,-0.470992,1.212054,1.192047,1.113644,-1.414185,-1.693232,0.968831,0.99535,1.144591,-1.798445,-1.701162,0.947666,0.638313,1.204434,0.696367,-1.667684,1.09357,0.872603,1.295753,1.260262,-1.743137,1.08594,0.903991,1.482189,-0.755053,-1.717178,1.0539,-1.227801,1.265856,0.361356,-1.883152,0.942316,-1.403968,1.560418,-0.662473,-0.923799,0.443007,-1.910405,1.488531,-1.929411,-0.134473,-2.105514,0.852664,1.302405,-1.138526,1.677015,1.309865,1.250379,1.180407,-2.019839,1.602943,0.917688,0.937119,0.758224,0.865387,-1.740229,0.6612,1.061871,0.93209,1.045643,-1.65448,0.521222,0.715093,0.958208,0.653562,-1.527879,0.931884,-1.255854,1.433184,0.736695,0.154263,1.030717,-1.21397,1.124497,-1.723858,-1.365436,1.028716,2.062802,1.287637,-1.88791,-0.099817,0.342744,1.336028,1.267607,-1.922833,-0.286512,-2.458877,0.76667,1.301539,-0.598784,1.295413,0.944323,1.033638,0.822077,-1.843568,-1.591496,0.878226,0.849036,0.542327,1.364632,1.333886,1.07864,1.121835,0.66208,-1.790221,-2.256266,0.550003,-0.503565,0.332633,0.99397,1.680478,-2.017863,1.647682,-0.805966,-1.377857,1.197087,0.935841,2.184248,1.227863,1.221828,-1.240152,0.991131,1.45819,1.281496,2.34527,-0.802355,1.147004,1.191722,1.209561,-1.400259,1.068791,-2.054379,0.966606,1.153986,2.354381,1.570009,1.004701,0.908152,1.003349,-0.157684,-1.405834,0.764092,0.825116,0.640162,-1.560135,2.205923,0.590724,0.866448,0.379687,-2.026935,0.525983,0.749352,1.52017,-2.057066,-0.81365,1.107507,-1.860638,1.127911,0.451149,-0.606003,0.906483,0.82013,1.872619,1.438301,-1.097471,1.784294,0.851153,1.348353,1.231657,0.54357,-0.532639,0.935049,1.419533,1.30114,-0.977663,1.558102,1.388519,0.956486,1.072245,-1.277895,2.057488,-1.563186,0.963595,1.000722,-1.211603,-0.736076,-0.962907,0.674939,0.705133,1.57832,-1.923441,0.81134,0.585057,0.467461,-1.485352,1.183996,0.871703,1.778389,1.336227,1.283485,1.075455,1.195919,0.490121,0.510151,0.804531,1.541189,0.755417,1.026727,1.482487,2.046244,0.803155,0.674812,-2.165838,1.140741,-0.936093,1.458285,-2.804826,0.700886,1.14544,-1.162802,1.729601,-1.3622,0.753863,1.038379,-0.317856,1.60821,-1.696465,0.310269,0.656868,-0.293726
166.0,64.4,52.2,5.0,4.0,21803.0,21969.0,-0.24853,-1.914973,1.001682,0.114723,0.186072,0.331305,-1.94272,1.051365,-0.510033,-1.229764,0.481622,-1.879346,0.73987,-2.083863,1.29808,0.635837,-1.772743,0.98416,-0.867284,0.950086,-0.256483,-1.877005,0.962214,-1.073586,-1.609101,0.145932,-0.470992,1.212054,1.192047,1.113644,-1.414185,-1.693232,0.968831,0.99535,1.144591,-1.798445,-1.701162,0.947666,0.638313,1.204434,0.696367,-1.667684,1.09357,0.872603,1.295753,1.260262,-1.743137,1.08594,0.903991,1.482189,-0.755053,-1.717178,1.0539,-1.227801,1.265856,0.361356,-1.883152,0.942316,-1.403968,1.560418,-0.662473,-0.923799,0.443007,-1.910405,1.488531,-1.929411,-0.134473,-2.105514,0.852664,1.302405,-1.138526,1.677015,1.309865,1.250379,1.180407,-2.019839,1.602943,0.917688,0.937119,0.758224,0.865387,-1.740229,0.6612,1.061871,0.93209,1.045643,-1.65448,0.521222,0.715093,0.958208,0.653562,-1.527879,0.931884,-1.255854,1.433184,0.736695,0.154263,1.030717,-1.21397,1.124497,-1.723858,-1.365436,1.028716,2.062802,1.287637,-1.88791,-0.099817,0.342744,1.336028,1.267607,-1.922833,-0.286512,-2.458877,0.76667,1.301539,-0.598784,1.295413,0.944323,1.033638,0.822077,-1.843568,-1.591496,0.878226,0.849036,0.542327,1.364632,1.333886,1.07864,1.121835,0.66208,-1.790221,-2.256266,0.550003,-0.503565,0.332633,0.99397,1.680478,-2.017863,1.647682,-0.805966,-1.377857,1.197087,0.935841,2.184248,1.227863,1.221828,-1.240152,0.991131,1.45819,1.281496,2.34527,-0.802355,1.147004,1.191722,1.209561,-1.400259,1.068791,-2.054379,0.966606,1.153986,2.354381,1.570009,1.004701,0.908152,1.003349,-0.157684,-1.405834,0.764092,0.825116,0.640162,-1.560135,2.205923,0.590724,0.866448,0.379687,-2.026935,0.525983,0.749352,1.52017,-2.057066,-0.81365,1.107507,-1.860638,1.127911,0.451149,-0.606003,0.906483,0.82013,1.872619,1.438301,-1.097471,1.784294,0.851153,1.348353,1.231657,0.54357,-0.532639,0.935049,1.419533,1.30114,-0.977663,1.558102,1.388519,0.956486,1.072245,-1.277895,2.057488,-1.563186,0.963595,1.000722,-1.211603,-0.736076,-0.962907,0.674939,0.705133,1.57832,-1.923441,0.81134,0.585057,0.467461,-1.485352,1.183996,0.871703,1.778389,1.336227,1.283485,1.075455,1.195919,0.490121,0.510151,0.804531,1.541189,0.755417,1.026727,1.482487,2.046244,0.803155,0.674812,-2.165838,1.140741,-0.936093,1.458285,-2.804826,0.700886,1.14544,-1.162802,1.729601,-1.3622,0.753863,1.038379,-0.317856,1.60821,-1.696465,0.310269,0.656868,-0.293726
765.0,68.6,54.3,4.0,15.0,3323.0,4088.0,-0.24853,-1.914973,1.001682,0.114723,0.186072,0.331305,-1.94272,1.051365,-0.510033,-1.229764,0.481622,-1.879346,0.73987,-2.083863,1.29808,0.635837,-1.772743,0.98416,-0.867284,0.950086,-0.256483,-1.877005,0.962214,-1.073586,-1.609101,0.145932,-0.470992,1.212054,1.192047,1.113644,-1.414185,-1.693232,0.968831,0.99535,1.144591,-1.798445,-1.701162,0.947666,0.638313,1.204434,0.696367,-1.667684,1.09357,0.872603,1.295753,1.260262,-1.743137,1.08594,0.903991,1.482189,-0.755053,-1.717178,1.0539,-1.227801,1.265856,0.361356,-1.883152,0.942316,-1.403968,1.560418,-0.662473,-0.923799,0.443007,-1.910405,1.488531,-1.929411,-0.134473,-2.105514,0.852664,1.302405,-1.138526,1.677015,1.309865,1.250379,1.180407,-2.019839,1.602943,0.917688,0.937119,0.758224,0.865387,-1.740229,0.6612,1.061871,0.93209,1.045643,-1.65448,0.521222,0.715093,0.958208,0.653562,-1.527879,0.931884,-1.255854,1.433184,0.736695,0.154263,1.030717,-1.21397,1.124497,-1.723858,-1.365436,1.028716,2.062802,1.287637,-1.88791,-0.099817,0.342744,1.336028,1.267607,-1.922833,-0.286512,-2.458877,0.76667,1.301539,-0.598784,1.295413,0.944323,1.033638,0.822077,-1.843568,-1.591496,0.878226,0.849036,0.542327,1.364632,1.333886,1.07864,1.121835,0.66208,-1.790221,-2.256266,0.550003,-0.503565,0.332633,0.99397,1.680478,-2.017863,1.647682,-0.805966,-1.377857,1.197087,0.935841,2.184248,1.227863,1.221828,-1.240152,0.991131,1.45819,1.281496,2.34527,-0.802355,1.147004,1.191722,1.209561,-1.400259,1.068791,-2.054379,0.966606,1.153986,2.354381,1.570009,1.004701,0.908152,1.003349,-0.157684,-1.405834,0.764092,0.825116,0.640162,-1.560135,2.205923,0.590724,0.866448,0.379687,-2.026935,0.525983,0.749352,1.52017,-2.057066,-0.81365,1.107507,-1.860638,1.127911,0.451149,-0.606003,0.906483,0.82013,1.872619,1.438301,-1.097471,1.784294,0.851153,1.348353,1.231657,0.54357,-0.532639,0.935049,1.419533,1.30114,-0.977663,1.558102,1.388519,0.956486,1.072245,-1.277895,2.057488,-1.563186,0.963595,1.000722,-1.211603,-0.736076,-0.962907,0.674939,0.705133,1.57832,-1.923441,0.81134,0.585057,0.467461,-1.485352,1.183996,0.871703,1.778389,1.336227,1.283485,1.075455,1.195919,0.490121,0.510151,0.804531,1.541189,0.755417,1.026727,1.482487,2.046244,0.803155,0.674812,-2.165838,1.140741,-0.936093,1.458285,-2.804826,0.700886,1.14544,-1.162802,1.729601,-1.3622,0.753863,1.038379,-0.317856,1.60821,-1.696465,0.310269,0.656868,-0.293726
165.0,62.8,52.2,3.0,3.0,21969.0,22134.0,-0.798524,0.426395,-1.13383,-0.726914,-0.672283,-0.895693,0.213697,-1.192398,-1.056027,0.473275,-1.024146,-0.126355,-1.160768,0.513967,-0.992262,-0.840188,0.738309,-0.987819,0.5302,-0.403339,-0.693998,0.723486,-1.033504,0.308622,0.696711,-0.48612,0.424688,-0.951535,-0.911744,-0.889995,0.137053,0.739263,-0.97912,-0.823402,-0.855461,0.360167,0.909878,-0.984206,-0.937759,-0.748438,-0.826048,0.949596,-0.982808,-1.45532,-0.745414,-0.795503,0.932199,-0.970421,-1.547604,-0.777492,-0.567652,0.9907,-0.994742,0.592531,-0.629364,-0.745581,0.425015,-0.997411,0.767476,-0.823054,-0.627122,-0.635258,-1.060346,1.239743,-0.750706,0.344518,-0.812713,-1.0483,-0.662093,-0.784872,1.054574,-0.915916,-0.954482,-0.83248,-0.838673,0.931998,-1.001016,-0.965099,-0.692881,-0.71671,-0.55642,0.852467,-0.965349,-0.721055,-0.706821,-0.610574,1.00557,-1.000092,-0.401615,-0.639457,-0.593885,0.728287,-0.957294,0.771848,-0.848636,-0.919042,-0.665243,-0.982648,1.005899,-0.745327,0.626381,0.495557,-0.997116,-0.175873,-0.771256,0.243695,-0.719574,-0.989931,-0.709507,-0.768019,0.349047,-0.757662,-0.690213,-0.627755,-0.78345,0.049587,-0.92595,-0.889639,-0.728734,-0.637236,0.98344,0.429935,-1.021144,-0.650328,-0.567341,-0.927438,-0.846832,-0.955113,-0.751554,-0.610956,0.822561,0.661903,-0.967997,-0.306031,-0.580055,-1.536423,-0.961242,0.678208,-0.986248,0.798092,0.617155,-0.810087,-0.898608,-0.641404,-0.784218,-1.05926,0.055022,-0.76563,-0.759147,-0.750142,-1.18798,-0.279816,-0.806849,-0.668144,-0.72049,0.272455,-0.929586,0.482091,-0.577228,-0.69456,-0.6014,-0.966668,-0.947705,-0.763206,-0.678287,0.813778,0.645215,-1.165146,-0.874168,-0.707839,1.226391,-0.92695,-1.112473,-1.013589,-0.605795,0.730487,-1.121931,-0.985758,-0.91427,0.630849,0.451167,-0.537181,1.047983,0.253701,-0.452889,1.12696,-0.813742,-0.809734,-0.931212,-0.746222,0.971444,-0.079422,-0.737327,-0.881948,-0.755986,-0.255349,-0.424846,-0.805919,-0.930982,-0.727748,0.669413,-0.981507,-0.897925,-0.599801,-0.651218,0.92843,-0.217132,-0.982481,-0.843045,-0.797502,0.98555,0.804902,-1.817493,-0.770649,-0.713877,-0.614542,0.803877,-1.183463,-1.192876,-0.689394,0.317265,-1.041277,-1.253536,-1.170717,-0.799987,-0.95858,-0.832949,-1.020197,-0.121322,-0.284358,-0.799627,-0.904407,-0.996806,-0.922948,-0.87003,0.247785,-1.013573,-0.692301,1.021149,-0.61849,0.702856,-0.911769,0.557186,-0.573164,-0.66916,0.371745,-1.013666,-0.283124,-0.540449,-0.630026,0.878435,-0.939757,-0.387665,-0.840388,-0.765072,0.882622
133.0,67.0,53.5,1.0,8.0,22134.0,22267.0,-0.24853,-1.914973,1.001682,0.114723,0.186072,0.331305,-1.94272,1.051365,-0.510033,-1.229764,0.481622,-1.879346,0.73987,-2.083863,1.29808,0.635837,-1.772743,0.98416,-0.867284,0.950086,-0.256483,-1.877005,0.962214,-1.073586,-1.609101,0.145932,-0.470992,1.212054,1.192047,1.113644,-1.414185,-1.693232,0.968831,0.99535,1.144591,-1.798445,-1.701162,0.947666,0.638313,1.204434,0.696367,-1.667684,1.09357,0.872603,1.295753,1.260262,-1.743137,1.08594,0.903991,1.482189,-0.755053,-1.717178,1.0539,-1.227801,1.265856,0.361356,-1.883152,0.942316,-1.403968,1.560418,-0.662473,-0.923799,0.443007,-1.910405,1.488531,-1.929411,-0.134473,-2.105514,0.852664,1.302405,-1.138526,1.677015,1.309865,1.250379,1.180407,-2.019839,1.602943,0.917688,0.937119,0.758224,0.865387,-1.740229,0.6612,1.061871,0.93209,1.045643,-1.65448,0.521222,0.715093,0.958208,0.653562,-1.527879,0.931884,-1.255854,1.433184,0.736695,0.154263,1.030717,-1.21397,1.124497,-1.723858,-1.365436,1.028716,2.062802,1.287637,-1.88791,-0.099817,0.342744,1.336028,1.267607,-1.922833,-0.286512,-2.458877,0.76667,1.301539,-0.598784,1.295413,0.944323,1.033638,0.822077,-1.843568,-1.591496,0.878226,0.849036,0.542327,1.364632,1.333886,1.07864,1.121835,0.66208,-1.790221,-2.256266,0.550003,-0.503565,0.332633,0.99397,1.680478,-2.017863,1.647682,-0.805966,-1.377857,1.197087,0.935841,2.184248,1.227863,1.221828,-1.240152,0.991131,1.45819,1.281496,2.34527,-0.802355,1.147004,1.191722,1.209561,-1.400259,1.068791,-2.054379,0.966606,1.153986,2.354381,1.570009,1.004701,0.908152,1.003349,-0.157684,-1.405834,0.764092,0.825116,0.640162,-1.560135,2.205923,0.590724,0.866448,0.379687,-2.026935,0.525983,0.749352,1.52017,-2.057066,-0.81365,1.107507,-1.860638,1.127911,0.451149,-0.606003,0.906483,0.82013,1.872619,1.438301,-1.097471,1.784294,0.851153,1.348353,1.231657,0.54357,-0.532639,0.935049,1.419533,1.30114,-0.977663,1.558102,1.388519,0.956486,1.072245,-1.277895,2.057488,-1.563186,0.963595,1.000722,-1.211603,-0.736076,-0.962907,0.674939,0.705133,1.57832,-1.923441,0.81134,0.585057,0.467461,-1.485352,1.183996,0.871703,1.778389,1.336227,1.283485,1.075455,1.195919,0.490121,0.510151,0.804531,1.541189,0.755417,1.026727,1.482487,2.046244,0.803155,0.674812,-2.165838,1.140741,-0.936093,1.458285,-2.804826,0.700886,1.14544,-1.162802,1.729601,-1.3622,0.753863,1.038379,-0.317856,1.60821,-1.696465,0.310269,0.656868,-0.293726
299.0,66.4,55.0,9.0,4.0,22267.0,22566.0,-0.24853,-1.914973,1.001682,0.114723,0.186072,0.331305,-1.94272,1.051365,-0.510033,-1.229764,0.481622,-1.879346,0.73987,-2.083863,1.29808,0.635837,-1.772743,0.98416,-0.867284,0.950086,-0.256483,-1.877005,0.962214,-1.073586,-1.609101,0.145932,-0.470992,1.212054,1.192047,1.113644,-1.414185,-1.693232,0.968831,0.99535,1.144591,-1.798445,-1.701162,0.947666,0.638313,1.204434,0.696367,-1.667684,1.09357,0.872603,1.295753,1.260262,-1.743137,1.08594,0.903991,1.482189,-0.755053,-1.717178,1.0539,-1.227801,1.265856,0.361356,-1.883152,0.942316,-1.403968,1.560418,-0.662473,-0.923799,0.443007,-1.910405,1.488531,-1.929411,-0.134473,-2.105514,0.852664,1.302405,-1.138526,1.677015,1.309865,1.250379,1.180407,-2.019839,1.602943,0.917688,0.937119,0.758224,0.865387,-1.740229,0.6612,1.061871,0.93209,1.045643,-1.65448,0.521222,0.715093,0.958208,0.653562,-1.527879,0.931884,-1.255854,1.433184,0.736695,0.154263,1.030717,-1.21397,1.124497,-1.723858,-1.365436,1.028716,2.062802,1.287637,-1.88791,-0.099817,0.342744,1.336028,1.267607,-1.922833,-0.286512,-2.458877,0.76667,1.301539,-0.598784,1.295413,0.944323,1.033638,0.822077,-1.843568,-1.591496,0.878226,0.849036,0.542327,1.364632,1.333886,1.07864,1.121835,0.66208,-1.790221,-2.256266,0.550003,-0.503565,0.332633,0.99397,1.680478,-2.017863,1.647682,-0.805966,-1.377857,1.197087,0.935841,2.184248,1.227863,1.221828,-1.240152,0.991131,1.45819,1.281496,2.34527,-0.802355,1.147004,1.191722,1.209561,-1.400259,1.068791,-2.054379,0.966606,1.153986,2.354381,1.570009,1.004701,0.908152,1.003349,-0.157684,-1.405834,0.764092,0.825116,0.640162,-1.560135,2.205923,0.590724,0.866448,0.379687,-2.026935,0.525983,0.749352,1.52017,-2.057066,-0.81365,1.107507,-1.860638,1.127911,0.451149,-0.606003,0.906483,0.82013,1.872619,1.438301,-1.097471,1.784294,0.851153,1.348353,1.231657,0.54357,-0.532639,0.935049,1.419533,1.30114,-0.977663,1.558102,1.388519,0.956486,1.072245,-1.277895,2.057488,-1.563186,0.963595,1.000722,-1.211603,-0.736076,-0.962907,0.674939,0.705133,1.57832,-1.923441,0.81134,0.585057,0.467461,-1.485352,1.183996,0.871703,1.778389,1.336227,1.283485,1.075455,1.195919,0.490121,0.510151,0.804531,1.541189,0.755417,1.026727,1.482487,2.046244,0.803155,0.674812,-2.165838,1.140741,-0.936093,1.458285,-2.804826,0.700886,1.14544,-1.162802,1.729601,-1.3622,0.753863,1.038379,-0.317856,1.60821,-1.696465,0.310269,0.656868,-0.293726
266.0,70.6,58.0,3.0,6.0,22566.0,22832.0,-0.24853,-1.914973,1.001682,0.114723,0.186072,0.331305,-1.94272,1.051365,-0.510033,-1.229764,0.481622,-1.879346,0.73987,-2.083863,1.29808,0.635837,-1.772743,0.98416,-0.867284,0.950086,-0.256483,-1.877005,0.962214,-1.073586,-1.609101,0.145932,-0.470992,1.212054,1.192047,1.113644,-1.414185,-1.693232,0.968831,0.99535,1.144591,-1.798445,-1.701162,0.947666,0.638313,1.204434,0.696367,-1.667684,1.09357,0.872603,1.295753,1.260262,-1.743137,1.08594,0.903991,1.482189,-0.755053,-1.717178,1.0539,-1.227801,1.265856,0.361356,-1.883152,0.942316,-1.403968,1.560418,-0.662473,-0.923799,0.443007,-1.910405,1.488531,-1.929411,-0.134473,-2.105514,0.852664,1.302405,-1.138526,1.677015,1.309865,1.250379,1.180407,-2.019839,1.602943,0.917688,0.937119,0.758224,0.865387,-1.740229,0.6612,1.061871,0.93209,1.045643,-1.65448,0.521222,0.715093,0.958208,0.653562,-1.527879,0.931884,-1.255854,1.433184,0.736695,0.154263,1.030717,-1.21397,1.124497,-1.723858,-1.365436,1.028716,2.062802,1.287637,-1.88791,-0.099817,0.342744,1.336028,1.267607,-1.922833,-0.286512,-2.458877,0.76667,1.301539,-0.598784,1.295413,0.944323,1.033638,0.822077,-1.843568,-1.591496,0.878226,0.849036,0.542327,1.364632,1.333886,1.07864,1.121835,0.66208,-1.790221,-2.256266,0.550003,-0.503565,0.332633,0.99397,1.680478,-2.017863,1.647682,-0.805966,-1.377857,1.197087,0.935841,2.184248,1.227863,1.221828,-1.240152,0.991131,1.45819,1.281496,2.34527,-0.802355,1.147004,1.191722,1.209561,-1.400259,1.068791,-2.054379,0.966606,1.153986,2.354381,1.570009,1.004701,0.908152,1.003349,-0.157684,-1.405834,0.764092,0.825116,0.640162,-1.560135,2.205923,0.590724,0.866448,0.379687,-2.026935,0.525983,0.749352,1.52017,-2.057066,-0.81365,1.107507,-1.860638,1.127911,0.451149,-0.606003,0.906483,0.82013,1.872619,1.438301,-1.097471,1.784294,0.851153,1.348353,1.231657,0.54357,-0.532639,0.935049,1.419533,1.30114,-0.977663,1.558102,1.388519,0.956486,1.072245,-1.277895,2.057488,-1.563186,0.963595,1.000722,-1.211603,-0.736076,-0.962907,0.674939,0.705133,1.57832,-1.923441,0.81134,0.585057,0.467461,-1.485352,1.183996,0.871703,1.778389,1.336227,1.283485,1.075455,1.195919,0.490121,0.510151,0.804531,1.541189,0.755417,1.026727,1.482487,2.046244,0.803155,0.674812,-2.165838,1.140741,-0.936093,1.458285,-2.804826,0.700886,1.14544,-1.162802,1.729601,-1.3622,0.753863,1.038379,-0.317856,1.60821,-1.696465,0.310269,0.656868,-0.293726
166.0,68.8,55.2,3.0,4.0,22832.0,22998.0,-0.24853,-1.914973,1.001682,0.114723,0.186072,0.331305,-1.94272,1.051365,-0.510033,-1.229764,0.481622,-1.879346,0.73987,-2.083863,1.29808,0.635837,-1.772743,0.98416,-0.867284,0.950086,-0.256483,-1.877005,0.962214,-1.073586,-1.609101,0.145932,-0.470992,1.212054,1.192047,1.113644,-1.414185,-1.693232,0.968831,0.99535,1.144591,-1.798445,-1.701162,0.947666,0.638313,1.204434,0.696367,-1.667684,1.09357,0.872603,1.295753,1.260262,-1.743137,1.08594,0.903991,1.482189,-0.755053,-1.717178,1.0539,-1.227801,1.265856,0.361356,-1.883152,0.942316,-1.403968,1.560418,-0.662473,-0.923799,0.443007,-1.910405,1.488531,-1.929411,-0.134473,-2.105514,0.852664,1.302405,-1.138526,1.677015,1.309865,1.250379,1.180407,-2.019839,1.602943,0.917688,0.937119,0.758224,0.865387,-1.740229,0.6612,1.061871,0.93209,1.045643,-1.65448,0.521222,0.715093,0.958208,0.653562,-1.527879,0.931884,-1.255854,1.433184,0.736695,0.154263,1.030717,-1.21397,1.124497,-1.723858,-1.365436,1.028716,2.062802,1.287637,-1.88791,-0.099817,0.342744,1.336028,1.267607,-1.922833,-0.286512,-2.458877,0.76667,1.301539,-0.598784,1.295413,0.944323,1.033638,0.822077,-1.843568,-1.591496,0.878226,0.849036,0.542327,1.364632,1.333886,1.07864,1.121835,0.66208,-1.790221,-2.256266,0.550003,-0.503565,0.332633,0.99397,1.680478,-2.017863,1.647682,-0.805966,-1.377857,1.197087,0.935841,2.184248,1.227863,1.221828,-1.240152,0.991131,1.45819,1.281496,2.34527,-0.802355,1.147004,1.191722,1.209561,-1.400259,1.068791,-2.054379,0.966606,1.153986,2.354381,1.570009,1.004701,0.908152,1.003349,-0.157684,-1.405834,0.764092,0.825116,0.640162,-1.560135,2.205923,0.590724,0.866448,0.379687,-2.026935,0.525983,0.749352,1.52017,-2.057066,-0.81365,1.107507,-1.860638,1.127911,0.451149,-0.606003,0.906483,0.82013,1.872619,1.438301,-1.097471,1.784294,0.851153,1.348353,1.231657,0.54357,-0.532639,0.935049,1.419533,1.30114,-0.977663,1.558102,1.388519,0.956486,1.072245,-1.277895,2.057488,-1.563186,0.963595,1.000722,-1.211603,-0.736076,-0.962907,0.674939,0.705133,1.57832,-1.923441,0.81134,0.585057,0.467461,-1.485352,1.183996,0.871703,1.778389,1.336227,1.283485,1.075455,1.195919,0.490121,0.510151,0.804531,1.541189,0.755417,1.026727,1.482487,2.046244,0.803155,0.674812,-2.165838,1.140741,-0.936093,1.458285,-2.804826,0.700886,1.14544,-1.162802,1.729601,-1.3622,0.753863,1.038379,-0.317856,1.60821,-1.696465,0.310269,0.656868,-0.293726
465.0,62.6,50.8,10.0,12.0,22998.0,23463.0,-0.24853,-1.914973,1.001682,0.114723,0.186072,0.331305,-1.94272,1.051365,-0.510033,-1.229764,0.481622,-1.879346,0.73987,-2.083863,1.29808,0.635837,-1.772743,0.98416,-0.867284,0.950086,-0.256483,-1.877005,0.962214,-1.073586,-1.609101,0.145932,-0.470992,1.212054,1.192047,1.113644,-1.414185,-1.693232,0.968831,0.99535,1.144591,-1.798445,-1.701162,0.947666,0.638313,1.204434,0.696367,-1.667684,1.09357,0.872603,1.295753,1.260262,-1.743137,1.08594,0.903991,1.482189,-0.755053,-1.717178,1.0539,-1.227801,1.265856,0.361356,-1.883152,0.942316,-1.403968,1.560418,-0.662473,-0.923799,0.443007,-1.910405,1.488531,-1.929411,-0.134473,-2.105514,0.852664,1.302405,-1.138526,1.677015,1.309865,1.250379,1.180407,-2.019839,1.602943,0.917688,0.937119,0.758224,0.865387,-1.740229,0.6612,1.061871,0.93209,1.045643,-1.65448,0.521222,0.715093,0.958208,0.653562,-1.527879,0.931884,-1.255854,1.433184,0.736695,0.154263,1.030717,-1.21397,1.124497,-1.723858,-1.365436,1.028716,2.062802,1.287637,-1.88791,-0.099817,0.342744,1.336028,1.267607,-1.922833,-0.286512,-2.458877,0.76667,1.301539,-0.598784,1.295413,0.944323,1.033638,0.822077,-1.843568,-1.591496,0.878226,0.849036,0.542327,1.364632,1.333886,1.07864,1.121835,0.66208,-1.790221,-2.256266,0.550003,-0.503565,0.332633,0.99397,1.680478,-2.017863,1.647682,-0.805966,-1.377857,1.197087,0.935841,2.184248,1.227863,1.221828,-1.240152,0.991131,1.45819,1.281496,2.34527,-0.802355,1.147004,1.191722,1.209561,-1.400259,1.068791,-2.054379,0.966606,1.153986,2.354381,1.570009,1.004701,0.908152,1.003349,-0.157684,-1.405834,0.764092,0.825116,0.640162,-1.560135,2.205923,0.590724,0.866448,0.379687,-2.026935,0.525983,0.749352,1.52017,-2.057066,-0.81365,1.107507,-1.860638,1.127911,0.451149,-0.606003,0.906483,0.82013,1.872619,1.438301,-1.097471,1.784294,0.851153,1.348353,1.231657,0.54357,-0.532639,0.935049,1.419533,1.30114,-0.977663,1.558102,1.388519,0.956486,1.072245,-1.277895,2.057488,-1.563186,0.963595,1.000722,-1.211603,-0.736076,-0.962907,0.674939,0.705133,1.57832,-1.923441,0.81134,0.585057,0.467461,-1.485352,1.183996,0.871703,1.778389,1.336227,1.283485,1.075455,1.195919,0.490121,0.510151,0.804531,1.541189,0.755417,1.026727,1.482487,2.046244,0.803155,0.674812,-2.165838,1.140741,-0.936093,1.458285,-2.804826,0.700886,1.14544,-1.162802,1.729601,-1.3622,0.753863,1.038379,-0.317856,1.60821,-1.696465,0.310269,0.656868,-0.293726
1397.0,67.0,54.6,26.0,24.0,23463.0,24860.0,-0.24853,-1.914973,1.001682,0.114723,0.186072,0.331305,-1.94272,1.051365,-0.510033,-1.229764,0.481622,-1.879346,0.73987,-2.083863,1.29808,0.635837,-1.772743,0.98416,-0.867284,0.950086,-0.256483,-1.877005,0.962214,-1.073586,-1.609101,0.145932,-0.470992,1.212054,1.192047,1.113644,-1.414185,-1.693232,0.968831,0.99535,1.144591,-1.798445,-1.701162,0.947666,0.638313,1.204434,0.696367,-1.667684,1.09357,0.872603,1.295753,1.260262,-1.743137,1.08594,0.903991,1.482189,-0.755053,-1.717178,1.0539,-1.227801,1.265856,0.361356,-1.883152,0.942316,-1.403968,1.560418,-0.662473,-0.923799,0.443007,-1.910405,1.488531,-1.929411,-0.134473,-2.105514,0.852664,1.302405,-1.138526,1.677015,1.309865,1.250379,1.180407,-2.019839,1.602943,0.917688,0.937119,0.758224,0.865387,-1.740229,0.6612,1.061871,0.93209,1.045643,-1.65448,0.521222,0.715093,0.958208,0.653562,-1.527879,0.931884,-1.255854,1.433184,0.736695,0.154263,1.030717,-1.21397,1.124497,-1.723858,-1.365436,1.028716,2.062802,1.287637,-1.88791,-0.099817,0.342744,1.336028,1.267607,-1.922833,-0.286512,-2.458877,0.76667,1.301539,-0.598784,1.295413,0.944323,1.033638,0.822077,-1.843568,-1.591496,0.878226,0.849036,0.542327,1.364632,1.333886,1.07864,1.121835,0.66208,-1.790221,-2.256266,0.550003,-0.503565,0.332633,0.99397,1.680478,-2.017863,1.647682,-0.805966,-1.377857,1.197087,0.935841,2.184248,1.227863,1.221828,-1.240152,0.991131,1.45819,1.281496,2.34527,-0.802355,1.147004,1.191722,1.209561,-1.400259,1.068791,-2.054379,0.966606,1.153986,2.354381,1.570009,1.004701,0.908152,1.003349,-0.157684,-1.405834,0.764092,0.825116,0.640162,-1.560135,2.205923,0.590724,0.866448,0.379687,-2.026935,0.525983,0.749352,1.52017,-2.057066,-0.81365,1.107507,-1.860638,1.127911,0.451149,-0.606003,0.906483,0.82013,1.872619,1.438301,-1.097471,1.784294,0.851153,1.348353,1.231657,0.54357,-0.532639,0.935049,1.419533,1.30114,-0.977663,1.558102,1.388519,0.956486,1.072245,-1.277895,2.057488,-1.563186,0.963595,1.000722,-1.211603,-0.736076,-0.962907,0.674939,0.705133,1.57832,-1.923441,0.81134,0.585057,0.467461,-1.485352,1.183996,0.871703,1.778389,1.336227,1.283485,1.075455,1.195919,0.490121,0.510151,0.804531,1.541189,0.755417,1.026727,1.482487,2.046244,0.803155,0.674812,-2.165838,1.140741,-0.936093,1.458285,-2.804826,0.700886,1.14544,-1.162802,1.729601,-1.3622,0.753863,1.038379,-0.317856,1.60821,-1.696465,0.310269,0.656868,-0.293726
432.0,71.0,58.0,7.0,10.0,24860.0,25292.0,-0.24853,-1.914973,1.001682,0.114723,0.186072,0.331305,-1.94272,1.051365,-0.510033,-1.229764,0.481622,-1.879346,0.73987,-2.083863,1.29808,0.635837,-1.772743,0.98416,-0.867284,0.950086,-0.256483,-1.877005,0.962214,-1.073586,-1.609101,0.145932,-0.470992,1.212054,1.192047,1.113644,-1.414185,-1.693232,0.968831,0.99535,1.144591,-1.798445,-1.701162,0.947666,0.638313,1.204434,0.696367,-1.667684,1.09357,0.872603,1.295753,1.260262,-1.743137,1.08594,0.903991,1.482189,-0.755053,-1.717178,1.0539,-1.227801,1.265856,0.361356,-1.883152,0.942316,-1.403968,1.560418,-0.662473,-0.923799,0.443007,-1.910405,1.488531,-1.929411,-0.134473,-2.105514,0.852664,1.302405,-1.138526,1.677015,1.309865,1.250379,1.180407,-2.019839,1.602943,0.917688,0.937119,0.758224,0.865387,-1.740229,0.6612,1.061871,0.93209,1.045643,-1.65448,0.521222,0.715093,0.958208,0.653562,-1.527879,0.931884,-1.255854,1.433184,0.736695,0.154263,1.030717,-1.21397,1.124497,-1.723858,-1.365436,1.028716,2.062802,1.287637,-1.88791,-0.099817,0.342744,1.336028,1.267607,-1.922833,-0.286512,-2.458877,0.76667,1.301539,-0.598784,1.295413,0.944323,1.033638,0.822077,-1.843568,-1.591496,0.878226,0.849036,0.542327,1.364632,1.333886,1.07864,1.121835,0.66208,-1.790221,-2.256266,0.550003,-0.503565,0.332633,0.99397,1.680478,-2.017863,1.647682,-0.805966,-1.377857,1.197087,0.935841,2.184248,1.227863,1.221828,-1.240152,0.991131,1.45819,1.281496,2.34527,-0.802355,1.147004,1.191722,1.209561,-1.400259,1.068791,-2.054379,0.966606,1.153986,2.354381,1.570009,1.004701,0.908152,1.003349,-0.157684,-1.405834,0.764092,0.825116,0.640162,-1.560135,2.205923,0.590724,0.866448,0.379687,-2.026935,0.525983,0.749352,1.52017,-2.057066,-0.81365,1.107507,-1.860638,1.127911,0.451149,-0.606003,0.906483,0.82013,1.872619,1.438301,-1.097471,1.784294,0.851153,1.348353,1.231657,0.54357,-0.532639,0.935049,1.419533,1.30114,-0.977663,1.558102,1.388519,0.956486,1.072245,-1.277895,2.057488,-1.563186,0.963595,1.000722,-1.211603,-0.736076,-0.962907,0.674939,0.705133,1.57832,-1.923441,0.81134,0.585057,0.467461,-1.485352,1.183996,0.871703,1.778389,1.336227,1.283485,1.075455,1.195919,0.490121,0.510151,0.804531,1.541189,0.755417,1.026727,1.482487,2.046244,0.803155,0.674812,-2.165838,1.140741,-0.936093,1.458285,-2.804826,0.700886,1.14544,-1.162802,1.729601,-1.3622,0.753863,1.038379,-0.317856,1.60821,-1.696465,0.310269,0.656868,-0.293726
99.0,65.0,53.3,4.0,4.0,25292.0,25391.0,-0.24853,-1.914973,1.001682,0.114723,0.186072,0.331305,-1.94272,1.051365,-0.510033,-1.229764,0.481622,-1.879346,0.73987,-2.083863,1.29808,0.635837,-1.772743,0.98416,-0.867284,0.950086,-0.256483,-1.877005,0.962214,-1.073586,-1.609101,0.145932,-0.470992,1.212054,1.192047,1.113644,-1.414185,-1.693232,0.968831,0.99535,1.144591,-1.798445,-1.701162,0.947666,0.638313,1.204434,0.696367,-1.667684,1.09357,0.872603,1.295753,1.260262,-1.743137,1.08594,0.903991,1.482189,-0.755053,-1.717178,1.0539,-1.227801,1.265856,0.361356,-1.883152,0.942316,-1.403968,1.560418,-0.662473,-0.923799,0.443007,-1.910405,1.488531,-1.929411,-0.134473,-2.105514,0.852664,1.302405,-1.138526,1.677015,1.309865,1.250379,1.180407,-2.019839,1.602943,0.917688,0.937119,0.758224,0.865387,-1.740229,0.6612,1.061871,0.93209,1.045643,-1.65448,0.521222,0.715093,0.958208,0.653562,-1.527879,0.931884,-1.255854,1.433184,0.736695,0.154263,1.030717,-1.21397,1.124497,-1.723858,-1.365436,1.028716,2.062802,1.287637,-1.88791,-0.099817,0.342744,1.336028,1.267607,-1.922833,-0.286512,-2.458877,0.76667,1.301539,-0.598784,1.295413,0.944323,1.033638,0.822077,-1.843568,-1.591496,0.878226,0.849036,0.542327,1.364632,1.333886,1.07864,1.121835,0.66208,-1.790221,-2.256266,0.550003,-0.503565,0.332633,0.99397,1.680478,-2.017863,1.647682,-0.805966,-1.377857,1.197087,0.935841,2.184248,1.227863,1.221828,-1.240152,0.991131,1.45819,1.281496,2.34527,-0.802355,1.147004,1.191722,1.209561,-1.400259,1.068791,-2.054379,0.966606,1.153986,2.354381,1.570009,1.004701,0.908152,1.003349,-0.157684,-1.405834,0.764092,0.825116,0.640162,-1.560135,2.205923,0.590724,0.866448,0.379687,-2.026935,0.525983,0.749352,1.52017,-2.057066,-0.81365,1.107507,-1.860638,1.127911,0.451149,-0.606003,0.906483,0.82013,1.872619,1.438301,-1.097471,1.784294,0.851153,1.348353,1.231657,0.54357,-0.532639,0.935049,1.419533,1.30114,-0.977663,1.558102,1.388519,0.956486,1.072245,-1.277895,2.057488,-1.563186,0.963595,1.000722,-1.211603,-0.736076,-0.962907,0.674939,0.705133,1.57832,-1.923441,0.81134,0.585057,0.467461,-1.485352,1.183996,0.871703,1.778389,1.336227,1.283485,1.075455,1.195919,0.490121,0.510151,0.804531,1.541189,0.755417,1.026727,1.482487,2.046244,0.803155,0.674812,-2.165838,1.140741,-0.936093,1.458285,-2.804826,0.700886,1.14544,-1.162802,1.729601,-1.3622,0.753863,1.038379,-0.317856,1.60821,-1.696465,0.310269,0.656868,-0.293726
99.0,64.0,51.3,3.0,1.0,25391.0,25490.0,-0.24853,-1.914973,1.001682,0.114723,0.186072,0.331305,-1.94272,1.051365,-0.510033,-1.229764,0.481622,-1.879346,0.73987,-2.083863,1.29808,0.635837,-1.772743,0.98416,-0.867284,0.950086,-0.256483,-1.877005,0.962214,-1.073586,-1.609101,0.145932,-0.470992,1.212054,1.192047,1.113644,-1.414185,-1.693232,0.968831,0.99535,1.144591,-1.798445,-1.701162,0.947666,0.638313,1.204434,0.696367,-1.667684,1.09357,0.872603,1.295753,1.260262,-1.743137,1.08594,0.903991,1.482189,-0.755053,-1.717178,1.0539,-1.227801,1.265856,0.361356,-1.883152,0.942316,-1.403968,1.560418,-0.662473,-0.923799,0.443007,-1.910405,1.488531,-1.929411,-0.134473,-2.105514,0.852664,1.302405,-1.138526,1.677015,1.309865,1.250379,1.180407,-2.019839,1.602943,0.917688,0.937119,0.758224,0.865387,-1.740229,0.6612,1.061871,0.93209,1.045643,-1.65448,0.521222,0.715093,0.958208,0.653562,-1.527879,0.931884,-1.255854,1.433184,0.736695,0.154263,1.030717,-1.21397,1.124497,-1.723858,-1.365436,1.028716,2.062802,1.287637,-1.88791,-0.099817,0.342744,1.336028,1.267607,-1.922833,-0.286512,-2.458877,0.76667,1.301539,-0.598784,1.295413,0.944323,1.033638,0.822077,-1.843568,-1.591496,0.878226,0.849036,0.542327,1.364632,1.333886,1.07864,1.121835,0.66208,-1.790221,-2.256266,0.550003,-0.503565,0.332633,0.99397,1.680478,-2.017863,1.647682,-0.805966,-1.377857,1.197087,0.935841,2.184248,1.227863,1.221828,-1.240152,0.991131,1.45819,1.281496,2.34527,-0.802355,1.147004,1.191722,1.209561,-1.400259,1.068791,-2.054379,0.966606,1.153986,2.354381,1.570009,1.004701,0.908152,1.003349,-0.157684,-1.405834,0.764092,0.825116,0.640162,-1.560135,2.205923,0.590724,0.866448,0.379687,-2.026935,0.525983,0.749352,1.52017,-2.057066,-0.81365,1.107507,-1.860638,1.127911,0.451149,-0.606003,0.906483,0.82013,1.872619,1.438301,-1.097471,1.784294,0.851153,1.348353,1.231657,0.54357,-0.532639,0.935049,1.419533,1.30114,-0.977663,1.558102,1.388519,0.956486,1.072245,-1.277895,2.057488,-1.563186,0.963595,1.000722,-1.211603,-0.736076,-0.962907,0.674939,0.705133,1.57832,-1.923441,0.81134,0.585057,0.467461,-1.485352,1.183996,0.871703,1.778389,1.336227,1.283485,1.075455,1.195919,0.490121,0.510151,0.804531,1.541189,0.755417,1.026727,1.482487,2.046244,0.803155,0.674812,-2.165838,1.140741,-0.936093,1.458285,-2.804826,0.700886,1.14544,-1.162802,1.729601,-1.3622,0.753863,1.038379,-0.317856,1.60821,-1.696465,0.310269,0.656868,-0.293726
